sample	k	n0	r	t_mid	t_gen	auc_l	auc_e	sigma	note	strain	pH	replicate	max.OD	date
A1	0	0.0219904436738854	0	-16.2376652174291	10.0789124906926	1.29173562142529	1.28705	0.00106808168438353	questionable fit	26G3A06	3.2	1	0.0288	2025-10-18
A10	0.187865340242444	0.018825084434886	0.227327194543101	9.65545117505816	3.04911685534625	7.1540025854961	7.1671	0.00576987794854635		26G3A06	5.9	1	0.1915	2025-10-18
A11	0.221048085420701	0.0296959795995244	0.258158359839782	7.21690185983711	2.68496895080262	8.93566880375767	8.9473125	0.00998572480478801		26G3A06	6.2	1	0.2289	2025-10-18
A12	0.207788119216471	0.0169433246548146	0.273854591699169	8.8425998563253	2.53107744609728	8.1134198987284	8.149525	0.0119719787372992		26G3A06	6.5	1	0.223	2025-10-18
A13	0.261730586933109	0.014843340471794	0.37312689807074	7.5346495878343	1.85767143602854	10.6023399805309	10.616025	0.00792719577170753		26G3A06	6.8	1	0.2772	2025-10-18
A14	0.244208761210699	0.0113514255088677	0.402284494740243	7.50981626405298	1.72302733419421	9.90793730200214	9.93366249999999	0.0190496445960772		26G3A06	7.1	1	0.304	2025-10-18
A15	0.241558191691024	0.0203108676683441	0.312588201391729	7.63984399427674	2.21744511620676	9.72970163339075	9.7273625	0.0203430481871589		26G3A06	7.4	1	0.2937	2025-10-18
A16	0.170758756064127	0.0150769855678639	0.373124255168949	6.25701629450969	1.85768459422744	7.11978059675886	7.1209125	0.00673977504672554		26G3A06	7.7	1	0.1841	2025-10-18
A17	0.132875909450281	0.0147649175338205	0.36137909543488	5.75398767711299	1.91806108686453	5.59670498625334	5.6001375	0.00472008737005217		26G3A06	8	1	0.1406	2025-10-18
A18	0.142012593727381	0.0158944954682904	0.306826740571701	6.7505390813054	2.25908334869518	5.83136932989436	5.8279	0.00718824176476232		26G3A06	8.3	1	0.1568	2025-10-18
A19	0.144303848227699	0.00946698507903582	0.386450293111146	6.87347165442849	1.79362570792666	5.93819920570949	5.9553125	0.0119884475048119		26G3A06	8.6	1	0.1652	2025-10-18
A2	0	0	0	0	0	0	0	0	cannot fit data	26G3A06	3.5	1	0.0044	2025-10-18
A20	0.157024993011652	0.0282292896964172	0.135787215433016	11.178278958544	5.10465715310197	5.59167759202052	5.565325	0.0100402447976693		26G3A06	8.9	1	0.1694	2025-10-18
A21	0.150169604335159	0.0225716594118248	0.17298049320038	10.0137831849768	4.00708292441394	5.59413914968932	5.590675	0.00436507493647233		26G3A06	9.2	1	0.1562	2025-10-18
A22	0.116447670732508	0.017109793936888	0.171237645950314	10.2715491221755	4.04786679186811	4.30960655614425	4.3074	0.00206533053987099		26G3A06	9.5	1	0.1162	2025-10-18
A23	0.0953474610917347	0.0190372434497381	0.176889214854396	7.84903478957017	3.91853839777908	3.72771196821946	3.72575	0.00285960136133722		26G3A06	9.8	1	0.0958	2025-10-18
A24	0	0.0148143622805073	0	10.9919409806751	4.92672511957841	3.02646205939385	3.0248875	0.00252699563330706		26G3A06	10.1	1	0.0834	2025-10-18
A3	0.0917318349843029	0.0321379759121095	0.199817684447022	3.09038788866582	3.46889807315188	3.94000992065233	3.9323625	0.00199430474332234		26G3A06	3.8	1	0.0955	2025-10-18
A4	0.0979896716683874	0.029237246538521	0.191344644525931	4.46873519685376	3.62250630153389	4.1038374629508	4.0950875	0.00343484609345534		26G3A06	4.1	1	0.1042	2025-10-18
A5	0.120818571208578	0.0373539045894773	0.200090422595457	4.01811306582082	3.4641697067198	5.11471349313162	5.103	0.00468994429815521		26G3A06	4.4	1	0.1267	2025-10-18
A6	0.139100094351211	0.0461152514623298	0.114651526923362	6.11673293315229	6.04568643052854	5.37480602363437	5.358975	0.00791131108614558		26G3A06	4.7	1	0.1439	2025-10-18
A7	0.1419702239328	0.0395932913429435	0.194418748503279	4.8863688995432	3.56522807546133	5.91061453192953	5.8990625	0.00303453524607094		26G3A06	5	1	0.1462	2025-10-18
A8	0.153460533747716	0.0295208660363867	0.234858943596673	6.1087627234314	2.95133397921733	6.31973306136429	6.307425	0.00383632896722046		26G3A06	5.3	1	0.1593	2025-10-18
A9	0.187578454817127	0.0324190742338216	0.241935471155971	6.47158468524924	2.86500849688588	7.68021815788198	7.6824125	0.00689741477282012		26G3A06	5.6	1	0.1926	2025-10-18
B1	0	0.0184915689414976	0	-85.5741952916316	58.2431580710112	0.952840817235195	0.9488375	0.000729821017079285	questionable fit	26G3A06	3.2	2	0.0218	2025-10-18
B10	0.177379974843163	0.0216437152986732	0.235255667688349	8.38852821728886	2.94635698842411	6.96365647051925	6.97233749999999	0.00493225723211269		26G3A06	5.9	2	0.18	2025-10-18
B11	0.190467924955361	0.0226480201571217	0.230774811549603	8.67867232945128	3.00356514606431	7.42310075299846	7.442725	0.00797570368585679		26G3A06	6.2	2	0.1929	2025-10-18
B12	0.188426662996245	0.019692497650599	0.223488955969045	9.61160137759846	3.10148292363919	7.17811574856483	7.21475	0.0137515913569961		26G3A06	6.5	2	0.2035	2025-10-18
B13	0.276290771407046	0.019226045677199	0.307588064884937	8.43030759272349	2.253491795331	10.9231395553566	10.907975	0.0140582363065935		26G3A06	6.8	2	0.3204	2025-10-18
B14	0.21643302555157	0.00633665908853983	0.46544403775348	7.52231064848143	1.48921701501538	8.79011776422657	8.8335375	0.0173422608098905		26G3A06	7.1	2	0.2578	2025-10-18
B15	0.27598060956914	0.0701001360126766	0.105572410196665	10.2050435206275	6.56560913280963	9.7666848898284	9.7236375	0.0222000805300448		26G3A06	7.4	2	0.3069	2025-10-18
B16	0.152921052827046	0.012145608192666	0.427390007193645	5.73293326833229	1.62181419521559	6.46445589348514	6.471	0.00849738186691757		26G3A06	7.7	2	0.169	2025-10-18
B17	0.171664042485258	0.00802384423687984	0.433929025076028	6.94872269884563	1.5973745486108	7.06237608786639	7.1058625	0.0272174169932329		26G3A06	8	2	0.2055	2025-10-18
B18	0.189228251319465	0.00505065950617933	0.443438746386532	8.11021063064494	1.56311821239849	7.57452366486984	7.63975	0.0319304671410427		26G3A06	8.3	2	0.2381	2025-10-18
B19	0.133114374384732	0.0162498481490547	0.31265285186028	6.31029524502952	2.2169865921124	5.52065491218243	5.5199125	0.00517689618241608		26G3A06	8.6	2	0.1442	2025-10-18
B2	0	0.004815282270147	0	-11.5005971298195	21.3571760366194	0.119015775811749	0.1039625	0.000960025534434182	questionable fit (k < n0)	26G3A06	3.5	2	0.0059	2025-10-18
B20	0.176053874494628	0.00834685441849892	0.28378450169845	10.5725779927206	2.44251245720418	6.59428608350401	6.6334125	0.0168115231894381		26G3A06	8.9	2	0.1894	2025-10-18
B21	0.208638880553708	0.020037751968075	0.174001173368232	12.8850640378806	3.98357762273857	7.24950918200157	7.245375	0.0048186586345166		26G3A06	9.2	2	0.2098	2025-10-18
B22	0.168088054170864	0.0277248182792782	0.0855445019202853	18.9597880571455	8.10276715627914	4.71551431810619	4.6954625	0.00673003954410502		26G3A06	9.5	2	0.1717	2025-10-18
B23	0.127546559705234	0.0174993079129411	0.163029612650909	11.2786166457199	4.25166427920161	4.59560702252403	4.6034375	0.00637680135062842		26G3A06	9.8	2	0.1269	2025-10-18
B24	0.108951453790334	0.0123518982121755	0.133767617306448	15.3756524137079	5.18172629906396	3.48825491343198	3.5015125	0.00863608268986467		26G3A06	10.1	2	0.1085	2025-10-18
B3	0.0902664279631397	0.0311034289558959	0.207418771583308	3.09990390881147	3.34177651940026	3.88718306866861	3.8792625	0.00273491912924762		26G3A06	3.8	2	0.0958	2025-10-18
B4	0.0970019754081411	0.0298224586937388	0.185923144259127	4.36796955215417	3.72813822250061	4.06025246191322	4.0515	0.00322418492105695		26G3A06	4.1	2	0.103	2025-10-18
B5	0.107021028322257	0.0333776916583856	0.22367316136964	3.53795644754826	3.09892870613322	4.6009217265048	4.5915125	0.00335936842982815		26G3A06	4.4	2	0.1124	2025-10-18
B6	0.127499008022255	0.0440884115605742	0.11538096421774	5.52585419956466	6.00746566176965	4.97998288614629	4.9652625	0.00747891757374422		26G3A06	4.7	2	0.1326	2025-10-18
B7	0.126116050631371	0.0363927301291462	0.189489477916978	4.76206750648071	3.65797187358148	5.25175926494454	5.2412875	0.00285543857087934		26G3A06	5	2	0.1296	2025-10-18
B8	0.137454754045824	0.0263103860939601	0.239202841924723	6.02361655526607	2.89773806608066	5.67523999563568	5.665825	0.00291684267044733		26G3A06	5.3	2	0.1423	2025-10-18
B9	0.147917830976115	0.0295007059115426	0.221801800446648	6.26595074655681	3.12507463494046	6.05446760389275	6.0518625	0.00596604134855419		26G3A06	5.6	2	0.1527	2025-10-18
C1	0	0.050475770650724	0	-0.634833260527672	0.826058459634883	3.81700690388621	3.80615	0.00173005769250872	questionable fit	26G3A06	3.2	3	0.0825	2025-10-18
C10	0.178559616864353	0.0590851874558107	0.149614506719072	4.70624223772349	4.63288751712728	7.28840098313445	7.2786625	0.0037604301783274		26G3A06	5.9	3	0.1768	2025-10-18
C11	0.213930055594509	0.0634608946501181	0.199552792591412	4.32634521119736	3.47350278369281	9.00875919049653	9.0072	0.0133365464039168		26G3A06	6.2	3	0.2269	2025-10-18
C12	0.200729358116697	0.055889833600955	0.199788921513757	4.76624979420998	3.46939747863956	8.39067698910371	8.3860625	0.00828090488323618		26G3A06	6.5	3	0.2055	2025-10-18
C13	0.313981586749089	0.0604387891914044	0.265511271050329	5.40052979971749	2.61061301773722	13.1853398746917	13.1675625	0.0216198658739556		26G3A06	6.8	3	0.4071	2025-10-18
C14	0.248378188805411	0.0272469947711347	0.428317005115421	4.88846556905849	1.6183041352121	10.6901899802185	10.704025	0.0194725921890762		26G3A06	7.1	3	0.2806	2025-10-18
C15	0.237251871824921	0.0553995569336113	0.264704614553468	4.49037621387362	2.61856855699029	10.1317847571842	10.1200625	0.0288602972877715		26G3A06	7.4	3	0.3163	2025-10-18
C16	0.196794222524382	0.0405149526887832	0.330191615172337	4.0884547875328	2.09922708121516	8.54345648579248	8.53245	0.00918906300200796		26G3A06	7.7	3	0.2136	2025-10-18
C17	0.166563915466228	0.0366415287382139	0.414182275836584	3.05603368058006	1.67353172986434	7.41939832087459	7.41655	0.00641145898282013		26G3A06	8	3	0.181	2025-10-18
C18	0.178555633076427	0.037175971676414	0.323070214455905	4.13466242352804	2.14550010971238	7.73904028037649	7.7296875	0.0107726417243455		26G3A06	8.3	3	0.1967	2025-10-18
C19	0.181329154131149	0.0380381165997344	0.366598337889037	3.61782617923541	1.89075374577871	7.96754465717743	7.9618625	0.00389259252673888		26G3A06	8.6	3	0.1857	2025-10-18
C2	0.0909578999441706	0.0245073105394528	0.428122581610658	2.32991025340994	1.61903905641283	4.10552322874698	4.100025	0.00327256518826159		26G3A06	3.5	3	0.0975	2025-10-18
C20	0.171230993140169	0.0509749548040479	0.174641114076628	4.91458553323007	3.96898052457344	7.06577793904344	7.046575	0.011214823955926		26G3A06	8.9	3	0.1855	2025-10-18
C21	0.155024828746567	0.0376371132986913	0.308745000936763	3.68424311532545	2.24504746135765	6.76136596488446	6.755025	0.00378495163307008		26G3A06	9.2	3	0.1607	2025-10-18
C22	0.137535958539902	0.0348919677879621	0.202723909180494	5.32255890089595	3.41916838207182	5.6987414225478	5.6934125	0.00189315584218459		26G3A06	9.5	3	0.1379	2025-10-18
C23	0.129724973794288	0.0422577589079488	0.202142251471415	3.59883226345609	3.4290069271241	5.53297945773914	5.5252	0.00231259349360128		26G3A06	9.8	3	0.1303	2025-10-18
C24	0.102535604402891	0.0321251917662049	0.157352604056784	4.9868932969245	4.40505694020678	4.18665184707777	4.1817625	0.0018093178758848		26G3A06	10.1	3	0.1024	2025-10-18
C3	0.154043841474733	0.0689588857012513	0.156684565321838	1.34116445355735	4.42383829661962	6.63532602942583	6.6223625	0.00234114484481215		26G3A06	3.8	3	0.1536	2025-10-18
C4	0.139265115054628	0.0549914417127677	0.175684614920551	2.4298766928113	3.94540626607175	5.97621715528766	5.964925	0.00182731693351782		26G3A06	4.1	3	0.1399	2025-10-18
C5	0.165186119363446	0.0641300677668546	0.173443092668464	2.62196661936664	3.99639541647758	7.06115987563076	7.0499625	0.0032578966258721		26G3A06	4.4	3	0.1643	2025-10-18
C6	0.148267826058463	0.0549851074063189	0.177031731099044	2.98575001120008	3.91538384817662	6.31596197276376	6.305475	0.0023054008880577		26G3A06	4.7	3	0.1478	2025-10-18
C7	0.171239150618391	0.0647526308104831	0.179305611447158	2.77428056220768	3.86573055335872	7.32521925647272	7.3141875	0.00391737372467949		26G3A06	5	3	0.1707	2025-10-18
C8	0.158528531831075	0.0497908764838709	0.173020676601234	4.51452624454467	4.00615229448826	6.58040848378794	6.5723625	0.00324307413005089		26G3A06	5.3	3	0.1575	2025-10-18
C9	0.19251925245093	0.0536043018930119	0.240473652087127	3.95982074150498	2.88242464213422	8.25579409344157	8.2512125	0.00763050054327442		26G3A06	5.6	3	0.199	2025-10-18
D1	0	0.0157	0	-17.7295603995072	9.83463419388036	0.591976399524606	0.5688375	0.000563298845593052	questionable fit (k < n0)	19G1B04	3.2	1	0.0157	2025-10-18
D10	0.217684925752841	0.0293523613929389	0.156551293213861	11.873657009847	4.42760430993727	7.71094333312296	7.6770125	0.0113326062806815		19G1B04	5.9	1	0.2274	2025-10-18
D11	0.188407031178853	0.0295415429418684	0.19455876949426	8.64654086055469	3.56266223497264	7.28738357968233	7.265825	0.00981832199178167		19G1B04	6.2	1	0.1978	2025-10-18
D12	0.153187764663365	0.013378472068995	0.302952326210103	7.74588026618543	2.28797444545527	6.15082718010754	6.1456125	0.0074687197460968		19G1B04	6.5	1	0.169	2025-10-18
D13	0.167820518634327	0.0129827211656587	0.300185775475857	8.25741581142246	2.30906071235774	6.65812859117143	6.6573875	0.00641352978327644		19G1B04	6.8	1	0.1882	2025-10-18
D14	0.132323020119075	0.00785647268001097	0.30059886548893	9.19065094530413	2.30588754695574	5.13485756960114	5.1622	0.00839458666939826		19G1B04	7.1	1	0.1397	2025-10-18
D15	0	0.0140582680117639	0	7.71117074835623	3.49732365566644	3.1154158728557	3.1183125	0.00686161378444841		19G1B04	7.4	1	0.0932	2025-10-18
D16	0	0.0172840033540813	0	1.9150362151892	2.61083671259483	2.04845994722951	2.046375	0.00633056146343498		19G1B04	7.7	1	0.0595	2025-10-18
D17	0	0.019888492668995	0	4.12456771379067	3.52419052039951	2.72871854409733	2.7267375	0.00538076577023278		19G1B04	8	1	0.0756	2025-10-18
D18	0	0.015227498685973	0	3.72352281874957	2.08950345765175	2.95439098271437	2.952825	0.009553226769377		19G1B04	8.3	1	0.0854	2025-10-18
D19	0	0.0130138385449871	0	2.14155982567179	1.53002891796893	2.14726904373381	2.1473	0.0101955321612306		19G1B04	8.6	1	0.0657	2025-10-18
D2	0	0.0000110271141516376	0	5.82155436921939	0.552733825476375	0.692512598573395	0.6920875	0.00219740029367425		19G1B04	3.5	1	0.0208	2025-10-18
D20	0	0.00839741749452856	0	2.03803555617666	1.17151009540068	1.66605652909178	1.6648875	0.00227336672780587		19G1B04	8.9	1	0.0453	2025-10-18
D21	0	0.0126726276556519	0	0.407965728716978	0.851626379423586	1.42965130308092	1.4273375	0.00396592096986067		19G1B04	9.2	1	0.0432	2025-10-18
D22	0	0.00632797453187772	0	2.27261972745364	1.2850301792827	1.26750307718621	1.267475	0.00309168863203057		19G1B04	9.5	1	0.0382	2025-10-18
D23	0	0.00901223301781768	0	0.355018028880138	0.809644430891322	1.00182267185903	1.000175	0.00312562053742668		19G1B04	9.8	1	0.0315	2025-10-18
D24	0	0.00593716678151494	0	0.7861888764286	1.00628625434275	0.754559860227601	0.7534625	0.00245796272747228		19G1B04	10.1	1	0.0269	2025-10-18
D3	0.195246194606759	0.0286951878712547	0.158357911007523	11.1050477955969	4.37709222197946	7.05006673874169	7.027075	0.00531807227898408		19G1B04	3.8	1	0.1993	2025-10-18
D4	0.224662134579399	0.0277391875233841	0.148568706599088	13.1923232013663	4.66549919176722	7.67386535977963	7.6387625	0.00765837662515834		19G1B04	4.1	1	0.2315	2025-10-18
D5	0.241710567371895	0.0352223261144414	0.139877163606003	12.643688762092	4.95539917089225	8.33402516843071	8.3025125	0.00848580188340359		19G1B04	4.4	1	0.2473	2025-10-18
D6	0.238291563759279	0.0318439906628917	0.14668119902384	12.743267857667	4.72553527768265	8.22486435568418	8.188025	0.00992750045445532		19G1B04	4.7	1	0.2473	2025-10-18
D7	0.238259311521276	0.0339616678248071	0.1548506427333	11.5875883034911	4.47623056853408	8.49186629777347	8.46625	0.00978607638839374		19G1B04	5	1	0.248	2025-10-18
D8	0.225344449827091	0.0266226709118296	0.172490434281062	11.653646860119	4.01846736283653	8.07359436467986	8.0441375	0.0118297858428861		19G1B04	5.3	1	0.239	2025-10-18
D9	0.222999124627745	0.031385481638775	0.164082221383161	11.0257871665395	4.22438930139375	8.08664819185844	8.0616875	0.0119406750812989		19G1B04	5.6	1	0.2367	2025-10-18
E1	0	0.0175	0	-15.4123958805974	8.80320294022093	0.646890994115967	0.62955	0.000594905497946831	questionable fit (k < n0)	19G1B04	3.2	2	0.0175	2025-10-18
E10	0.222515020956206	0.0310009888454732	0.149884741691307	12.1489483045494	4.62453464401003	7.80576984817968	7.7748	0.0116947437264121		19G1B04	5.9	2	0.2328	2025-10-18
E11	0.186777901714706	0.0350268756510448	0.185042013167204	7.92320362167661	3.7458908314709	7.31372141428097	7.2936375	0.00917468915249061		19G1B04	6.2	2	0.1974	2025-10-18
E12	0.154648677315759	0.0115225241775713	0.331072707515994	7.60987731709224	2.09364035398919	6.24099810222636	6.240525	0.00754579518837297		19G1B04	6.5	2	0.1703	2025-10-18
E13	0.159413764487771	0.0110419075841184	0.326036616147509	7.96850330984785	2.12597955637702	6.37831390726634	6.37855	0.00711509530309655		19G1B04	6.8	2	0.1742	2025-10-18
E14	0.130143042479988	0.00858231018380036	0.2460250907051	10.7741485030597	2.81738410734209	4.83464376762478	4.85305	0.00780314342989806		19G1B04	7.1	2	0.146	2025-10-18
E15	0	0.0165235823340797	0	6.56708645043594	3.64208305028026	2.99049428257241	2.9918125	0.0075720324173436		19G1B04	7.4	2	0.0894	2025-10-18
E16	0	0.0136774789015762	0	3.065751477116	1.93025242590244	2.42970168314929	2.4293625	0.00676298667424723		19G1B04	7.7	2	0.0661	2025-10-18
E17	0	0.0232872335595214	0	1.3821783096683	4.43151426305711	2.2466671185797	2.2428625	0.00210579570216946		19G1B04	8	2	0.0552	2025-10-18
E18	0	0.0116387795877912	0	3.76241755508634	1.71924875388117	2.84276082285762	2.84475	0.0122622349275269		19G1B04	8.3	2	0.0845	2025-10-18
E19	0	0.015266456648758	0	2.5093228524344	2.04827705234652	2.27452590029327	2.27245	0.00680246748840707		19G1B04	8.6	2	0.065	2025-10-18
E2	0	0.000000208419981683766	0	5.38352459363007	0.346253470233925	0.427513272400583	0.4278375	0.00283084336579824		19G1B04	3.5	2	0.0153	2025-10-18
E20	0	0.00736432052253342	0	1.97107604886082	0.898038223412588	1.88863749184939	1.8891375	0.00764347512389588		19G1B04	8.9	2	0.0584	2025-10-18
E21	0	0.0120572469438383	0	1.21196059595279	1.02239165493436	1.83380560168137	1.8319625	0.00325542204070616		19G1B04	9.2	2	0.0497	2025-10-18
E22	0	0.0129067829366469	0	0.267697510699305	0.88070019431761	1.36064439652134	1.358425	0.00502436392123373		19G1B04	9.5	2	0.0384	2025-10-18
E23	0	0.0114285485486156	0	0.0629484077052038	1.01934943760804	1.10124464514636	1.0991875	0.00315462105129597		19G1B04	9.8	2	0.0378	2025-10-18
E24	0	0.00791593357690686	0	0.270250356040495	0.634548590698281	0.879654227530773	0.8783625	0.00418275714651743		19G1B04	10.1	2	0.0276	2025-10-18
E3	0.198990880825699	0.0286758192370081	0.161051987582743	11.0622403341191	4.30387225245406	7.20087185015769	7.176675	0.00553906058795		19G1B04	3.8	2	0.2045	2025-10-18
E4	0.219604809446485	0.0260402536108132	0.153102067049255	13.1021583235933	4.52735350945296	7.53318689720625	7.497025	0.00766333640656858		19G1B04	4.1	2	0.2275	2025-10-18
E5	0.241539798040222	0.039471463688432	0.130898668232525	12.4755123834304	5.29529589505566	8.31668167537378	8.283375	0.00958036534070756		19G1B04	4.4	2	0.2484	2025-10-18
E6	0.24148764022141	0.0332720710106051	0.144870223473734	12.6586095665482	4.78460765738803	8.34527767060778	8.3106	0.0101101423635951		19G1B04	4.7	2	0.2485	2025-10-18
E7	0.23956359961291	0.0361638415610075	0.149150537256295	11.5796668126405	4.64729925423509	8.51679144875806	8.49166250000001	0.00933434323814627		19G1B04	5	2	0.2478	2025-10-18
E8	0.229131080257612	0.0285579461060943	0.168412581347629	11.5742167459719	4.11576840051627	8.21378106300387	8.1835125	0.011849365275076		19G1B04	5.3	2	0.2412	2025-10-18
E9	0.22583291019249	0.0357702148134116	0.149665081505754	11.1598404781255	4.63132197294329	8.11051584570267	8.0856	0.0117801317684076		19G1B04	5.6	2	0.2365	2025-10-18
F1	0	0.0151	0	-13.5823239861802	8.36507155762449	0.539190355114074	0.522975	0.000528298929209274	questionable fit (k < n0)	19G1B04	3.2	3	0.0151	2025-10-18
F10	0.215933338439456	0.0303815107200345	0.158336377940237	11.4282013892994	4.37768748772041	7.73743429098255	7.7062875	0.0117278450337081		19G1B04	5.9	3	0.2292	2025-10-18
F11	0.178155170699108	0.0282790088727901	0.213542156157779	7.80965033700898	3.2459500879433	7.05164737074515	7.0279125	0.00986159438090929		19G1B04	6.2	3	0.1897	2025-10-18
F12	0.155707466912115	0.0110831478910047	0.340161293507559	7.55145802679948	2.03770150746014	6.29543894352987	6.29335	0.00739834751656552		19G1B04	6.5	3	0.1708	2025-10-18
F13	0.161504968940276	0.0130546648627015	0.316504158705775	7.68111461429332	2.1900097091751	6.50094875742703	6.49245	0.00987455586574842		19G1B04	6.8	3	0.1914	2025-10-18
F14	0.121447209658637	0.01260410427167	0.232566474171176	9.26997305220963	2.98042606110873	4.67075138749221	4.6813875	0.00769806877158615		19G1B04	7.1	3	0.135	2025-10-18
F15	0.0888205948705233	0.0130498189318096	0.253072246510484	6.95034102767249	2.73893004909659	3.60803376147233	3.61055	0.0112190769700233		19G1B04	7.4	3	0.1125	2025-10-18
F16	0	0.0146047964011734	0	3.73260752846577	3.0022763104778	2.11180461665381	2.1126625	0.00670260549765546		19G1B04	7.7	3	0.0579	2025-10-18
F17	0	0.0131936583589914	0	3.20951337884514	1.75149732393211	2.66993976589607	2.6702	0.00983151132347633		19G1B04	8	3	0.0775	2025-10-18
F18	0	0.0103688179306936	0	3.27199193693643	1.48917019347812	2.57761141641386	2.5786	0.0101636293453521		19G1B04	8.3	3	0.0752	2025-10-18
F19	0	0.0073092600604245	0	2.60604703270504	1.02673991147636	2.25727843913225	2.25965	0.0105138259058234		19G1B04	8.6	3	0.073	2025-10-18
F2	0	0.0000000628412461166731	0	5.52396647141386	0.322564695607755	0.383363422929598	0.38375	0.00292969296338829		19G1B04	3.5	3	0.0144	2025-10-18
F20	0	0.00574213727314828	0	2.12454117836166	0.93661269371707	1.53065717791394	1.5314625	0.00571431359557959		19G1B04	8.9	3	0.0472	2025-10-18
F21	0	0.0104051726844994	0	1.12397669033853	0.840442781598009	1.71274442277398	1.7122125	0.0118550507012301		19G1B04	9.2	3	0.0638	2025-10-18
F22	0	0.00761791081902611	0	1.8277850884145	1.1936890565118	1.35910374571375	1.3586375	0.0031349720583291		19G1B04	9.5	3	0.0349	2025-10-18
F23	0	0.0101673197894464	0	0.6595471745236	1.03462377413256	1.21601368331261	1.2144875	0.00378469178710412		19G1B04	9.8	3	0.0382	2025-10-18
F24	0	0.0044936557639441	0	2.1508950678882	1.26476099372337	0.870184408307051	0.867925	0.00295166748695616		19G1B04	10.1	3	0.0264	2025-10-18
F3	0.187786011774124	0.028803065494618	0.154857081429938	11.0315595665815	4.47604445440584	6.78158026579111	6.7587875	0.00547936650356893		19G1B04	3.8	3	0.1913	2025-10-18
F4	0.219579113081531	0.0276892150487385	0.152856925084078	12.6646455159066	4.53461418367982	7.61540487085987	7.5791625	0.00809259732356095		19G1B04	4.1	3	0.2278	2025-10-18
F5	0.236407593121117	0.0386838161518602	0.136717361734359	11.9330101524465	5.06992800158568	8.27685172342612	8.24495	0.00930673147536927		19G1B04	4.4	3	0.2421	2025-10-18
F6	0.239746731548768	0.0337417548876221	0.149214519815148	12.1245857403271	4.64530651185045	8.41254846321063	8.37995	0.0103880555526255		19G1B04	4.7	3	0.2484	2025-10-18
F7	0.231733140880292	0.0388104062496782	0.142273116222141	11.2712886288506	4.87194769444486	8.26748142224407	8.2372875	0.00965520158023705		19G1B04	5	3	0.2392	2025-10-18
F8	0.227913486825432	0.0284092763600828	0.169601118675828	11.4923747684146	4.08692575834249	8.18985128471007	8.1604625	0.0124818473066369		19G1B04	5.3	3	0.2428	2025-10-18
F9	0.226962211895746	0.0389365486781445	0.137037591343315	11.4906069227257	5.05808058770845	8.03066466256814	7.9976625	0.0112370382694945		19G1B04	5.6	3	0.2338	2025-10-18
G1	0	0.00484773948815749	0	-71.9794723108287	43.6994163671202	0.20559388666946	0.18735	0.00127447540612234	questionable fit (k < n0)	39G1A08	3.2	1	0.0084	2025-10-18
G10	0.149424004009855	0.00796803680707874	0.108519405658882	26.5072438031684	6.38731088095685	3.29086343111056	3.3199125	0.00514207366772245		39G1A08	5.9	1	0.1354	2025-10-18
G11	0.106588764743692	0.00912421580948307	0.11811703671996	20.0526259369085	5.86830824585709	2.95131130497856	2.9723	0.00485982979072844		39G1A08	6.2	1	0.0985	2025-10-18
G12	0.149244792237033	0.0312352312671399	0.0517862773132216	25.6673978183783	13.3847655502933	3.4672399711367	3.4668875	0.00613019062554226		39G1A08	6.5	1	0.1145	2025-10-18
G13	0.0866125071911127	0.00987239071937385	0.062415493371622	32.8553448328954	11.105370527682	1.61180660817086	1.6072875	0.00115356481927499		39G1A08	6.8	1	0.066	2025-10-18
G14	0	0.0174	0	-0.143648862846144	0.0864529759945188	0.574140601169523	0.44205	0.00774410872174688	questionable fit (k < n0)	39G1A08	7.1	1	0.0174	2025-10-18
G15	0	0.00755041371721234	0	3.75697074901118	2.93275075005785	1.11325796065729	1.1117625	0.00108877453160467		39G1A08	7.4	1	0.0292	2025-10-18
G16	0	0.00987249566857501	0	-7.01461407061259	4.87036160388361	0.621458070690306	0.6192125	0.000317766272609892	questionable fit	39G1A08	7.7	1	0.0138	2025-10-18
G17	0	0.00852292283780743	0	3.58116827692157	2.90716636503962	1.23097483313424	1.2286625	0.00151829423301981		39G1A08	8	1	0.0324	2025-10-18
G18	0	0.00768027489403622	0	0.882793893023945	3.15729746850536	0.757993621367157	0.7562875	0.00051549958973075		39G1A08	8.3	1	0.0185	2025-10-18
G19	0	0.00308711489531822	0	6.25406105619739	3.76492652819312	0.519881090666957	0.51955	0.000930683881249678		39G1A08	8.6	1	0.015	2025-10-18
G2	0	0	0	0	0	0	0	0	cannot fit data	39G1A08	3.5	1	0	2025-10-18
G20	0	0.00434132587771447	0	-24.9511254274786	11.8161068341878	0.239939584886733	0.239	0.000112099793193823	questionable fit	39G1A08	8.9	1	0.00559999999999999	2025-10-18
G21	0	0.00424362297330128	0	3.69513292178477	3.34524452351912	0.570350427318856	0.5694125	0.000806952553961452		39G1A08	9.2	1	0.0154	2025-10-18
G22	0	0.00387293558647769	0	2.3268201377509	7.00187407874158	0.350616941480977	0.3497625	0.000722547712183921		39G1A08	9.5	1	0.0101	2025-10-18
G23	0	0.00284012516253156	0	4.70848561808783	2.79753610509983	0.50707601057411	0.506775	0.000747836965982489		39G1A08	9.8	1	0.0146	2025-10-18
G24	0	0.000852602979549693	0	8.42932131212743	3.29797280045159	0.228925480756222	0.2290625	0.00053288051773949		39G1A08	10.1	1	0.00700000000000001	2025-10-18
G3	0.121244912626428	0.00883030714467672	0.0889984213992635	28.5848224361299	7.78830870999787	2.49433690187798	2.49835	0.00116207805494365		39G1A08	3.8	1	0.1015	2025-10-18
G4	0.124784587956703	0.00486892481906027	0.118515741649872	27.033670865682	5.84856636688562	2.68167703376222	2.703225	0.00329401131054646		39G1A08	4.1	1	0.1177	2025-10-18
G5	0.116066955336077	0.00869776162010737	0.112687991122697	22.3023551264819	6.15102970293645	2.9797921069016	2.9854625	0.00160081591809116		39G1A08	4.4	1	0.1092	2025-10-18
G6	0.117811737170633	0.00790311452393903	0.110696383953175	23.7802925265649	6.26169668607378	2.87200759727368	2.8797	0.00336079493334099		39G1A08	4.7	1	0.1146	2025-10-18
G7	0.104373038920066	0.00766767129230658	0.13945922841224	18.1748886826341	4.97024964537312	3.08795892149799	3.09595	0.00327772963166509		39G1A08	5	1	0.1071	2025-10-18
G8	0.129135301277737	0.00288004705857187	0.167758903961014	22.5353108646282	4.13180561027644	3.30713794588036	3.334525	0.00437130398443384		39G1A08	5.3	1	0.1375	2025-10-18
G9	0.108215089937881	0.0071603858684109	0.11025138049751	24.0096596610786	6.28697053435626	2.61644996878995	2.6214	0.0019837610859514		39G1A08	5.6	1	0.1041	2025-10-18
H1	0	0.00550348837424132	0	-4.58787175449281	27.5485144447001	0.0744279736457414	0.0596125000000001	0.00064653721544145	questionable fit (k < n0)	39G1A08	3.2	2	0.0058	2025-10-18
H10	0.106084941040318	0.00591819668217545	0.117355359329847	24.1046039063624	5.90639562196504	2.55618537300009	2.5746	0.00330274203424196		39G1A08	5.9	2	0.0995	2025-10-18
H11	0.106206573227106	0.018597897787539	0.0898330755218738	17.2523479417474	7.71594623175478	3.13037538130296	3.1394	0.00606942919160836		39G1A08	6.2	2	0.101	2025-10-18
H12	0.133467530043485	0.0158268315699056	0.0639484140858902	31.3679139565223	10.8391613845023	2.59518679766605	2.6007375	0.00427166513299881		39G1A08	6.5	2	0.0946	2025-10-18
H13	0	0.0093639413706658	0	37.4321509701487	12.6862889683142	1.35910129387097	1.3555375	0.00101831791355546		39G1A08	6.8	2	0.0538	2025-10-18
H14	0	0.019	0	-0.267679854436604	0.156366507436957	0.637320905762328	0.4876875	0.0083257462250909	questionable fit (k < n0)	39G1A08	7.1	2	0.019	2025-10-18
H15	0	0.00827015733249491	0	1.9908840362314	4.0243398902501	0.858627865533654	0.8565625	0.00125337731544966		39G1A08	7.4	2	0.0231	2025-10-18
H16	0	0.00749753779629618	0	1.84163014495784	2.21253889709905	0.936795542836881	0.935425	0.000899842619155906		39G1A08	7.7	2	0.0228	2025-10-18
H17	0	0.00783464797233018	0	4.8654927619577	4.15538683358435	1.04789653067591	1.045825	0.000639250659720838		39G1A08	8	2	0.0267	2025-10-18
H18	0	0.00760531960177944	0	5.70319129406533	4.44635851561147	1.05206183351436	1.049875	0.000544682908752264		39G1A08	8.3	2	0.0275	2025-10-18
H19	0	0.00412563662254973	0	4.1974272321634	3.7378881790416	0.550213588898916	0.5493125	0.000362146535137464		39G1A08	8.6	2	0.014	2025-10-18
H2	0	0	0	0	0	0	0	0	cannot fit data	39G1A08	3.5	2	0	2025-10-18
H20	0	0.00430922132409634	0	4.89197543252116	3.51527593393792	0.650718402087383	0.649625	0.000511452345670404		39G1A08	8.9	2	0.0168	2025-10-18
H21	0	0.0049324565972339	0	7.1726575130063	6.97903747054166	0.557263784315459	0.5564375	0.000444377889918232		39G1A08	9.2	2	0.0154	2025-10-18
H22	0	0.00524006211330035	0	3.25158341259852	3.34651899724299	0.666559222373547	0.66555	0.000557468125074338		39G1A08	9.5	2	0.0166	2025-10-18
H23	0	0.00496102658043819	0	-7.36012696323749	5.11257855801236	0.31158483564536	0.310575	0.000488141855988689	questionable fit	39G1A08	9.8	2	0.0087	2025-10-18
H24	0	0.00287884765371744	0	3.35413738968007	1.6613302396309	0.644656022499544	0.64395	0.000550697275560417		39G1A08	10.1	2	0.0159	2025-10-18
H3	0.118394504030458	0.008785696461012	0.087022713857141	29.0015402132387	7.96512944537487	2.40257041729086	2.4072	0.00130863277665415		39G1A08	3.8	2	0.0975	2025-10-18
H4	0.12490617903385	0.0074260923097093	0.096789158203296	28.5287020726668	7.16141346228116	2.55714976838082	2.5642625	0.00137679022691583		39G1A08	4.1	2	0.1065	2025-10-18
H5	0.0961328455424652	0.00945058606569848	0.115581285088049	19.1741464407388	5.99705376205076	2.73278712512195	2.7380125	0.0023207314917353		39G1A08	4.4	2	0.095	2025-10-18
H6	0.101705939661715	0.00867398791240517	0.107267874254381	22.118592038554	6.46183384706756	2.62418412023246	2.6308875	0.00251201400423512		39G1A08	4.7	2	0.0972	2025-10-18
H7	0.0979201973339977	0.0064989699858676	0.154519124294293	17.1100762422436	4.48583425336915	3.00595775892022	3.0216375	0.0034746856765245		39G1A08	5	2	0.0996	2025-10-18
H8	0.103400683945509	0.00351326465749136	0.162574390362435	20.5905618354661	4.26356930519423	2.83992732400754	2.8676625	0.00375235488411271		39G1A08	5.3	2	0.1058	2025-10-18
H9	0.104194063198288	0.00730736642361864	0.109881972452673	23.5221413040801	6.30810646267284	2.56329486970255	2.570875	0.00254582784874463		39G1A08	5.6	2	0.1002	2025-10-18
I1	0	0.0066	0	-5.68664722795187	16.5331427881867	0.115575651216927	0.0990625	0.000589430401876667	questionable fit (k < n0)	39G1A08	3.2	3	0.0066	2025-10-18
I10	0.106068514316276	0.00613883002480228	0.105157898595058	26.5299387354566	6.59148946318445	2.33669205464166	2.3462125	0.00237195392435421		39G1A08	5.9	3	0.0968	2025-10-18
I11	0	0.00658206940064499	0	18.9939534532258	5.47878986925815	2.27874784083999	2.2983375	0.00486698460431461		39G1A08	6.2	3	0.0777	2025-10-18
I12	0.0919262599230795	0.00649158105130271	0.0947165908496657	27.2100796336902	7.3181179172729	1.98299869198663	1.9960625	0.00380369177651173		39G1A08	6.5	3	0.0787	2025-10-18
I13	0	0.0106436315226166	0	28.4124436146107	11.3659153430191	1.51674438890429	1.513475	0.00130739620762199		39G1A08	6.8	3	0.0538	2025-10-18
I14	0	0.0183	0	-0.150528024544492	0.088113368158108	0.612726223309583	0.4698125	0.00813141403549556	questionable fit (k < n0)	39G1A08	7.1	3	0.0183	2025-10-18
I15	0	0.00735595226070307	0	3.59878464631259	3.17481867999242	1.00747565703593	1.0054875	0.00139609047961355		39G1A08	7.4	3	0.0289	2025-10-18
I16	0	0.00919282251705726	0	2.6909333010778	5.20624976851024	0.928392542796315	0.9256625	0.00225393618007792		39G1A08	7.7	3	0.0285	2025-10-18
I17	0	0.00903727590884223	0	3.83711915603313	3.88496515265838	1.13429538615497	1.132225	0.000467670545783748		39G1A08	8	3	0.0283	2025-10-18
I18	0	0.00702027979999193	0	10.0102535392689	7.29819087079127	0.882145320823591	0.8803125	0.000850001183530295		39G1A08	8.3	3	0.0254	2025-10-18
I19	0	0.00448151699948751	0	5.10099230744664	3.99088119483057	0.63112525930975	0.6300375	0.000346643433012432		39G1A08	8.6	3	0.0165	2025-10-18
I2	0	0	0	0	0	0	0	0	cannot fit data	39G1A08	3.5	3	0	2025-10-18
I20	0	0.00271108682949436	0	7.22288383411646	2.98779908640386	0.691864954679722	0.6922	0.000910593717186877		39G1A08	8.9	3	0.0184	2025-10-18
I21	0	0.00779184799565783	0	2.26891220718849	5.41895650479298	0.757175979135794	0.755375	0.00055552922481659		39G1A08	9.2	3	0.0199	2025-10-18
I22	0	0.00394551949931254	0	7.28336931488826	3.8485112965832	0.736262950416805	0.7356	0.00108681376265411		39G1A08	9.5	3	0.0224	2025-10-18
I23	0	0.00407944915761331	0	4.46093809870773	3.82906512291628	0.551616359046934	0.550775	0.000690616087418473		39G1A08	9.8	3	0.0148	2025-10-18
I24	0	0.00141879315481134	0	7.72657952492241	2.82320307402096	0.434012805065917	0.4338625	0.000546028724494604		39G1A08	10.1	3	0.0121	2025-10-18
I3	0.115019104832799	0.00845727368973985	0.0893732895219845	28.3496170003448	7.75564135847816	2.38651476043139	2.3911875	0.00126923766951144		39G1A08	3.8	3	0.0964	2025-10-18
I4	0.112552733286981	0.00568335111688648	0.103295537653274	28.404579557988	6.7103303425032	2.30414337875657	2.310325	0.00104850550535327		39G1A08	4.1	3	0.098	2025-10-18
I5	0.0883678012571693	0.00901085709890973	0.117635099560094	18.4938489421066	5.89235001417114	2.56672063256825	2.5701125	0.00202570859866014		39G1A08	4.4	3	0.0879	2025-10-18
I6	0.0989994408235181	0.00837726715977862	0.108864662028393	21.8728202011646	6.36705398836552	2.57628977047769	2.58405	0.00267526068141875		39G1A08	4.7	3	0.0961	2025-10-18
I7	0.0981536270433678	0.00680769205213712	0.148041306891506	17.5397034791695	4.68212011305688	2.96878094816416	2.980725	0.00290709678524113		39G1A08	5	3	0.0997	2025-10-18
I8	0.101344998086998	0.00283171515155757	0.170945742031203	20.7627798174655	4.05477885745422	2.76921627381798	2.801675	0.00361371280202287		39G1A08	5.3	3	0.1021	2025-10-18
I9	0.098287914003576	0.0075951915303094	0.109689788059835	22.6088663926684	6.31915871860228	2.495743034609	2.502325	0.00228701318129969		39G1A08	5.6	3	0.0942	2025-10-18
J1	0	0.011	0	-5.7557299819451	8.29479164977364	0.250273904499667	0.2383875	0.000435562386568499	questionable fit (k < n0)	39G3B09	3.2	1	0.011	2025-10-18
J10	0	0.0114572960511057	0	16.0916647117302	6.76946492334543	2.18230605656387	2.183375	0.001739576640727		39G3B09	5.9	1	0.0686	2025-10-18
J11	0	0.0146709072392393	0	8.20156827396409	5.1915090887323	2.21655248391051	2.22005	0.00635511336638726		39G3B09	6.2	1	0.0681	2025-10-18
J12	0	0.012232447046855	0	-1.28928659580052	2.02486830252463	0.939653688373427	0.8853375	0.00643975692963512	questionable fit	39G3B09	6.5	1	0.028	2025-10-18
J13	0	0.0133784279800395	0	5.74474397465605	4.03654873624495	2.00046114289783	1.999525	0.00349798203014056		39G3B09	6.8	1	0.0546	2025-10-18
J14	0	0.00680784260567655	0	5.31868619053869	2.39137178116357	1.6300448216656	1.6348375	0.00774873770269087		39G3B09	7.1	1	0.0513	2025-10-18
J15	0	0.0135372673446975	0	6.16802625146892	4.93972675703101	1.80752599891943	1.8033375	0.00196396182652507		39G3B09	7.4	1	0.0516	2025-10-18
J16	0	0.0129804304692291	0	24.765671023612	11.7079622056932	1.63998667579347	1.638575	0.00320105065794972		39G3B09	7.7	1	0.0531	2025-10-18
J17	0	0.0277090327938683	0	2123.05308467344	124.049528206647	1.53271055232191	1.52745	0.00474113775541739		39G3B09	8	1	0.0436	2025-10-18
J18	0	0.0120080303337407	0	13.2452712095664	14.7356697415138	1.01751854581913	1.0143125	0.00150347503717366		39G3B09	8.3	1	0.0316	2025-10-18
J19	0	0.00937847153985921	0	2.92615026585252	2.8185234759294	1.25037034647093	1.2492	0.00371436687031504		39G3B09	8.6	1	0.0335	2025-10-18
J2	0	0	0	0	0	0	0	0	cannot fit data	39G3B09	3.5	1	0	2025-10-18
J20	0	0.0125886357285622	0	2.97198624041899	4.95202567254749	1.31819864191912	1.3159375	0.000965702778808527		39G3B09	8.9	1	0.0336	2025-10-18
J21	0	0.0127715020461822	0	1.16058668401944	5.30736526361861	1.16906633406364	1.1664875	0.00080702712926787		39G3B09	9.2	1	0.0297	2025-10-18
J22	0	0.0110907047760561	0	3.63406327952852	6.05824966350631	1.12127807764382	1.1190125	0.00115435840908972		39G3B09	9.5	1	0.03	2025-10-18
J23	0	0.0134904984709009	0	0.798238392765634	5.02021100813524	1.22148606118181	1.2188125	0.000737572005057685		39G3B09	9.8	1	0.0298	2025-10-18
J24	0	0.0106162884296542	0	2.26915725457152	4.49152787313343	1.09107363059439	1.0892	0.00109878269491422		39G3B09	10.1	1	0.0291	2025-10-18
J3	0	0.0154901477111306	0	1.74347281994869	8.571968514732	1.30006057991361	1.296675	0.00067752582300453		39G3B09	3.8	1	0.0337	2025-10-18
J4	0	0.0146562872759091	0	10.135721208334	12.1672079134577	1.31035024804534	1.3068875	0.0012125216164563		39G3B09	4.1	1	0.0378	2025-10-18
J5	0	0.0151555618482704	0	11.1009752446292	8.58436724377272	1.75009938490214	1.7464875	0.000666424179686141		39G3B09	4.4	1	0.0504	2025-10-18
J6	0	0.0150100818566466	0	14.8203813218769	10.5067819207355	1.65446919546192	1.6511625	0.000566800415164056		39G3B09	4.7	1	0.0494	2025-10-18
J7	0	0.016564949088497	0	11.9034809891892	8.31544196964435	2.0260738923489	2.02275	0.000677358291242332		39G3B09	5	1	0.0583	2025-10-18
J8	0	0.0118218565719149	0	16.0293846704368	7.28762921844533	2.02213427706998	2.0200625	0.000727218301837568		39G3B09	5.3	1	0.0644	2025-10-18
J9	0	0.0156961100690785	0	17.0765106321209	9.05368577220855	2.14873669557861	2.1462125	0.0013513610756721		39G3B09	5.6	1	0.0679	2025-10-18
K1	0	0.00607473801461517	0	-8.8411685138053	9.44382983882322	0.168389834665089	0.1506375	0.000491843710387894	questionable fit (k < n0)	28G1A05	3.2	1	0.00750000000000001	2025-10-18
K10	0.104749984207964	0.00227442685909788	0.129917654366439	29.3100751643452	5.33528090497147	2.02746568048952	2.0613375	0.0031256575452063		28G1A05	5.9	1	0.0907	2025-10-18
K11	0	0.00384991835667351	0	21.7085263405656	5.97997975432976	1.35047624293509	1.3718625	0.004427183970319		28G1A05	6.2	1	0.0517	2025-10-18
K12	0	0.0057983113659012	0	21.7029947064894	7.90334083957794	1.16113744294937	1.1711	0.00417682647631252		28G1A05	6.5	1	0.044	2025-10-18
K13	0	0.00743801503034327	0	13.9045245143003	11.3123074972677	0.755696154981761	0.754275	0.00114090573532427		28G1A05	6.8	1	0.024	2025-10-18
K14	0	0.0154481865817613	0	-0.360042469991727	0.26613373652139	0.454870338725467	0.3171875	0.00614041699379083	questionable fit (k < n0)	28G1A05	7.1	1	0.0158	2025-10-18
K15	0	0.00854838489104553	0	-6.92269720242448	15.1108550918824	0.560558049476804	0.5583875	0.0011963714104985	questionable fit	28G1A05	7.4	1	0.0186	2025-10-18
K16	0	0.00976547607314443	0	-10.8931067271206	6.35292094033207	0.583229933945781	0.580875000000001	0.000674188695091546	questionable fit	28G1A05	7.7	1	0.0161	2025-10-18
K17	0	0.00962302087701174	0	0.572119806438363	5.21507095917812	0.854401426768176	0.8522125	0.00140470315131825		28G1A05	8	1	0.0215	2025-10-18
K18	0	0.0093435951345681	0	-6.91412686148653	3.81603613557909	0.562070418017304	0.55995	0.000259116660860115	questionable fit	28G1A05	8.3	1	0.0122	2025-10-18
K19	0	0.0069610550248552	0	-2.17262434275411	5.03595709990244	0.535543697731109	0.5342625	0.00170041336415221	questionable fit	28G1A05	8.6	1	0.0165	2025-10-18
K2	0	0	0	0	0	0	0	0	cannot fit data	28G1A05	3.5	1	0	2025-10-18
K20	0	0.00806419623991637	0	-3.10346767694395	2.24684215969871	0.526151658050618	0.524412499999999	0.000346239289495901	questionable fit	28G1A05	8.9	1	0.0119	2025-10-18
K21	0	0.0075812966398815	0	-1.3077366920656	3.17347393035251	0.605966046558743	0.60455	0.00161004698066025	questionable fit	28G1A05	9.2	1	0.0183	2025-10-18
K22	0	0.00740645986656568	0	-1.95862657543767	2.51192469344457	0.545431376036003	0.5438375	0.00128777945838548	questionable fit	28G1A05	9.5	1	0.0144	2025-10-18
K23	0	0.00725861364153485	0	18.0122008336837	16.7098143841961	0.607462372256431	0.605875	0.000569139910322525		28G1A05	9.8	1	0.0186	2025-10-18
K24	0	0.0050721962109844	0	-2.01865418350529	4.83888886217403	0.392996616081673	0.3917375	0.0019884415005092	questionable fit	28G1A05	10.1	1	0.0116	2025-10-18
K3	0	0.00500689303502433	0	412.4875050984	16.5548117551837	0.780169901986396	0.78155	0.00107462921258152		28G1A05	3.8	1	0.0362	2025-10-18
K4	0	0.00267859975200592	0	36.5421876224448	7.46360242002633	1.19059260922869	1.20355	0.00167914042002935		28G1A05	4.1	1	0.0596	2025-10-18
K5	0.0871102440469239	0.00178648416196527	0.140471537852592	27.5230376681961	4.93443149520667	1.82137202660007	1.860325	0.00396428764332548		28G1A05	4.4	1	0.0831	2025-10-18
K6	0	0.00190293428678027	0	26.6204149898609	5.01863714275675	1.67738327404125	1.709675	0.00322603987615445		28G1A05	4.7	1	0.0721	2025-10-18
K7	0.0885360532764976	0.00243391897845037	0.137060263556515	26.0179821677299	5.05724389092639	1.97605345706787	2.0094875	0.00381431441800542		28G1A05	5	1	0.0849	2025-10-18
K8	0	0.00143627921844953	0	26.3886270074216	4.54380943013207	1.79535586463538	1.8182875	0.00226158756531141		28G1A05	5.3	1	0.0784	2025-10-18
K9	0	0.00360385668825078	0	28.3992171173837	6.41053909611461	1.6590850621239	1.6722375	0.00177393311864155		28G1A05	5.6	1	0.071	2025-10-18
L1	0	0.00477615092325373	0	-11.3313991339667	10.5974989643581	0.144455757706014	0.128575	0.000563640539433492	questionable fit (k < n0)	Salt-15	3.2	1	0.0055	2025-10-18
L10	0	0.00408409889841493	0	9.7658813406308	2.42337692777438	2.70627751678037	2.7171375	0.00259948601426992		Salt-15	5.9	1	0.0727	2025-10-18
L11	0	0.0077473280950727	0	8.86766679945466	3.0861560030846	2.50091149601724	2.508875	0.00628484309382193		Salt-15	6.2	1	0.0713	2025-10-18
L12	0	0.00782914030898594	0	10.1545203265228	3.27653829533607	2.81131928368991	2.8219875	0.00689162908075906		Salt-15	6.5	1	0.0816	2025-10-18
L13	0	0.0104474738515457	0	10.9474425429811	4.25004228336535	2.64150193730576	2.636775	0.00143701314837493		Salt-15	6.8	1	0.0731	2025-10-18
L14	0	0.00551030991837585	0	6.69723965792862	2.24318832289604	2.02112708743654	2.0295125	0.00851320477388623		Salt-15	7.1	1	0.0664	2025-10-18
L15	0	0.00841819856357684	0	9.83865391247616	4.17710858293732	1.92059701343291	1.916425	0.00165742576675204		Salt-15	7.4	1	0.0523	2025-10-18
L16	0	0.0107321559578067	0	8.91035660154913	4.44193397735267	2.03932995420934	2.0364875	0.00186240955039382		Salt-15	7.7	1	0.0541	2025-10-18
L17	0	0.0116017855254519	0	10.7748332107848	5.5438799107917	2.0045682934838	2.0016625	0.00103476100965268		Salt-15	8	1	0.0558	2025-10-18
L18	0	0.0123655796616105	0	16.8363529798584	7.92911071664137	1.96838002198702	1.9620375	0.00363022323204282		Salt-15	8.3	1	0.0652	2025-10-18
L19	0	0.00913899260676755	0	12.7702011247375	6.10457690747678	1.62239373642677	1.619175	0.000881270723767458		Salt-15	8.6	1	0.0476	2025-10-18
L2	0	0	0	0	0	0	0	0	cannot fit data	Salt-15	3.5	1	0	2025-10-18
L20	0	0.00752386704699009	0	11.808234889237	5.06904096480839	1.5921289319944	1.5875125	0.00259403421485086		Salt-15	8.9	1	0.0477	2025-10-18
L21	0	0.00871794151205059	0	13.1028964630268	6.84212659132838	1.37485372015013	1.3725625	0.00120653913498854		Salt-15	9.2	1	0.0418	2025-10-18
L22	0	0.00729726500000838	0	10.9175613038027	5.14025571706918	1.39990438918069	1.3994375	0.00179340947661009		Salt-15	9.5	1	0.0431	2025-10-18
L23	0	0.0090280538483077	0	9.16069627996866	7.00896046169871	1.12344036587668	1.1220625	0.00118035489213568		Salt-15	9.8	1	0.0367	2025-10-18
L24	0	0.00652553618615999	0	17.5833189069698	10.340431368579	0.78810687550157	0.7862375	0.00318081282895358		Salt-15	10.1	1	0.0394	2025-10-18
L3	0	0.0108820566235325	0	14.6004259143353	5.71461805541224	2.42764459514975	2.4228625	0.00160318350287424		Salt-15	3.8	1	0.0778	2025-10-18
L4	0	0.00769848316800065	0	11.0035623822841	3.9052488021706	2.25932464406525	2.2596375	0.00177601086751001		Salt-15	4.1	1	0.0642	2025-10-18
L5	0	0.00882021401179493	0	8.77902026731766	3.42204273643509	2.3589131307968	2.3613375	0.00195521770963119		Salt-15	4.4	1	0.0613	2025-10-18
L6	0	0.0065633795787465	0	8.84885499268815	2.97161018140496	2.26309129322301	2.269575	0.00294362513278425		Salt-15	4.7	1	0.0615	2025-10-18
L7	0	0.00512541221027913	0	8.20133467857205	2.36565963441979	2.45343031294206	2.4653	0.00485175573913721		Salt-15	5	1	0.0688	2025-10-18
L8	0	0.00324489775894677	0	8.99261865351914	2.2505969406975	2.14581798673047	2.155325	0.00374739761973543		Salt-15	5.3	1	0.0612	2025-10-18
L9	0	0.00382323474435468	0	9.04847724799319	2.21379839219048	2.6814851176774	2.6961625	0.00440766833835267		Salt-15	5.6	1	0.0752	2025-10-18
M1	0	0.0267	0	-10.9985033363449	7.60623039936035	0.898547607145091	0.8708375	0.00121391330937149	questionable fit (k < n0)	30G3A10	3.2	1	0.0267	2025-10-18
M10	0.224063947177513	0.0328809110233023	0.162278631330732	10.847632752862	4.27133982383225	8.1533482902483	8.12715	0.0062283281182356		30G3A10	5.9	1	0.2334	2025-10-18
M11	0.22212445797983	0.035336104162787	0.178293820150619	9.3389156990442	3.8876680076426	8.4172998379842	8.4005625	0.00549836331906517		30G3A10	6.2	1	0.227	2025-10-18
M12	0.229872035242305	0.0338775188704145	0.158614865838955	11.0666490030843	4.37000136710839	8.30879796709192	8.292875	0.00500273253801673		30G3A10	6.5	1	0.2346	2025-10-18
M13	0.218940901434074	0.0312935732634933	0.19558003290478	9.15815132604466	3.54405902415105	8.37567684172754	8.35845	0.00462708666738313		30G3A10	6.8	1	0.2276	2025-10-18
M14	0.123908603094302	0.0183258153408575	0.323202933732975	5.41822007262461	2.1446190866962	5.23963748072015	5.24135	0.0113903185992789		30G3A10	7.1	1	0.1429	2025-10-18
M15	0.120089903247356	0.0206264269636815	0.363260596407535	4.33082311669362	1.90812652793841	5.20591236964482	5.207875	0.00852706191179094		30G3A10	7.4	1	0.1326	2025-10-18
M16	0.100985992352139	0.0187993618281767	0.283870914146102	5.19662158283239	2.44176893798707	4.26943270738828	4.2725125	0.00748896078469545		30G3A10	7.7	1	0.1139	2025-10-18
M17	0.0891797934719783	0.023207652334484	0.47301747147005	2.20869322099509	1.46537331571659	4.0446422375452	4.0456625	0.0168555235040047		30G3A10	8	1	0.113	2025-10-18
M18	0	0.016340032625384	0	1.27305276223338	0.986788373247511	2.61443267897613	2.6138	0.0125450973849417		30G3A10	8.3	1	0.0749	2025-10-18
M19	0	0.0163895867244586	0	2.2653075745729	1.2945860510556	3.25004519081879	3.249825	0.0102283078400785		30G3A10	8.6	1	0.0974	2025-10-18
M2	0	0.00364635139759613	0	-5.52393051295674	31752.582287773	0.0458265615085961	0.03365	0.00156410159108883	questionable fit (k < n0)	30G3A10	3.5	1	0.00770000000000001	2025-10-18
M20	0	0.0143883628524282	0	1.56326650523734	1.05812272985192	2.51394857985806	2.5130625	0.00779675381979386		30G3A10	8.9	1	0.0724	2025-10-18
M21	0	0.0149180913873096	0	2.09369060995775	1.29982259830343	2.7563483882457	2.7566125	0.0109564088135752		30G3A10	9.2	1	0.0831	2025-10-18
M22	0	0.0153776838233095	0	1.04646237172942	1.07221453981469	2.12237042910702	2.12075	0.0131031039440802		30G3A10	9.5	1	0.0731	2025-10-18
M23	0	0.0168385077436008	0	0.573320783356332	0.953445113049173	1.98908815761894	1.987575	0.0117466444130766		30G3A10	9.8	1	0.0656	2025-10-18
M24	0	0.0148189198264769	0	0.41896557404472	0.76696358979537	1.72099452003528	1.718075	0.008049651230727		30G3A10	10.1	1	0.048	2025-10-18
M3	0.106776964451156	0.0271250422517774	0.231929926481806	4.64454422053709	2.98860604612109	4.5157808766421	4.5098	0.00134628340590727		30G3A10	3.8	1	0.1086	2025-10-18
M4	0.112520986708707	0.0238182771529881	0.23614633910583	5.56789153573846	2.93524423535233	4.68366344151668	4.6772375	0.00109922294519428		30G3A10	4.1	1	0.1135	2025-10-18
M5	0.128072313484303	0.0239869052701981	0.302196523065108	4.85678561867852	2.29369674253534	5.46314102808707	5.4594375	0.00285436022464107		30G3A10	4.4	1	0.1317	2025-10-18
M6	0.142718181794379	0.027742693843356	0.193655422422245	7.34162988573187	3.57928103375598	5.6721642682123	5.6643875	0.00174209400260051		30G3A10	4.7	1	0.1446	2025-10-18
M7	0.183540615007906	0.0405958730854539	0.132223334167683	9.52019346722636	5.24224551531054	6.76058512445276	6.7447375	0.00496598944583074		30G3A10	5	1	0.1843	2025-10-18
M8	0.204640458449977	0.031474526268113	0.146401592383001	11.6465382913768	4.7345603915742	7.25343308820283	7.23535	0.00410599243821699		30G3A10	5.3	1	0.2073	2025-10-18
M9	0.209443004716009	0.0356522468292715	0.158277450411548	10.0079945756274	4.37931732383639	7.75520181494029	7.737875	0.00390693535396294		30G3A10	5.6	1	0.214	2025-10-18
N1	0	0.017219677232494	0	-12.0079414289757	16.889574717857	0.462628190721385	0.404275	0.00175476337111816	questionable fit (k < n0)	Desert-23	3.2	1	0.0189	2025-10-18
N10	0.149103664654522	0.012029856781698	0.280752747768034	8.6664437619165	2.46888832280511	5.84988862091378	5.8664125	0.00723258242269008		Desert-23	5.9	1	0.1545	2025-10-18
N11	0.132528049993071	0.0204114395767222	0.207914080034378	8.19301889782312	3.33381548977027	5.19555481395174	5.203125	0.0121917716065496		Desert-23	6.2	1	0.1501	2025-10-18
N12	0.179378296866706	0.0137240563080551	0.233226348071959	10.67955023367	2.97199345738623	6.66920906700149	6.6909375	0.00935485449244645		Desert-23	6.5	1	0.1861	2025-10-18
N13	0.197684142393693	0.00920508180026144	0.417293522949615	7.23526977807563	1.66105425183807	8.07543355235849	8.08721249999999	0.00527862062326065		Desert-23	6.8	1	0.2093	2025-10-18
N14	0.171514737448207	0.00716586648792533	0.455807035100518	6.87278212431284	1.5207031203612	7.072120150094	7.0850375	0.00844846447154741		Desert-23	7.1	1	0.1946	2025-10-18
N15	0.204936029265969	0.0312596148961321	0.196988998800509	8.7053941348263	3.51871010452667	7.92206473997706	7.877525	0.0342744558836479		Desert-23	7.4	1	0.2785	2025-10-18
N16	0.145916246921966	0.00838430724475476	0.440286309379696	6.35380738766993	1.57431009275872	6.08638698974804	6.09605	0.00348906384839443		Desert-23	7.7	1	0.1518	2025-10-18
N17	0.235407183912102	0.00501689644029671	0.358100735303166	10.6868344352676	1.93562065705654	8.8166430623451	8.881825	0.0148250848983475		Desert-23	8	1	0.2371	2025-10-18
N18	0.142578055339419	0.0171012316510699	0.184159399179798	10.8219867750163	3.76384362485464	5.23111799229834	5.224375	0.00312899021109482		Desert-23	8.3	1	0.1466	2025-10-18
N19	0.158753475679384	0.021705498219099	0.100510962395904	18.3339749061319	6.89623463985649	4.585680685192	4.57365	0.00955329351175871		Desert-23	8.6	1	0.1455	2025-10-18
N2	0	0.00302751386900884	0	-4.61488524021758	36955.9336954831	0.0340606990261765	0.02445	0.00100417635741782	questionable fit (k < n0)	Desert-23	3.5	1	0.005	2025-10-18
N20	0.123463758646326	0.0146991568091384	0.115263017368819	17.3637290103346	6.01361300773526	3.70155492209394	3.6936625	0.00142575696544185		Desert-23	8.9	1	0.1241	2025-10-18
N21	0.123868894167052	0.0172025909955019	0.0901259807671587	20.245497159352	7.69086976540869	3.36358230662848	3.35475	0.0019627206233326		Desert-23	9.2	1	0.1195	2025-10-18
N22	0.102096007266792	0.0142191907762095	0.0840060744045204	21.6810929306323	8.2511554726648	2.64956472330616	2.651	0.0016757438937265		Desert-23	9.5	1	0.0906	2025-10-18
N23	0	0.013763766505091	0	23.0902657082166	9.9627639737345	2.04227959293136	2.0420125	0.00132606823529362		Desert-23	9.8	1	0.0681	2025-10-18
N24	0	0.013049786503463	0	24.7993703872779	12.924802232166	1.47875834684737	1.4775625	0.00126895058734532		Desert-23	10.1	1	0.0462	2025-10-18
N3	0	0.0131585383136203	0	1.07687118819856	0.99074852236622	1.91455384701235	1.912475	0.00335095810901047		Desert-23	3.8	1	0.0464	2025-10-18
N4	0	0.0151519540177962	0	1.95904187297976	1.6782987132564	2.23032339997322	2.2277375	0.00273071754816464		Desert-23	4.1	1	0.0538	2025-10-18
N5	0.122879227996009	0.0263131290334876	0.161991720384951	8.0260874858264	4.27890498917338	4.75484433539373	4.74515	0.00234585019437258		Desert-23	4.4	1	0.127	2025-10-18
N6	0.0877659236093637	0.0248123417844396	0.150846602385215	6.17220714083384	4.59504668716279	3.49628418454636	3.48965	0.00312582817721153		Desert-23	4.7	1	0.0938	2025-10-18
N7	0.121328686309478	0.0186615856859884	0.229292188099131	7.4360341957655	3.02298646240959	4.85747764343268	4.858125	0.00356792542572697		Desert-23	5	1	0.1222	2025-10-18
N8	0.122761691363113	0.0116198701918507	0.266729240340661	8.46585275333995	2.59869214066921	4.83204235503008	4.8419375	0.0045667056295167		Desert-23	5.3	1	0.1231	2025-10-18
N9	0.128080272616556	0.0199411134368775	0.185983621558599	9.09023758180768	3.72692592364403	4.89308253453198	4.8945	0.00426611170755634		Desert-23	5.6	1	0.1274	2025-10-18
O1	0	0	0	0	0	0	0	0	cannot fit data	Desert-21	3.2	1	0.014	2025-10-18
O10	0	0.00392900341432487	0	15.7631631383715	3.66129896127764	2.62684136311282	2.633375	0.00109393787249369		Desert-21	5.9	1	0.0813	2025-10-18
O11	0	0.00459048770558928	0	13.6402628318732	3.44309217064764	2.60718507566408	2.63245	0.00753713611957284		Desert-21	6.2	1	0.0845	2025-10-18
O12	0	0.00491420274478744	0	13.6728173413352	3.77592493267001	2.23011209116863	2.24445	0.00509429554166345		Desert-21	6.5	1	0.0715	2025-10-18
O13	0	0.00624202948929554	0	11.7170548381898	3.97402435129207	1.94806355569168	1.9397625	0.00339144083808743		Desert-21	6.8	1	0.0558	2025-10-18
O14	0	0.00227566769246484	0	5.36026890600488	1.53123226144208	1.19567766354811	1.203925	0.0102417486827313		Desert-21	7.1	1	0.046	2025-10-18
O15	0	0.00607234338183008	0	9.36935658864117	3.17818848070188	2.02584242653641	2.0214875	0.004077554553987		Desert-21	7.4	1	0.0624	2025-10-18
O16	0	0.0107951036161479	0	18.2436715211154	7.16523986570874	2.13245962014597	2.124225	0.00619029211204991		Desert-21	7.7	1	0.0689	2025-10-18
O17	0.0920998554818445	0.00786567131687872	0.087105951332861	27.220791489453	7.95751805650108	1.99545380574225	1.9995625	0.00586805024397429		Desert-21	8	1	0.0744	2025-10-18
O18	0.123238423245859	0.0124727289280817	0.0596129762260523	36.634180531575	11.627454699318	2.04549751146242	2.041225	0.00585698596980293		Desert-21	8.3	1	0.0806	2025-10-18
O19	0.130883094231583	0.00776523673032491	0.0670821377323707	41.1955438229346	10.3328129363633	1.74477470429896	1.7473875	0.00652573034875837		Desert-21	8.6	1	0.0775	2025-10-18
O2	0	0	0	0	0	0	0	0	cannot fit data	Desert-21	3.5	1	0	2025-10-18
O20	0	0.00509409729920337	0	17.3158710848517	5.96667034178165	1.29683246873828	1.29085	0.00644923421200099		Desert-21	8.9	1	0.0685	2025-10-18
O21	0	0.00434269782695022	0	15.2520744400999	5.50111366717048	1.08811898640807	1.0874875	0.00436972379416207		Desert-21	9.2	1	0.0479	2025-10-18
O22	0	0.00241245809375991	0	15.5508457042317	4.45698088881403	0.948165110906888	0.96605	0.00681427249361502		Desert-21	9.5	1	0.047	2025-10-18
O23	0	0.00686937441180256	0	11.0565812821142	8.49251784487911	0.798679099356681	0.798025	0.00289037853242915		Desert-21	9.8	1	0.0448	2025-10-18
O24	0	0.00191679921787221	0	28.2891962838069	7.62731733596109	0.560378650659725	0.56475	0.00209386179824425		Desert-21	10.1	1	0.0261	2025-10-18
O3	0	0.00556348327997633	0	14.8990740637539	4.5549651827603	1.93767840132889	1.93835	0.00120817417417599		Desert-21	3.8	1	0.0611	2025-10-18
O4	0	0.00361524321810561	0	14.3196433743553	3.77113463267605	1.80542710098237	1.8117	0.00123384170330102		Desert-21	4.1	1	0.0531	2025-10-18
O5	0	0.00641660158237953	0	13.1689459603353	4.18476241050957	2.17603127940652	2.180525	0.0020481446239137		Desert-21	4.4	1	0.0656	2025-10-18
O6	0	0.005623352992975	0	14.0115851812669	4.071571021383	2.24729621715787	2.2547625	0.0018905922687142		Desert-21	4.7	1	0.0672	2025-10-18
O7	0	0.00659810842856011	0	12.9359788050716	3.97991376738393	2.40778690846077	2.4166875	0.00238960304103305		Desert-21	5	1	0.0692	2025-10-18
O8	0	0.00364327271841543	0	15.3320212031413	3.66548090253914	2.27546517514759	2.2833	0.00122383067365684		Desert-21	5.3	1	0.0691	2025-10-18
O9	0	0.00417842868741084	0	14.3007216514776	3.60233559737464	2.33921958700547	2.345325	0.00120605337443246		Desert-21	5.6	1	0.0691	2025-10-18
