sample	k	n0	r	t_mid	t_gen	auc_l	auc_e	sigma	note	strain	pH	replicate	max.OD	date
A1	0	0.019	0	-2.34808645462344	1.04455612584519	0.728414316363302	0.67175	0.0031723854944575	questionable fit (k < n0)	26G3B03	3.2	1	0.019	2023-07-12
A10	0.284172470786799	0.0104948778245596	0.357565195850277	9.12019254527801	1.93851971222106	11.076841385858	11.072	0.0226729072629679		26G3B03	5.9	1	0.321	2023-07-12
A11	0.333168876024434	0.0429765449561099	0.175028443995915	10.9118802029844	3.9601973527007	12.1647112077794	12.087625	0.0282034094461427		26G3B03	6.2	1	0.362	2023-07-12
A12	0.34882941587132	0.0178242991008994	0.299573346410023	9.75244034354167	2.31378121206832	13.3522256736932	13.29425	0.0209852444107325		26G3B03	6.5	1	0.374	2023-07-12
A13	0.400845802064994	0.0228391882238259	0.311227122567602	9.01731772910976	2.22714259233427	15.632555174223	15.5935	0.0210916124516538		26G3B03	6.8	1	0.432	2023-07-12
A14	0.399905757458619	0.0136489321231108	0.362168004524016	9.23008430131549	1.91388298221132	15.5478380492806	15.5285	0.0177759271974945		26G3B03	7.1	1	0.431	2023-07-12
A15	0.346072459222208	0.0168033874355868	0.35193504710314	8.45410194074702	1.96953155494288	13.7076519583867	13.701	0.0149166492201148		26G3B03	7.4	1	0.376	2023-07-12
A16	0.271042723148662	0.00709018152578391	0.424845719251775	8.51381622365843	1.63152680879237	10.7410202741908	10.765	0.0140152854822432		26G3B03	7.7	1	0.292	2023-07-12
A17	0.224351403186983	0.0183149684968706	0.286881965221127	8.43669047845449	2.41614065919296	8.85542395934836	8.84025	0.00553315575095097		26G3B03	8	1	0.233	2023-07-12
A18	0.169125189823941	0.00896413746364666	0.351485073503822	8.20219182165413	1.97205296273387	6.73923155878281	6.7425	0.00376715432361552		26G3B03	8.3	1	0.176	2023-07-12
A19	0.152228303456892	0.0113067462863976	0.270294287646646	9.33354478682774	2.56441668299736	5.87384256835769	5.877	0.00437104323357999		26G3B03	8.6	1	0.161	2023-07-12
A2	0	0.02	0	-16.4553972682988	10.8647093210784	0.711121287331713	0.64925	0.00271127721491807	questionable fit (k < n0)	26G3B03	3.5	1	0.02	2023-07-12
A20	0	0.0154688489089289	0	11.5907104345495	6.63061058190212	2.31466990706844	2.3125	0.000799850020711519		26G3B03	8.9	1	0.066	2023-07-12
A21	0	0.0201241161733399	0	6.93255535717921	8.51803101299234	2.00680123304268	2.0035	0.000990278619782311		26G3B03	9.2	1	0.052	2023-07-12
A22	0.240569549786923	0.0296425556442318	0.0680772021493499	28.8246430934403	10.1817812523978	5.0347181551426	5.03325	0.0130762744962105		26G3B03	9.5	1	0.184	2023-07-12
A23	0.140052790134359	0.0315486371782815	0.193798839026562	6.37391876085685	3.57663226488648	5.6742905759776	5.656	0.00774623099851004		26G3B03	9.8	1	0.152	2023-07-12
A24	0.113847277903348	0.0156158916521042	0.364340734608919	5.04757364140595	1.90246962449578	4.86722387822523	4.8625	0.0069490633621		26G3B03	10.1	1	0.128	2023-07-12
A3	0	0.0375265711446319	0	-10.2331529104042	20.1673053301147	2.32498606044435	2.3185	0.00110199453151787	questionable fit	26G3B03	3.8	1	0.057	2023-07-12
A4	0.154281029060653	0.029107224601391	0.046096442900036	31.6448884987962	15.0368908521443	3.13567570054305	3.13075	0.00114765458092362		26G3B03	4.1	1	0.105	2023-07-12
A5	0.188202272947172	0.0243833692479515	0.136373728312056	13.9679415076695	5.08270316533298	6.26483719495139	6.267125	0.00356951416833564		26G3B03	4.4	1	0.189	2023-07-12
A6	0.179202331621502	0.0141499230423937	0.138668719762159	17.7152703944969	4.99858354320147	5.37619451843278	5.391875	0.00451303115157642		26G3B03	4.7	1	0.178	2023-07-12
A7	0.200171976472609	0.0132241748930386	0.254623810627669	10.4027304027995	2.72224022903153	7.5132201355546	7.559125	0.00964899187441095		26G3B03	5	1	0.203	2023-07-12
A8	0.194189981548422	0.00444942274522906	0.375931623687088	9.98288799080445	1.84381184472231	7.41032415585134	7.472	0.013121777196648		26G3B03	5.3	1	0.228	2023-07-12
A9	0.231749013893014	0.0135726218312833	0.351441726720342	7.90244583743146	1.97229619552693	9.30021634376154	9.3255	0.0151741950465037		26G3B03	5.6	1	0.266	2023-07-12
B1	0	0.015	0	-16.8054470713628	12.7128299461664	0.513325310206257	0.448	0.00324758285122961	questionable fit (k < n0)	26G3B03	3.2	2	0.015	2023-07-12
B10	0.254374473903523	0.00653211503699907	0.393916846027947	9.2305321408191	1.75962817419281	9.89724013639833	9.93475	0.0184242213869618		26G3B03	5.9	2	0.29	2023-07-12
B11	0.285232277617821	0.0230277771281427	0.239795122806366	10.1437573816594	2.89058081101866	10.7562153365699	10.7375	0.0249847655053265		26G3B03	6.2	2	0.326	2023-07-12
B12	0.306870661231434	0.0310556518951105	0.172856478867791	12.6344675180817	4.00995777016897	10.7298401151289	10.6685	0.0226828598186666		26G3B03	6.5	2	0.341	2023-07-12
B13	0.369854448531598	0.0163456438507353	0.355149567258556	8.65535888222412	1.95170498421393	14.5804360985065	14.552375	0.0182060805783421		26G3B03	6.8	2	0.394	2023-07-12
B14	0.384131687833428	0.0092410999436168	0.405445513719351	9.13309722856837	1.70959390868915	14.9855782836667	14.990375	0.0112061300938443		26G3B03	7.1	2	0.401	2023-07-12
B15	0.337032164771242	0.0121727255612942	0.392303490356891	8.37156649243039	1.76686467899984	13.3934517881676	13.402375	0.0123801122121252		26G3B03	7.4	2	0.352	2023-07-12
B16	0.266101082148674	0.00710141013027079	0.41559286058035	8.6539826890047	1.66785151119297	10.5071750706982	10.525125	0.012714063600707		26G3B03	7.7	2	0.286	2023-07-12
B17	0.213677819492402	0.0168998711882345	0.307179752053249	7.99131424102596	2.25648720635659	8.53540249914477	8.523	0.00618414546561729		26G3B03	8	2	0.223	2023-07-12
B18	0.152044337045808	0.011575659131033	0.307863960524401	8.107736884698	2.25147230412833	6.05741341690218	6.052	0.00506410059529486		26G3B03	8.3	2	0.159	2023-07-12
B19	0.146733512766327	0.0108676676777968	0.266029077950765	9.4947359594086	2.60553164300419	5.63762750641763	5.64225	0.00229585059878154		26G3B03	8.6	2	0.15	2023-07-12
B2	0	0.023	0	-11.1338562395883	10.4628689250468	0.692712295541481	0.621125	0.00332602407429008	questionable fit (k < n0)	26G3B03	3.5	2	0.023	2023-07-12
B20	0	0.0167458868238358	0	15.7300385434494	8.05494426417797	2.48758033915422	2.482125	0.00226332630744553		26G3B03	8.9	2	0.079	2023-07-12
B21	0	0.0195997932832299	0	4.4380818912577	8.72452329904915	1.77831203880565	1.775125	0.00109336336748961		26G3B03	9.2	2	0.045	2023-07-12
B22	0.147814920927175	0.00821879989312787	0.0944771370061095	29.978990615091	7.33666580640692	2.86179411115986	2.884875	0.00399248535291384		26G3B03	9.5	2	0.121	2023-07-12
B23	0	0.0105415956299099	0	1.56882907521704	1.00453160462358	1.92531494894751	1.9245	0.0117720293318594		26G3B03	9.8	2	0.066	2023-07-12
B24	0.0920494523824413	0.00807696007207361	0.294242583318031	7.9576303105952	2.35569975203338	3.67599526800369	3.651375	0.00800735583984272		26G3B03	10.1	2	0.105	2023-07-12
B3	0.052	0.0308448287338361	0.0109291676164618	1443.07923797969	63.4217723512548	1.95742099520205	1.9515	0.00109882393985381		26G3B03	3.8	2	0.052	2023-07-12
B4	0.227491260488551	0.0226974060639315	0.0381344423877457	57.6841589817787	18.1764079178639	2.52662583981332	2.524125	0.00229255662906611		26G3B03	4.1	2	0.091	2023-07-12
B5	0.17907312414255	0.0171908486171567	0.134190383359839	16.7112734574751	5.16540129929603	5.52430324027753	5.5355	0.00446922149777392		26G3B03	4.4	2	0.178	2023-07-12
B6	0.164287753094986	0.0150895817687794	0.113954610258332	20.1068729853449	6.08266027138875	4.53472829295265	4.546	0.00468641308297332		26G3B03	4.7	2	0.161	2023-07-12
B7	0.171591357010537	0.00376024221860539	0.330261769369036	11.501406404907	2.09878116345165	6.28646234738494	6.380625	0.0107495376498231		26G3B03	5	2	0.179	2023-07-12
B8	0.173460392303208	0.00148563735119716	0.431595887463988	11.0091498960347	1.60600969724898	6.44850158982383	6.56175	0.0107824827688054		26G3B03	5.3	2	0.181	2023-07-12
B9	0.211873303390685	0.00329396941401342	0.467954036800103	8.86460163817241	1.48122919357578	8.32802692918941	8.393375	0.0104727397958491		26G3B03	5.6	2	0.229	2023-07-12
C1	0	0.00600000000000001	0	-8.83649306954056	5.57520639480112	0.205837258134584	0.203	0.000221193046177545	questionable fit (k < n0)	35G1A08	3.2	1	0.00600000000000001	2023-07-12
C10	0	0.00509277932485391	0	18.0298690717513	5.13733176108734	1.87242892682051	1.866375	0.00256198404186717		35G1A08	5.9	1	0.07	2023-07-12
C11	0.104	0.00738252823705595	0.0520834583087784	373.103796036916	13.3083939328798	1.60357485783494	1.611375	0.00526750061585772		35G1A08	6.2	1	0.104	2023-07-12
C12	0	0.00897712445827335	0	10.6868623866666	6.12808414729706	1.37963446462578	1.37925	0.000952734620489605		35G1A08	6.5	1	0.038	2023-07-12
C13	0.066	0.00531712781050069	0.0481973870363155	395.863090732506	14.3814265291535	1.01601640033184	1.020625	0.00361876872218507		35G1A08	6.8	1	0.066	2023-07-12
C14	0.102516417244012	0.00119034716528803	0.154060256936638	28.8464969588439	4.49919527815031	2.00965795766831	2.00975	0.00170582261548715		35G1A08	7.1	1	0.098	2023-07-12
C15	0	0.00776063030733083	0	21.6195584120448	8.6527422572369	1.33967154683743	1.3365	0.00119001816739234		35G1A08	7.4	1	0.05	2023-07-12
C16	0	0.00854365181758591	0	2.24684026235601	3.78591277760421	0.925601671151059	0.9245	0.00248424281952063		35G1A08	7.7	1	0.029	2023-07-12
C17	0	0.00228572486060831	0	5.99884565984667	2.71228371670901	0.533509297765078	0.535375	0.00295660195489042		35G1A08	8	1	0.027	2023-07-12
C18	0	0.00369402835128282	0	14.820243710078	5.67899089421644	0.84704341446406	0.850875	0.00298346420329887		35G1A08	8.3	1	0.033	2023-07-12
C19	0	0.000892224829798205	0	11.6750249187482	3.56984152234545	0.342312560575859	0.346	0.00245656149673168		35G1A08	8.6	1	0.018	2023-07-12
C2	0	0	0	0	0	0	0	0	cannot fit data	35G1A08	3.5	1	0.00799999999999999	2023-07-12
C20	0	0.00295600862893019	0	15.809410163946	6.55627454702399	0.580401093273936	0.581125	0.00413088429915403		35G1A08	8.9	1	0.02	2023-07-12
C21	0	0.00238308620688525	0	0.0617363604736936	11.6651145755702	0.178798664840473	0.17825	0.000693352715548339		35G1A08	9.2	1	0.00800000000000001	2023-07-12
C22	0	0.00214164792087045	0	-13.5133150076721	14.8273704586007	0.1320216455871	0.1315	0.000342212135954161	questionable fit	35G1A08	9.5	1	0.003	2023-07-12
C23	0.005	0.0033389323165788	0.00302582751148101	3206.4563953121	229.076898114619	0.173281798309205	0.17275	0.000580773830327773		35G1A08	9.8	1	0.005	2023-07-12
C24	0	0	0	0	0	0	0	0	cannot fit data	35G1A08	10.1	1	0	2023-07-12
C3	0.139243580795277	0.0055636512507232	0.135426182887218	23.4754734790773	5.11826565426563	3.43695354124145	3.45175	0.00377273218251614		35G1A08	3.8	1	0.13	2023-07-12
C4	0.144033499465771	0.00767009688120841	0.120576195348864	23.8686761105435	5.74862375242855	3.501715152698	3.506	0.00570672877585415		35G1A08	4.1	1	0.13	2023-07-12
C5	0.150015009045531	0.00643469800534564	0.156090653364843	19.8935013762616	4.44067063349268	4.21648056173344	4.229	0.00662684620504559		35G1A08	4.4	1	0.147	2023-07-12
C6	0.161078612277246	0.00571526555515735	0.133115055914474	24.8103098543899	5.20712834320778	3.77721195942071	3.78525	0.00824323500692505		35G1A08	4.7	1	0.147	2023-07-12
C7	0.166048483117098	0.00874249816436774	0.133462273541161	21.6540360109711	5.19358139321799	4.37686872501638	4.38	0.00532765691034227		35G1A08	5	1	0.159	2023-07-12
C8	0.165644681596929	0.00980073238768353	0.122309337812373	22.6180446576433	5.66716485394812	4.21367664501183	4.2085	0.00440716186427089		35G1A08	5.3	1	0.157	2023-07-12
C9	0.182378391782874	0.00890578743772604	0.090472467228626	32.8201323402009	7.66141569686993	3.15247067042928	3.139	0.00379951739934154		35G1A08	5.6	1	0.14	2023-07-12
D1	0	0.00465649395179978	0	-140.637339049566	49.7586374063981	0.214988681971632	0.20775	0.000541359252293007	questionable fit (k < n0)	35G1A08	3.2	2	0.00600000000000001	2023-07-12
D10	0	0.00418226409503609	0	18.2101264424192	5.23915375172984	1.49525307819714	1.485125	0.00281419246683641		35G1A08	5.9	2	0.057	2023-07-12
D11	0.136447831224013	0.00867979897883306	0.0825695223500382	32.5691359947919	8.39470982551499	2.42628805103612	2.40825	0.00335445160715836		35G1A08	6.2	2	0.115	2023-07-12
D12	0	0.00663537049004724	0	10.8014133929543	5.31896217846282	1.20757876254917	1.20875	0.00117169266630207		35G1A08	6.5	2	0.034	2023-07-12
D13	0	0.00487888486656459	0	13.2511580143595	5.37079328202943	1.0752436262209	1.075125	0.000975469252086135		35G1A08	6.8	2	0.031	2023-07-12
D14	0	0.000246557545838872	0	6.04130622329415	1.10177848048369	0.475018960254234	0.47525	0.00144323026271734		35G1A08	7.1	2	0.018	2023-07-12
D15	0	0.00472797163059145	0	2.02622850342034	4.65613860176517	0.472248046869554	0.47125	0.000400754533490899		35G1A08	7.4	2	0.012	2023-07-12
D16	0	0.0000373978371408507	0	8.59682337003464	1.14437582305911	0.271838346743933	0.27725	0.00179251836064484		35G1A08	7.7	2	0.014	2023-07-12
D17	0	0.00385717221218109	0	3.63260804828485	2.55951516285238	0.615100003130806	0.615875	0.00247662148667912		35G1A08	8	2	0.021	2023-07-12
D18	0	0.00173471708177086	0	8.84172217616857	3.23547730663385	0.513512626165218	0.517125	0.00360772342386536		35G1A08	8.3	2	0.026	2023-07-12
D19	0	0.00587407727599072	0	2.44607078577186	4.47978050163043	0.612592764360819	0.612375	0.00348526600828984		35G1A08	8.6	2	0.025	2023-07-12
D2	0	0.00599999999999999	0	-25.2084066693133	9.75194288593381	0.253466933378149	0.251875	0.000249969098323705	questionable fit (k < n0)	35G1A08	3.5	2	0.00599999999999999	2023-07-12
D20	0	0.00662758831963009	0	8.41132442216866	4.90465837431224	1.07686151772104	1.077125	0.00491313193407775		35G1A08	8.9	2	0.034	2023-07-12
D21	0	0.00276357354450387	0	13.7775669539829	20.5262395162427	0.200977439887713	0.200125	0.000705035534462865		35G1A08	9.2	2	0.00800000000000001	2023-07-12
D22	0.00900000000000001	0.000608428915804903	0.0356328092421918	416.742961328513	19.4524988430946	0.0780586413743433	0.079375	0.00127144959658651		35G1A08	9.5	2	0.00900000000000001	2023-07-12
D23	0	0.002	0	-11.5828757402536	10.4593678018444	0.0614420607612097	0.0616250000000001	0.00057332798879244	questionable fit (k < n0)	35G1A08	9.8	2	0.002	2023-07-12
D24	0	0	0	0	0	0	0	0	cannot fit data	35G1A08	10.1	2	0	2023-07-12
D3	0.136153461756113	0.00857215718138249	0.116461778909819	23.1855846229718	5.95171383305658	3.39220314010764	3.384125	0.00326100432502352		35G1A08	3.8	2	0.126	2023-07-12
D4	0.143841020307617	0.0121453238679606	0.118072453339169	20.1871785919523	5.87052408040378	3.96637925892093	3.965125	0.00333612740540352		35G1A08	4.1	2	0.134	2023-07-12
D5	0.14330895191584	0.00674470775940208	0.158112383859482	19.0246767641741	4.38388925421529	4.14700983607716	4.152	0.00602403193883592		35G1A08	4.4	2	0.142	2023-07-12
D6	0.154231217045329	0.00608790542928962	0.126636404115125	25.2050432321684	5.47352228929217	3.56265911559957	3.564625	0.00696547860952761		35G1A08	4.7	2	0.14	2023-07-12
D7	0.162007830282544	0.0120804563847571	0.115739040787593	21.7606955587734	5.9888796022772	4.23976792165354	4.238	0.0043808657323776		35G1A08	5	2	0.152	2023-07-12
D8	0.195180890674977	0.0111148245824087	0.0973883154644386	28.8229133997906	7.11735465650444	3.94806436048188	3.926125	0.00512892910548057		35G1A08	5.3	2	0.172	2023-07-12
D9	0.152138964331172	0.0133929403790869	0.0884447002999566	26.4336625862046	7.83706856611154	3.38783069427529	3.37	0.00380107195253817		35G1A08	5.6	2	0.143	2023-07-12
E1	0	0.004	0	-22.374721225646	11.187360612823	0.15792904724692	0.153875	0.000248660511498518	questionable fit (k < n0)	23G4B03	3.2	1	0.004	2023-07-12
E10	0.133210827585248	0.000799722872485801	0.198079028931128	25.7947626294946	3.49934662089317	2.98909449891571	2.985375	0.00433638084636855		23G4B03	5.9	1	0.14	2023-07-12
E11	0.124660374296031	0.000947272766336053	0.182758903173052	26.6588018322289	3.79268625782686	2.69388770754157	2.682875	0.00433960949850543		23G4B03	6.2	1	0.129	2023-07-12
E12	0.125841758747022	0.00260870056502809	0.141762424176695	27.1949717094826	4.8894986424329	2.66935842366422	2.703875	0.00445051919841539		23G4B03	6.5	1	0.122	2023-07-12
E13	0	0.000380953536450476	0	33.9062317386538	4.62809541214907	0.92261543654662	0.931375	0.00266693078386354		23G4B03	6.8	1	0.053	2023-07-12
E14	0	0.000875883554968933	0	11.0867749300912	3.79306890986702	0.274015535522923	0.274	0.00177738189943318		23G4B03	7.1	1	0.015	2023-07-12
E15	0	0.00248735379515511	0	9.88186006854096	5.36732748336096	0.415745440279395	0.417	0.003349358388		23G4B03	7.4	1	0.022	2023-07-12
E16	0	0	0	0	0	0	0	0	cannot fit data	23G4B03	7.7	1	0.003	2023-07-12
E17	0	0.0000000475788051661823	0	18.6701734671503	1.28230814492226	0.0339392889804984	0.038875	0.00095174816829213		23G4B03	8	1	0.005	2023-07-12
E18	0	0	0	0	0	0	0	0	cannot fit data	23G4B03	8.3	1	0.003	2023-07-12
E19	0	0.0000148054412597363	0	26.5842661429385	2.7807761780643	0.242087977966941	0.24475	0.00180407572338533		23G4B03	8.6	1	0.013	2023-07-12
E2	0	0	0	0	0	0	0	0	cannot fit data	23G4B03	3.5	1	0.00499999999999999	2023-07-12
E20	0	0.00323053412574931	0	0.3304018819665	0.515743708864601	0.392727508107638	0.391875	0.000847384230350278		23G4B03	8.9	1	0.01	2023-07-12
E21	0.00900000000000001	0.00209978280975026	0.0144954808656429	910.197376463517	47.818157050784	0.14648557930008	0.146	0.00150794167960937		23G4B03	9.2	1	0.00900000000000001	2023-07-12
E22	0	0.00295681349827588	0	-4.16394216046264	10.7050581590829	0.208350875436465	0.207625	0.000993885177869837	questionable fit	23G4B03	9.5	1	0.00700000000000001	2023-07-12
E23	0	0	0	0	0	0	0	0	cannot fit data	23G4B03	9.8	1	0.002	2023-07-12
E24	0	0	0	0	0	0	0	0	cannot fit data	23G4B03	10.1	1	0	2023-07-12
E3	0.019	0.00414164683629949	0.0304756437790605	587.834540016921	22.7442998607367	0.454612329628843	0.453875	0.000421819299151551		23G4B03	3.8	1	0.019	2023-07-12
E4	0.079	0.000496994335325341	0.10578705331251	211.416608882277	6.55228743835307	0.765452466508382	0.7995	0.00188807160090646		23G4B03	4.1	1	0.079	2023-07-12
E5	0.108851623423221	0.000248301917295735	0.213455270776047	28.4875226294529	3.24727132780516	2.15260927314404	2.193375	0.00256540456435927		23G4B03	4.4	1	0.109	2023-07-12
E6	0.109575293179427	0.000158980855734664	0.223566041073704	29.2268514612087	3.10041353879604	2.08578574018148	2.135125	0.00331471204360486		23G4B03	4.7	1	0.112	2023-07-12
E7	0.119461015485808	0.00055073812802976	0.206705581037639	26.0025155562088	3.35330655844136	2.65546962275122	2.68425	0.00417310959257478		23G4B03	5	1	0.126	2023-07-12
E8	0.115034589482979	0.00017009412870192	0.268324032518764	24.2809276832754	2.58324673363528	2.75212763099376	2.79375	0.00416941038724046		23G4B03	5.3	1	0.124	2023-07-12
E9	0.126481506756474	0.000320166627108216	0.254697777967581	23.4649682527463	2.72144965728037	3.12877272689026	3.149875	0.00311512530403618		23G4B03	5.6	1	0.128	2023-07-12
F1	0	0.000789648001087391	0	0.324996365998755	0.527467272527579	0.0949950742848486	0.0768750000000001	0.000636450198956046		23G4B03	3.2	2	0.003	2023-07-12
F10	0.136795974386322	0.00107468748537197	0.186835769543586	25.8974688074283	3.70992761318247	3.05701952315416	3.053	0.00423749664689979		23G4B03	5.9	2	0.14	2023-07-12
F11	0.149945696115802	0.000537281283012143	0.207916443168353	27.0681675131227	3.33377759833402	3.17559396898106	3.184	0.00320252012464682		23G4B03	6.2	2	0.154	2023-07-12
F12	0.114077286164455	0.00185299187741145	0.145736496547854	28.1583407702651	4.75616744589674	2.31507633412299	2.352375	0.00423344906028924		23G4B03	6.5	2	0.111	2023-07-12
F13	0	0.0000438769791774468	0	29.399821944012	2.83710815379868	1.08935542764445	1.098375	0.00186183635111248		23G4B03	6.8	2	0.061	2023-07-12
F14	0	0.000141720940955014	0	13.718550655584	2.33437179393821	0.291591651701034	0.292375	0.00246550225888184		23G4B03	7.1	2	0.016	2023-07-12
F15	0	0.00261417514967766	0	11.545098901514	7.91473707012218	0.328947782018565	0.328	0.00261144620192518		23G4B03	7.4	2	0.018	2023-07-12
F16	0	0	0	0	0	0	0	0	cannot fit data	23G4B03	7.7	2	0	2023-07-12
F17	0	0.0000262490332097735	0	22.5442664791524	4.55231209363047	0.0214605725686444	0.02225	0.000892054979443148		23G4B03	8	2	0.004	2023-07-12
F18	0	0	0	0	0	0	0	0	cannot fit data	23G4B03	8.3	2	0.002	2023-07-12
F19	0	0.000239582101463196	0	23.1254455696121	4.13646260532316	0.295154296286354	0.291	0.00182984322270782		23G4B03	8.6	2	0.014	2023-07-12
F2	0	0.00322788884346969	0	-34.2102535780733	24.5338391607377	0.123037211626531	0.117999999999999	0.000332018794154002	questionable fit (k < n0)	23G4B03	3.5	2	0.00399999999999999	2023-07-12
F20	0	0.00305448599512804	0	0.279010918532586	0.662631782508108	0.33858034007718	0.33775	0.00101224264369142		23G4B03	8.9	2	0.01	2023-07-12
F21	0	0.00237908140849905	0	7.82736287763628	9.47422859422438	0.230626445410538	0.23075	0.00249500604003907		23G4B03	9.2	2	0.015	2023-07-12
F22	0.00900000000000001	0.00403420844871257	0.00394886025725142	2522.28450839145	175.530947008595	0.214208174131931	0.2135	0.000974044703035715		23G4B03	9.5	2	0.00900000000000001	2023-07-12
F23	0	0.00345782089571781	0	-7.15152058332892	14.5213447485567	0.0726486363401961	0.0576250000000001	0.000726450287724587	questionable fit (k < n0)	23G4B03	9.8	2	0.004	2023-07-12
F24	0	0	0	0	0	0	0	0	cannot fit data	23G4B03	10.1	2	0	2023-07-12
F3	0.033	0.00448349199979702	0.0395543339066064	483.912725101483	17.5239249938216	0.649596271001582	0.64975	0.00067985442524752		23G4B03	3.8	2	0.033	2023-07-12
F4	0.086	0.000820498384248887	0.0978238490806822	230.446682453563	7.08566660455426	0.928267475431553	0.948875	0.00166203940886256		23G4B03	4.1	2	0.086	2023-07-12
F5	0.113533014005975	0.000639299401803482	0.181955723374452	28.4345503858347	3.80942774266847	2.25790884832786	2.31225	0.0035705025095971		23G4B03	4.4	2	0.113	2023-07-12
F6	0.110598581889579	0.000152380262801407	0.224391104791253	29.350114830603	3.08901362736624	2.09172852945464	2.14225	0.00342570722135862		23G4B03	4.7	2	0.113	2023-07-12
F7	0.120000885898241	0.000817980956806	0.196468655565179	25.3555740885675	3.5280293366185	2.74456144823622	2.770875	0.00368432863385919		23G4B03	5	2	0.124	2023-07-12
F8	0.116498237477986	0.000389483062123521	0.234142815689136	24.3332778501524	2.96036066073544	2.78117112066791	2.792375	0.00412578340208452		23G4B03	5.3	2	0.124	2023-07-12
F9	0.123226124647775	0.000538466459875615	0.24619806548314	22.0500182217837	2.81540465884535	3.22154989445269	3.24625	0.00277527319662788		23G4B03	5.6	2	0.128	2023-07-12
G1	0	0.0117248074659819	0	-27.1190319358166	20.6820249606403	0.427725941652279	0.404375	0.00160811582617172	questionable fit (k < n0)	28G4A10	3.2	1	0.014	2023-07-12
G10	0.224322347000691	0.0259091504414163	0.100115122225993	20.3341459020802	6.92350131676693	6.11052111478079	6.065125	0.0129014779639844		28G4A10	5.9	1	0.214	2023-07-12
G11	0.223093694917837	0.0306450097230226	0.107708226199571	17.0586758169591	6.43541542756095	6.71352529532039	6.66775	0.0150674716253334		28G4A10	6.2	1	0.219	2023-07-12
G12	0.154857286510655	0.0100517310074885	0.201540113888274	13.2363078260658	3.43925170620971	5.3642147047482	5.33875	0.0089841505372414		28G4A10	6.5	1	0.169	2023-07-12
G13	0.176208320880824	0.00882715888365559	0.182241605468908	16.1458213982988	3.80345189989123	5.60215474534015	5.5995	0.00408317316698028		28G4A10	6.8	1	0.181	2023-07-12
G14	0.045	0.02413586491869	0.00663441437652241	2030.26937502972	104.477522991754	1.37103150032727	1.367625	0.00742875943185131		28G4A10	7.1	1	0.045	2023-07-12
G15	0.037	0.0213390704434816	0.00992745928715593	1427.27277006978	69.8212060619311	1.31921959688296	1.3165	0.00465429080319292		28G4A10	7.4	1	0.037	2023-07-12
G16	0	0	0	0	0	0	0	0	cannot fit data	28G4A10	7.7	1	0.031	2023-07-12
G17	0	0	0	0	0	0	0	0	cannot fit data	28G4A10	8	1	0.029	2023-07-12
G18	0	0.00388860215705719	0	0.170174600766506	0.366303115024848	0.441871016804413	0.441125	0.00261856545872908		28G4A10	8.3	1	0.02	2023-07-12
G19	0	0	0	0	0	0	0	0	cannot fit data	28G4A10	8.6	1	0.032	2023-07-12
G2	0	0	0	0	0	0	0	0	cannot fit data	28G4A10	3.5	1	0.018	2023-07-12
G20	0	0.00395945041703908	0	0.420834662569665	0.20850415209891	0.954350512004764	0.937375	0.00861417959802003		28G4A10	8.9	1	0.036	2023-07-12
G21	0	0	0	0	0	0	0	0	cannot fit data	28G4A10	9.2	1	0.024	2023-07-12
G22	0	0.0058469491165045	0	0.159725934498714	0.333001026245341	0.668993507452288	0.650875	0.00479504194788808		28G4A10	9.5	1	0.023	2023-07-12
G23	0	0.02	0	-0.331272533474337	0.190719110722143	0.67624005643032	0.6235	0.00349641515538637	questionable fit (k < n0)	28G4A10	9.8	1	0.02	2023-07-12
G24	0	0	0	0	0	0	0	0	cannot fit data	28G4A10	10.1	1	0	2023-07-12
G3	0	0.0183862289023745	0	16.5908308125479	9.28140278746864	2.4078829756368	2.404875	0.000853021083774108		28G4A10	3.8	1	0.074	2023-07-12
G4	0	0.00829552696727071	0	16.6845373401447	5.27854138514453	2.54331832354713	2.550875	0.00244300989390584		28G4A10	4.1	1	0.082	2023-07-12
G5	0.111561229740638	0.00865709262083692	0.206382251442647	11.9943400599837	3.35856002982199	3.99631794060547	4.000875	0.00500757009743492		28G4A10	4.4	1	0.12	2023-07-12
G6	0.101488077813423	0.00637202375425219	0.202012060611965	13.3812834717005	3.43121682170937	3.50202962196423	3.512375	0.00455120010530461		28G4A10	4.7	1	0.122	2023-07-12
G7	0.141956168300474	0.0143918235965066	0.182240303363853	11.9729863364288	3.80347907551513	5.06110648467702	5.043875	0.00772433550210849		28G4A10	5	1	0.153	2023-07-12
G8	0.136773588465707	0.0118490425153951	0.164874010906583	14.2864411787252	4.20410213076383	4.56703814715016	4.538	0.00972790795011336		28G4A10	5.3	1	0.149	2023-07-12
G9	0.221874088253741	0.0228092532188215	0.133574650037998	16.2191274967363	5.1892120276023	6.93959209193651	6.909	0.00886457156698696		28G4A10	5.6	1	0.22	2023-07-12
H1	0	0.00656647999767573	0	-1.00078991845429	0.61281197244658	0.416438599483299	0.415125	0.000958617658104397	questionable fit	28G4A10	3.2	2	0.011	2023-07-12
H10	0.214407669660591	0.022698499283061	0.108654588795712	19.637280838861	6.37936407695741	5.99088031073194	5.941875	0.0139829595002041		28G4A10	5.9	2	0.208	2023-07-12
H11	0.206991229773204	0.0283735051553259	0.109185356573499	16.8501726840812	6.34835295054745	6.27144046859904	6.226	0.0130935119006678		28G4A10	6.2	2	0.208	2023-07-12
H12	0.150002368599042	0.00997810872946132	0.205837449306915	12.8325634376795	3.36744932904033	5.25624597376032	5.2275	0.0102648440190414		28G4A10	6.5	2	0.164	2023-07-12
H13	0.175924704533421	0.0124936902567523	0.157115889032563	16.3647817461194	4.41169371747173	5.52644842820612	5.51975	0.00490039830715404		28G4A10	6.8	2	0.181	2023-07-12
H14	0.036	0.0183972562882505	0.00934681680192314	1499.16352508872	74.158635527908	1.1203348834294	1.1185	0.00608936320713096		28G4A10	7.1	2	0.036	2023-07-12
H15	0	0	0	0	0	0	0	0	cannot fit data	28G4A10	7.4	2	0.036	2023-07-12
H16	0	0.0168306789400831	0	-37.871495751531	34.3074936175826	0.626627491929768	0.570125	0.00492738507249331	questionable fit (k < n0)	28G4A10	7.7	2	0.03	2023-07-12
H17	0	0	0	0	0	0	0	0	cannot fit data	28G4A10	8	2	0.027	2023-07-12
H18	0	0	0	0	0	0	0	0	cannot fit data	28G4A10	8.3	2	0.021	2023-07-12
H19	0	0.0245239050295304	0	-19.5347102358638	29.6116307964146	0.73114215696955	0.662875	0.00585115872620844	questionable fit (k < n0)	28G4A10	8.6	2	0.029	2023-07-12
H2	0	0	0	0	0	0	0	0	cannot fit data	28G4A10	3.5	2	0.01	2023-07-12
H20	0	0.0329047809159399	0	-10.8475411109492	6.26265202128815	1.18282768083939	1.071	0.00533997352663586	questionable fit (k < n0)	28G4A10	8.9	2	0.035	2023-07-12
H21	0	0.0194378015325945	0	-44.7543463458112	42.9363229484152	0.737474391718898	0.65175	0.00453714956352391	questionable fit (k < n0)	28G4A10	9.2	2	0.026	2023-07-12
H22	0	0.032	0	-0.22749236488352	0.208114909605194	0.8227087917938	0.775625	0.00495543685489326	questionable fit (k < n0)	28G4A10	9.5	2	0.032	2023-07-12
H23	0	0.0183099602241957	0	-11.1761898480674	9.80612528440664	0.565475031668532	0.518	0.00363019328015267	questionable fit (k < n0)	28G4A10	9.8	2	0.024	2023-07-12
H24	0	0	0	0	0	0	0	0	cannot fit data	28G4A10	10.1	2	0	2023-07-12
H3	0	0.0148041478086779	0	18.48619755475	9.86400666278812	1.93043342275264	1.9275	0.000423429084368835		28G4A10	3.8	2	0.062	2023-07-12
H4	0	0.00611308422821341	0	19.2425010266379	5.433608988714	2.20336921493197	2.21175	0.00260405106763713		28G4A10	4.1	2	0.077	2023-07-12
H5	0.107285084368883	0.0152174493139909	0.184578355339792	9.75239332188033	3.75530044833222	4.03693127291727	4.035875	0.0036851557788575		28G4A10	4.4	2	0.114	2023-07-12
H6	0.0945202110591287	0.00630929127250017	0.20171285027074	13.0765462230809	3.43630651011872	3.28834318216877	3.296125	0.00325550563591114		28G4A10	4.7	2	0.108	2023-07-12
H7	0.120631586890664	0.0117174718809081	0.220897262177618	10.0928303181126	3.13787130599475	4.54181735354029	4.536625	0.00698441920832047		28G4A10	5	2	0.13	2023-07-12
H8	0.123748567062659	0.00928401965118804	0.181252991761092	13.8589190499184	3.82419718331368	4.19834899663726	4.173375	0.0105890767371111		28G4A10	5.3	2	0.144	2023-07-12
H9	0.206579132680756	0.0271192601345575	0.115126153568816	16.4142324880757	6.02076208639789	6.36031976189736	6.32775	0.0101043089860554		28G4A10	5.6	2	0.202	2023-07-12
I1	0	0.0118455327007548	0	-0.0413485548993328	0.18606322343161	1.05684783404638	1.038625	0.00089412475624007	questionable fit	26G2A07	3.2	1	0.024	2023-07-12
I10	0.262693031499377	0.034455076923178	0.187095322913331	10.105717012719	3.7047809093605	9.81206186922341	9.791	0.00768105883125193		26G2A07	5.9	1	0.265	2023-07-12
I11	0.280004819937207	0.0394112800378991	0.182982824311272	9.88648464313827	3.78804504285512	10.4985381084416	10.485875	0.00877679542951047		26G2A07	6.2	1	0.285	2023-07-12
I12	0.246502579428367	0.0288717005603907	0.171404965337613	11.7845974385369	4.04391540930374	8.80129811211951	8.794125	0.00633876753111248		26G2A07	6.5	1	0.249	2023-07-12
I13	0.325802495689805	0.0130747095660194	0.310878710977194	10.2118710943033	2.22963862138117	12.33524904915	12.365125	0.00654071025375856		26G2A07	6.8	1	0.333	2023-07-12
I14	0.330088200951692	0.00602681274298843	0.37228237343879	10.7034738886191	1.86188557399941	12.3623819281535	12.41825	0.0105009096076411		26G2A07	7.1	1	0.343	2023-07-12
I15	0.310700578363099	0.0108811268163913	0.357720898516602	9.27021785786252	1.93767594634334	12.0660104608435	12.1325	0.0179812221893944		26G2A07	7.4	1	0.33	2023-07-12
I16	0.23922209896281	0.0155462417407816	0.278695332546769	9.56736158006979	2.48711442070393	9.18525126415357	9.197875	0.00859518487869764		26G2A07	7.7	1	0.256	2023-07-12
I17	0.224266153672865	0.0214366868837996	0.259775550779263	8.65078241420917	2.66825410813555	8.78390496603954	8.788375	0.00633317784553174		26G2A07	8	1	0.236	2023-07-12
I18	0.158862655487342	0.0184476355550006	0.242358926874204	8.37462966001991	2.86000268073361	6.24664488998823	6.253625	0.00433857982953975		26G2A07	8.3	1	0.165	2023-07-12
I19	0.195075383683912	0.0227259777245742	0.184978232539903	10.9527221398175	3.74718241731725	7.13739695656132	7.14275	0.00606461452919054		26G2A07	8.6	1	0.203	2023-07-12
I2	0	0	0	0	0	0	0	0	cannot fit data	26G2A07	3.5	1	0.029	2023-07-12
I20	0.133388188063598	0.021629176218095	0.155426124795004	10.5664457711757	4.45965684002068	4.87113624151248	4.86525	0.00475917167840337		26G2A07	8.9	1	0.14	2023-07-12
I21	0.146781931909072	0.0285587059506429	0.0880586071458054	16.132582631401	7.87143021024904	4.44305604617539	4.43875	0.00554773449612582		26G2A07	9.2	1	0.141	2023-07-12
I22	0.152362006098125	0.0163836020492327	0.0997935653115535	21.2059275884894	6.94581036759187	4.03975561656503	4.059	0.00626097526263286		26G2A07	9.5	1	0.136	2023-07-12
I23	0.114081207509503	0.0244716827665194	0.0675796020507317	19.2061647928557	10.2567514386901	3.12312010740712	3.123625	0.00451394871002789		26G2A07	9.8	1	0.098	2023-07-12
I24	0.0903143245075127	0.00457500769199643	0.0609786003909563	48.0611738251827	11.3670562478627	0.956110979278679	0.96775	0.00466813507799019		26G2A07	10.1	1	0.042	2023-07-12
I3	0.172074804097512	0.0256013257723318	0.233610921469763	7.46626154139258	2.96710092233279	6.89146376930081	6.892	0.00560890122219165		26G2A07	3.8	1	0.177	2023-07-12
I4	0.176275197136462	0.0219965273844304	0.249698379772481	7.80091532049085	2.77593783824918	7.02812485080139	7.024	0.00605898341231786		26G2A07	4.1	1	0.182	2023-07-12
I5	0.202844213507976	0.0246248445359874	0.284509040587989	6.95675372418384	2.43629228486881	8.27464367526145	8.2705	0.00246682957911465		26G2A07	4.4	1	0.204	2023-07-12
I6	0.186807118078409	0.0219927381900628	0.2678509854659	7.51950772243806	2.58780896159215	7.51294284289001	7.50625	0.00403338081785964		26G2A07	4.7	1	0.186	2023-07-12
I7	0.216228529482366	0.0285800024349513	0.258379552527771	7.28332950488007	2.68267041172093	8.72975582232503	8.7185	0.00301102795289274		26G2A07	5	1	0.219	2023-07-12
I8	0.219652227251776	0.031418209786087	0.217844609258318	8.21823553163466	3.18184224489126	8.62764662158918	8.610375	0.0051470355560753		26G2A07	5.3	1	0.222	2023-07-12
I9	0.254369501266534	0.033912318476651	0.227062054172372	8.24411271721269	3.05267730923349	10.0045963634996	9.99025	0.00482640223864658		26G2A07	5.6	1	0.258	2023-07-12
J1	0	0.0185930897147751	0	-0.583113414169961	0.280757766870237	1.10672703723458	1.095625	0.00139353570857096	questionable fit	26G2A07	3.2	2	0.025	2023-07-12
J10	0.268804784930842	0.0339146106319273	0.187832205398759	10.3031966417026	3.69024672360327	9.99626208338588	9.974625	0.00699870783242273		26G2A07	5.9	2	0.273	2023-07-12
J11	0.289589189352937	0.0372725728383493	0.199405977271494	9.59062008201243	3.47606019661194	10.9827938067435	10.98125	0.00988844138103373		26G2A07	6.2	2	0.298	2023-07-12
J12	0.240132797154696	0.0255060229329446	0.171201538949386	12.4413949847845	4.04872050107487	8.43351595080625	8.42825	0.00516892659900637		26G2A07	6.5	2	0.25	2023-07-12
J13	0.321124398468579	0.0121381075992908	0.325962696855995	9.93042163713124	2.12646166952707	12.2528557699313	12.28775	0.00872064437763763		26G2A07	6.8	2	0.337	2023-07-12
J14	0.327324844433289	0.00657522621868614	0.366265980903712	10.6134668042555	1.8924694530726	12.2864179557595	12.35825	0.0114695392872609		26G2A07	7.1	2	0.344	2023-07-12
J15	0.311593318884984	0.012287921684333	0.34793094952036	9.17667039624699	1.99219753665341	12.1248489586703	12.180125	0.01867574617741		26G2A07	7.4	2	0.333	2023-07-12
J16	0.245799541584651	0.017852283644785	0.269196729650443	9.46141821764395	2.57487221876733	9.4542648432099	9.473375	0.0123392139568387		26G2A07	7.7	2	0.262	2023-07-12
J17	0.21086263426817	0.0222066497600183	0.258519745495923	8.27609272880907	2.68121562331832	8.32871544865977	8.34375	0.0076079774120281		26G2A07	8	2	0.227	2023-07-12
J18	0.172156281134757	0.0246086413500139	0.205446150319117	8.71787301341631	3.37386307547397	6.66890317548501	6.6675	0.00445512017560881		26G2A07	8.3	2	0.176	2023-07-12
J19	0.197415780433798	0.0224743147308675	0.189191323331473	10.8465774779232	3.66373662573054	7.24986139834228	7.263	0.00620949401296523		26G2A07	8.6	2	0.2	2023-07-12
J2	0	0.0219744382873292	0	-855.448134817311	87.7596379537156	1.05947893506168	1.050625	0.00115136897926302	questionable fit	26G2A07	3.5	2	0.028	2023-07-12
J20	0.149593264445219	0.0317325349034555	0.110492420454721	11.875576366999	6.27325546591673	5.13604074573589	5.118375	0.00756069518691567		26G2A07	8.9	2	0.163	2023-07-12
J21	0.149003482830463	0.0290769639001607	0.104226340550834	13.5947684947699	6.65040312167421	4.88491081579268	4.88125	0.00488296060221231		26G2A07	9.2	2	0.149	2023-07-12
J22	0.115264615130595	0.0168153126750413	0.109019334953544	16.2104435926045	6.35802062868312	3.55291501845091	3.558375	0.00618071305499646		26G2A07	9.5	2	0.121	2023-07-12
J23	0.115363014828155	0.0269492794140443	0.061794481288092	19.2261631084538	11.2169754662787	3.13441769231468	3.134	0.0046848148189213		26G2A07	9.8	2	0.096	2023-07-12
J24	0.23025304793886	0.00512961901674752	0.049173121678108	76.9041562756915	14.0960581086829	0.916241822052677	0.928	0.00572361640465752		26G2A07	10.1	2	0.047	2023-07-12
J3	0.181898130774387	0.025636300127446	0.235105016437416	7.68815446153311	2.94824496330752	7.25241036494886	7.2545	0.00690140636798187		26G2A07	3.8	2	0.187	2023-07-12
J4	0.176247624167519	0.0205998083507384	0.257477732602509	7.85432616366529	2.69206650825226	7.02660119753848	7.022	0.00650619829012446		26G2A07	4.1	2	0.182	2023-07-12
J5	0.223152195738748	0.0277182051305444	0.277037722659524	7.05006248776622	2.5019956629221	9.07692794537447	9.067625	0.00303382599788155		26G2A07	4.4	2	0.234	2023-07-12
J6	0.177351574935776	0.0210224568644677	0.271539122298098	7.38888841611274	2.55266045899273	7.15635610806346	7.14875	0.00390115033690008		26G2A07	4.7	2	0.178	2023-07-12
J7	0.240734608721693	0.0305737145840466	0.257196943087859	7.49516202446407	2.69500551693246	9.67309837966174	9.658	0.0050746862433376		26G2A07	5	2	0.251	2023-07-12
J8	0.215228903070346	0.0285010275551984	0.217960106464054	8.6241112429194	3.18015618456426	8.3787986337905	8.359375	0.00529669173542178		26G2A07	5.3	2	0.218	2023-07-12
J9	0.273250492612844	0.033434209207172	0.246876091290159	7.98090058264805	2.80767237093556	10.8467738349085	10.837125	0.00546567022059099		26G2A07	5.6	2	0.277	2023-07-12
K1	0	0.00244128821707463	0	-18.2287056698085	23.9761868940383	0.0735971379862996	0.0691250000000001	0.00033368011063137	questionable fit (k < n0)	28G1A01	3.2	1	0.003	2023-07-12
K10	0.188804048761155	0.00408687967168956	0.155652879633313	24.4842503785603	4.4531600198651	4.48183119677874	4.47975	0.0025125760247082		28G1A01	5.9	1	0.189	2023-07-12
K11	0.129937488108653	0.00180178975579918	0.186235884960678	22.8973560437324	3.7218776644807	3.28486814494575	3.308625	0.0025611892488058		28G1A01	6.2	1	0.128	2023-07-12
K12	0.20856890453569	0.00435958482172792	0.0877012159059685	43.8622050632476	7.90350707683601	2.09390533610991	2.09225	0.00164404089691432		28G1A01	6.5	1	0.119	2023-07-12
K13	0.150309979947633	0.000923186878151782	0.151837915981872	33.4992905616907	4.56504672154945	2.30510465587893	2.350625	0.00386585618159452		28G1A01	6.8	1	0.129	2023-07-12
K14	0.176660462511416	0.000939206565011105	0.183677744670662	28.4825949699126	3.77371347738819	3.5043506501491	3.559625	0.00425184417218087		28G1A01	7.1	1	0.166	2023-07-12
K15	0	0.0017487701050704	0	6.58354215389481	1.75914987508211	1.04236495422974	1.04625	0.00194309878256188		28G1A01	7.4	1	0.029	2023-07-12
K16	0	0.00110720326638352	0	15.8114208511391	3.94939445121523	0.604980476761573	0.608125	0.00167570544975086		28G1A01	7.7	1	0.023	2023-07-12
K17	0	0.000630107700968161	0	9.38855536391722	2.0981422169397	0.566317564457573	0.573875	0.00237517167262459		28G1A01	8	1	0.022	2023-07-12
K18	0	0.00338658787364673	0	22.5978638569804	14.5496545453242	0.33154801417392	0.3305	0.00143084264508152		28G1A01	8.3	1	0.013	2023-07-12
K19	0	0.00105877307246434	0	9.84226086459195	2.85651063012431	0.478575485793169	0.476375	0.00101098477803722		28G1A01	8.6	1	0.015	2023-07-12
K2	0	0.00588910084851992	0	-1.81415777861158	0.753913916695931	0.336117360573536	0.31775	0.000731120538343561	questionable fit	28G1A01	3.5	1	0.00799999999999999	2023-07-12
K20	0	0.0059680772911509	0	-1.62404548276439	5.20107065377478	0.471732395051699	0.47075	0.000681738659532367	questionable fit	28G1A01	8.9	1	0.012	2023-07-12
K21	0	0.00520696368953578	0	6.54331216694656	5.51772766707221	0.661709816278667	0.660875	0.00143950872218241		28G1A01	9.2	1	0.018	2023-07-12
K22	0	0.00892438408309761	0	-2.74940993742691	17.3768600316132	0.596511891176911	0.594375000000001	0.00110238631711533	questionable fit	28G1A01	9.5	1	0.015	2023-07-12
K23	0	0.00541134994713247	0	-1.90698431928663	1.0441631793723	0.331812283988539	0.33075	0.00152629713596876	questionable fit	28G1A01	9.8	1	0.013	2023-07-12
K24	0	0	0	0	0	0	0	0	cannot fit data	28G1A01	10.1	1	0	2023-07-12
K3	0	0.00645730472800836	0	17.2418223628379	9.5221463689415	0.840973396495591	0.839375	0.000338289276310811		28G1A01	3.8	1	0.027	2023-07-12
K4	0	0.0027006437619121	0	32.532079575238	8.22134914617883	0.791839765507574	0.78875	0.000535983890345282		28G1A01	4.1	1	0.036	2023-07-12
K5	0.120231895943484	0.00718505389070965	0.076796227709178	35.8845652516273	9.02579724599033	1.89837243571656	1.881125	0.00383933637073114		28G1A01	4.4	1	0.094	2023-07-12
K6	0.159221478544154	0.00299604493922995	0.12982924435148	30.4554417288063	5.33891407919949	2.91945811554267	2.92725	0.00158407259839024		28G1A01	4.7	1	0.145	2023-07-12
K7	0.125447276778321	0.00144783837456132	0.212693230773851	20.9231170754518	3.25890569266374	3.41733463773762	3.44525	0.00348841448529508		28G1A01	5	1	0.132	2023-07-12
K8	0.126743367789714	0.00264862170476929	0.164060986307319	23.4486336360433	4.22493608115668	3.13454699821174	3.12	0.00265905811923438		28G1A01	5.3	1	0.131	2023-07-12
K9	0.125378127224196	0.00334809758596926	0.180619471919354	19.9085670058972	3.83761049234731	3.53310410850273	3.525875	0.00443889340727769		28G1A01	5.6	1	0.136	2023-07-12
L1	0	0.00295009646325868	0	61.0408454575254	16.4439652658872	0.380291566656873	0.381375	0.00127438104287844		23G1A10	3.2	1	0.014	2023-07-12
L10	0	0.000409710878795728	0	18.4207588190564	2.39133036176686	2.5537836883707	2.634625	0.00706195173600035		23G1A10	5.9	1	0.096	2023-07-12
L11	0	0.002851547218053	0	22.508935959142	4.98573298433539	1.740793033864	1.755625	0.00212886626458037		23G1A10	6.2	1	0.066	2023-07-12
L12	0	0.00193096283744916	0	22.7152699282695	4.87575417799924	1.28807507795485	1.2935	0.00173240364467744		23G1A10	6.5	1	0.056	2023-07-12
L13	0	0.00349686520863663	0	13.0259144262264	18.5116232045709	0.26410715172136	0.263375	0.000594793650696264		23G1A10	6.8	1	0.00900000000000001	2023-07-12
L14	0.069	0.00269862624835492	0.0655104309029218	304.743102487779	10.5807147198757	0.927744372713813	1.009875	0.00704395826156244		23G1A10	7.1	1	0.069	2023-07-12
L15	0	0.00776823561656423	0	-0.193138012445685	1.46205512720961	0.695846749550012	0.694625	0.00523970439299722	questionable fit	23G1A10	7.4	1	0.029	2023-07-12
L16	0	0	0	0	0	0	0	0	cannot fit data	23G1A10	7.7	1	0.013	2023-07-12
L17	0	0.00130533747555543	0	4.53418189156008	4.73260498227556	0.156901895819041	0.157125	0.00186909515372217		23G1A10	8	1	0.01	2023-07-12
L18	0	0.00700259382668089	0	-11.0915456557005	5.64200313853522	0.263660007543245	0.26275	0.000942653852839838	questionable fit (k < n0)	23G1A10	8.3	1	0.00900000000000001	2023-07-12
L19	0	0.00332127043156006	0	-13.6157180017662	26.3451539806742	0.0855068129020262	0.0836250000000001	0.00155139278527008	questionable fit (k < n0)	23G1A10	8.6	1	0.00800000000000001	2023-07-12
L2	0	0	0	0	0	0	0	0	cannot fit data	23G1A10	3.5	1	0.00799999999999999	2023-07-12
L20	0	0.0188767316520079	0	-28.4638455497404	10.4873726094263	0.80977179246904	0.774375	0.00237505425813804	questionable fit (k < n0)	23G1A10	8.9	1	0.023	2023-07-12
L21	0	0.012	0	-0.347273713491445	0.347273713491445	0.291311975713408	0.2735	0.0015535861351592	questionable fit (k < n0)	23G1A10	9.2	1	0.012	2023-07-12
L22	0	0.0024637947310085	0	0.452615774824355	0.231809512234419	0.572103007794288	0.57075	0.00290710977040618		23G1A10	9.5	1	0.02	2023-07-12
L23	0	0	0	0	0	0	0	0	cannot fit data	23G1A10	9.8	1	0.02	2023-07-12
L24	0	0	0	0	0	0	0	0	cannot fit data	23G1A10	10.1	1	0	2023-07-12
L3	0	0.00646369859330356	0	-1.44924320402208	0.761416552651038	0.392741322171456	0.391375	0.000424934155728382	questionable fit	23G1A10	3.8	1	0.00900000000000001	2023-07-12
L4	0.00800000000000001	0.00392920435593142	0.014035182252808	1108.53459855104	49.3864039721515	0.270744345552128	0.27	0.000411367593430541		23G1A10	4.1	1	0.00800000000000001	2023-07-12
L5	0	0.00193975375139143	0	32.1382050867933	6.32293105197	1.16729828336551	1.18925	0.00274213545140183		23G1A10	4.4	1	0.054	2023-07-12
L6	0	0.000354074430813517	0	28.0389706648885	3.68492874542217	1.40751828794226	1.479375	0.00408786987088229		23G1A10	4.7	1	0.065	2023-07-12
L7	0	0.00169125234380335	0	20.6149087377076	3.72651915985456	2.19893587973292	2.246375	0.0042611496732297		23G1A10	5	1	0.078	2023-07-12
L8	0	0.000381629306342735	0	20.8201760886492	2.70544986236169	2.17577547688683	2.2175	0.00250233906046667		23G1A10	5.3	1	0.08	2023-07-12
L9	0	0.000547878263926921	0	17.7379190574649	2.43534781021572	2.61539592003402	2.6765	0.00466971402168119		23G1A10	5.6	1	0.089	2023-07-12
M1	0.022	0.016065349787829	0.00588973077525032	2295.49153545801	117.687413399721	0.895546638929736	0.89275	0.00133822963431199		23D06	3.2	1	0.022	2023-07-12
M10	0.277798040820111	0.0119797068049173	0.320595911581429	9.6682424509637	2.16205870231096	10.6671656741296	10.68125	0.00600494137454672		23D06	5.9	1	0.281	2023-07-12
M11	0.274772307500847	0.017974388315457	0.302915826654808	8.77914378063479	2.28825013276653	10.7716953342903	10.7835	0.00525195425135615		23D06	6.2	1	0.278	2023-07-12
M12	0.216462268969003	0.0117055746765298	0.257646525935891	11.1072998572456	2.69030284045987	7.98354427845733	8.01575	0.00699488522579544		23D06	6.5	1	0.222	2023-07-12
M13	0.294725902442029	0.0168533440800666	0.303385748521106	9.23778885545365	2.28470580420729	11.4273693013336	11.419375	0.00489917959389643		23D06	6.8	1	0.303	2023-07-12
M14	0.299809528039374	0.0165621394747703	0.280179229850781	10.1335182693121	2.47394205819291	11.3533264738768	11.34125	0.00932874883503821		23D06	7.1	1	0.303	2023-07-12
M15	0.283503391894587	0.0196390905438203	0.310074779148805	8.37834335499052	2.23541941225508	11.2252801914685	11.2185	0.0104884832899234		23D06	7.4	1	0.299	2023-07-12
M16	0.226458795421928	0.0145160178078551	0.310321173647792	8.63964122616318	2.23364449293638	8.91152005264743	8.892875	0.00730307587664153		23D06	7.7	1	0.231	2023-07-12
M17	0.206591059611412	0.0235179881788943	0.255971256937304	8.01699304985312	2.70791021169115	8.20491182723634	8.180875	0.00857827969357222		23D06	8	1	0.214	2023-07-12
M18	0.185437826418296	0.0230675260338201	0.220905337878574	8.83389111949318	3.13775659391694	7.18946961302547	7.15325	0.0161931314460683		23D06	8.3	1	0.265	2023-07-12
M19	0.198171209693706	0.0382864105657054	0.12238383712456	11.6793080387959	5.6637150529483	6.90909508944006	6.877125	0.0146586817905335		23D06	8.6	1	0.201	2023-07-12
M2	0	0.026	0	-22.3697479242049	9.40493529882515	1.07158036904056	1.024	0.00248191878048617	questionable fit (k < n0)	23D06	3.5	1	0.026	2023-07-12
M20	0.108136398564217	0.0146578867522028	0.226264032458187	8.18845591185259	3.06344394656732	4.25765591481774	4.245	0.00947415265727125		23D06	8.9	1	0.118	2023-07-12
M21	0.107170992419169	0.0261238825574498	0.135093655258119	8.38070929552613	5.13086406045918	4.04997957093175	4.03875	0.0055434893838693		23D06	9.2	1	0.11	2023-07-12
M22	0.102818266504804	0.0254801211624679	0.0922207904492303	12.0394621865271	7.51617045552802	3.43995809625924	3.426625	0.00816049954220781		23D06	9.5	1	0.101	2023-07-12
M23	0.115430571812764	0.0359188350907018	0.0596478227856087	13.3222436818132	11.6206618815127	3.53280098600889	3.52375	0.00711028697426402		23D06	9.8	1	0.105	2023-07-12
M24	0	0.00190301384855095	0	9.57258305362936	2.13657800847099	1.70851143030902	1.711375	0.00578047807146357		23D06	10.1	1	0.056	2023-07-12
M3	0.0991965790193151	0.0211421025340039	0.23343878321752	5.59521664855061	2.96928886882548	4.12488181284968	4.12375	0.00293376078388308		23D06	3.8	1	0.104	2023-07-12
M4	0.0864846495287623	0.0109924663468944	0.23625577167352	8.15564818850258	2.93388464396036	3.41389670346563	3.414	0.00280760730629518		23D06	4.1	1	0.091	2023-07-12
M5	0.206261606545555	0.0111825841310879	0.319239890769442	8.95579538314844	2.17124238104862	8.05953492929627	8.094375	0.00949620542388505		23D06	4.4	1	0.215	2023-07-12
M6	0.181004460775408	0.0127553424481152	0.259357248875087	9.94572366905092	2.67255757672608	6.87408419859202	6.901625	0.00798573342959577		23D06	4.7	1	0.182	2023-07-12
M7	0.247110433671536	0.0143360071550252	0.346455443613217	8.04517739335705	2.00068203094472	9.88121527007684	9.913875	0.00917870420144762		23D06	5	1	0.253	2023-07-12
M8	0.235687035654257	0.0112942350407385	0.314388121002434	9.50769277994978	2.20474990705701	9.08357827717932	9.119375	0.00799573082728975		23D06	5.3	1	0.239	2023-07-12
M9	0.275101992910141	0.016886340805235	0.331475697470163	8.22772245059805	2.09109502099271	10.9451802738256	10.9555	0.0054233618070853		23D06	5.6	1	0.279	2023-07-12
N1	0	0.000860537956293952	0	10.7692527453754	4.8873511850769	0.174077863506242	0.17575	0.00105799011009553		23G1B05	3.2	1	0.00600000000000001	2023-07-12
N10	0.18622503489681	0.00225204137727755	0.238614355014875	18.4521668385543	2.90488466428072	5.53181921364629	5.530125	0.00316703405769534		23G1B05	5.9	1	0.191	2023-07-12
N11	0.186172622679032	0.00690160996690006	0.165029066407268	19.7367897445335	4.20015210441387	5.26756837916704	5.2485	0.00385027486401049		23G1B05	6.2	1	0.193	2023-07-12
N12	0.131362969357425	0.00245877850767234	0.16786117396569	23.5873766592783	4.1292882933228	3.23147851460523	3.235	0.00416482144163251		23G1B05	6.5	1	0.137	2023-07-12
N13	0.133529863215843	0.0125520926839752	0.0617271227332046	36.7054110799118	11.229215778546	2.1871095244785	2.180375	0.00272187806098035		23G1B05	6.8	1	0.092	2023-07-12
N14	0.350427449326647	0.0117532635901746	0.0552567756890719	60.8234473494063	12.5441119557946	2.34632381991727	2.358875	0.00698512490312777		23G1B05	7.1	1	0.109	2023-07-12
N15	0	0	0	0	0	0	0	0	cannot fit data	23G1B05	7.4	1	0.03	2023-07-12
N16	0	0.027101879649592	0	-9.63332018638263	254055.474484275	0.467977660227127	0.4	0.00803956830122388	questionable fit (k < n0)	23G1B05	7.7	1	0.035	2023-07-12
N17	0.166845200938392	0.0258877888589274	0.0268571720066907	63.0999577112385	25.8086436050403	2.139452771563	2.137375	0.0221605609354794		23G1B05	8	1	0.128	2023-07-12
N18	0	0.00298473306271219	0	1.51146761744058	0.542052780054278	1.09971547078799	1.099125	0.00973792538319233		23G1B05	8.3	1	0.041	2023-07-12
N19	0	0.00629878991125162	0	1.24871290400106	0.913001793108694	1.04928731418045	1.049375	0.0149247247091183		23G1B05	8.6	1	0.061	2023-07-12
N2	0	0.00390977825090875	0	-1.81417869641584	7.94090289576252	0.299151477468911	0.29825	0.000277138631049469	questionable fit	23G1B05	3.5	1	0.00799999999999999	2023-07-12
N20	0	0.000255328145479309	0	0.376742287478643	0.0650716864271937	0.68770892530644	0.6885	0.0100196429009396		23G1B05	8.9	1	0.034	2023-07-12
N21	0	0.0067653404834849	0	0.0687162679682844	0.0975640420276273	0.855075111399421	0.854375	0.0143120749419381		23G1B05	9.2	1	0.044	2023-07-12
N22	0	0.00669910028856009	0	2.28212496844194	1.37412248073699	1.26517540182665	1.26625	0.00742427203956518		23G1B05	9.5	1	0.043	2023-07-12
N23	0	0.0133899681751174	0	-0.584942952104381	1.13547223444616	1.07732256452048	1.076375	0.0181686153464166	questionable fit	23G1B05	9.8	1	0.061	2023-07-12
N24	0	0	0	0	0	0	0	0	cannot fit data	23G1B05	10.1	1	0.022	2023-07-12
N3	0.181515376154675	0.00561064307265656	0.1814151215385	18.9911248152386	3.82077951761506	5.27628494375847	5.268875	0.00316362787968199		23G1B05	3.8	1	0.18	2023-07-12
N4	0.18063005445359	0.0036874383801567	0.205383907474451	18.8471117994233	3.37488554523762	5.28684101360837	5.254	0.00392284004819267		23G1B05	4.1	1	0.187	2023-07-12
N5	0.163540249741932	0.00251523607921622	0.294269204771124	14.13397318586	2.3554866405374	5.56334958072961	5.57375	0.00452303816914633		23G1B05	4.4	1	0.174	2023-07-12
N6	0.161685826435545	0.00142540835740641	0.308924779062204	15.2863806527982	2.24374096070932	5.31781476781015	5.33225	0.00423855097608185		23G1B05	4.7	1	0.173	2023-07-12
N7	0.159108715456919	0.000967669675109175	0.379931797285467	13.4138596998477	1.82439897242699	5.53297547375422	5.589625	0.00943851869705215		23G1B05	5	1	0.174	2023-07-12
N8	0.161433699822232	0.000253490552403536	0.438919328599085	14.7064650744125	1.57921316149892	5.4071697529819	5.46875	0.00858607846994066		23G1B05	5.3	1	0.175	2023-07-12
N9	0.178858682662095	0.00179512076103577	0.32172416541466	14.2713447494936	2.15447658296532	6.06368140167108	6.096375	0.00490774811007089		23G1B05	5.6	1	0.183	2023-07-12
O1	0	0.0134696274787017	0	-53.4667546903632	21.8468435380726	0.58642006214631	0.530625	0.0018193549837968	questionable fit (k < n0)	35D01	3.2	1	0.016	2023-07-12
O10	0.218988268121128	0.0200290896639149	0.0887792294218813	25.8609360008869	7.80753769855437	4.97435502134251	4.95075	0.00770703893995324		35D01	5.9	1	0.19	2023-07-12
O11	0.292438962156662	0.022439469345957	0.0787332038574222	31.5952930396719	8.80374666087721	5.44977057427647	5.428	0.00785157575378503		35D01	6.2	1	0.224	2023-07-12
O12	0.128088964205571	0.0116066303338591	0.133459791017413	17.2798345330288	5.19367800051109	3.88532889687317	3.871125	0.00698677542887481		35D01	6.5	1	0.139	2023-07-12
O13	0.139530986029526	0.00854549916848103	0.11772736461173	23.1864682221045	5.88773207355802	3.47665660580709	3.4765	0.00208807671228851		35D01	6.8	1	0.134	2023-07-12
O14	0.210888000985541	0.020876628581601	0.0293430175327457	75.2633446469292	23.6222188050844	1.93133940440899	1.927375	0.00440227767091572		35D01	7.1	1	0.067	2023-07-12
O15	0.045	0.0288910201558728	0.00835279243022312	1567.98494350093	82.9838866882305	1.71480613768416	1.711125	0.00515043663267205		35D01	7.4	1	0.045	2023-07-12
O16	0	0.00677369450831231	0	1.20926225702119	0.906284723742553	1.11060526102506	1.11	0.00753523729026246		35D01	7.7	1	0.041	2023-07-12
O17	0	0.00873790036426066	0	0.567751228101619	0.58104631676793	1.22671014835654	1.225625	0.00745725434288488		35D01	8	1	0.039	2023-07-12
O18	0	0.000139768940643758	0	1.75418806227063	0.229635234829532	1.30056853596492	1.2725	0.00547402848585269		35D01	8.3	1	0.034	2023-07-12
O19	0	0.0102534499136527	0	1.73863260374187	1.38125861652419	1.59227535486473	1.590875	0.00239625178266148		35D01	8.6	1	0.039	2023-07-12
O2	0	0.0139273015172323	0	-4.70370181162008	1.2717522265378	0.721028779290435	0.71525	0.00057782398555085	questionable fit	35D01	3.5	1	0.016	2023-07-12
O20	0	0.0112316206792983	0	3.59518808824597	4.06000910781951	1.34571522743669	1.34375	0.00196300254881156		35D01	8.9	1	0.036	2023-07-12
O21	0	0.0177135303150975	0	0.543383327133026	3.39911462172496	1.66987160985966	1.667	0.00139958881403902		35D01	9.2	1	0.04	2023-07-12
O22	0	0.015879872113602	0	-1.34462433413971	3.60367018153658	1.2728212486258	1.27	0.00101489200656987	questionable fit	35D01	9.5	1	0.03	2023-07-12
O23	0	0.0156969760347025	0	-1.44412384195129	4.51929863718185	1.25459799357195	1.252	0.0016139350182164	questionable fit	35D01	9.8	1	0.032	2023-07-12
O24	0	0	0	0	0	0	0	0	cannot fit data	35D01	10.1	1	0	2023-07-12
O3	0	0.0136844724082803	0	-1.50151660888181	2.4844991837378	1.05245383434718	1.049875	0.00108763928393491	questionable fit	35D01	3.8	1	0.025	2023-07-12
O4	0	0.0108454955150331	0	-0.888246116287085	2.90757230172372	0.897043073590643	0.895125	0.0010825236414265	questionable fit	35D01	4.1	1	0.021	2023-07-12
O5	0	0.0128025246756146	0	2.68804782529906	4.64213111050786	1.34390898200146	1.341375	0.000496604728504969		35D01	4.4	1	0.033	2023-07-12
O6	0	0.011912156322704	0	3.30752396464651	6.6611342526041	1.1440648324857	1.14125	0.000694157325633001		35D01	4.7	1	0.03	2023-07-12
O7	0.0947073919202927	0.0168734766996392	0.0717847179434583	21.2974898452956	9.655915638004	2.46800081887472	2.46425	0.00103868419150632		35D01	5	1	0.082	2023-07-12
O8	0.109539738468947	0.0090846290197448	0.125222804200082	19.1908103661411	5.53531111994928	3.1252636222023	3.129625	0.00247217065489329		35D01	5.3	1	0.112	2023-07-12
O9	0.274592214988123	0.0219632550905959	0.0727693336458025	33.5656641940211	9.52526491356606	4.82259775886529	4.796125	0.00893802109817594		35D01	5.6	1	0.2	2023-07-12
