sample	k	n0	r	t_mid	t_gen	auc_l	auc_e	sigma	note	strain	pH	replicate	max.OD	date
A1	0.046	0.0436966623299022	0.0000173761889940136	393307.854328956	39890.6331416368	2.10726693608617	2.099125	0.00115918525721106		26G2A07	3.2	1	0.046	2023-07-26
A10	0.252525576130182	0.0404078177323458	0.16326020813476	10.1562917815087	4.24565905237483	9.34158965071416	9.3185	0.00647852502199522		26G2A07	5.9	1	0.262	2023-07-26
A11	0.271737677932796	0.0518452716050097	0.118150562285102	12.2290965006505	5.86664309635153	9.3215985965126	9.306	0.00631372883499525		26G2A07	6.2	1	0.275	2023-07-26
A12	0.259568973570243	0.0455498589384529	0.147161057490938	10.5140438052849	4.71012639062225	9.44985149541342	9.426125	0.00976968503727258		26G2A07	6.5	1	0.273	2023-07-26
A13	0.267581770926308	0.0667550229775008	0.0915376372865997	12.0323516475063	7.57226427409019	8.94488693366895	8.917125	0.011508737219702		26G2A07	6.8	1	0.263	2023-07-26
A14	0.258408514321417	0.0387814919682349	0.221660160735155	7.82273019756443	3.12707154168374	10.245631900506	10.223375	0.00799273459217807		26G2A07	7.1	1	0.268	2023-07-26
A15	0.187805049535635	0.0611053835180827	0.135617039026376	5.37704911050005	5.11106263295673	7.50236159035435	7.477125	0.0132678696803677		26G2A07	7.4	1	0.206	2023-07-26
A16	0.164856511788055	0.0338111720957034	0.265442891737642	5.10374218621588	2.61128552368634	6.96293021555415	6.9475	0.00939715334542471		26G2A07	7.7	1	0.189	2023-07-26
A17	0.146854689859403	0.0336820387418736	0.322419314278257	3.75892437192494	2.14983144577294	6.40840905163242	6.395375	0.0144990495891398		26G2A07	8	1	0.17	2023-07-26
A18	0.147860311795353	0.0401744102301992	0.218961114873415	4.50302986436738	3.16561769865241	6.24769560806078	6.229	0.0114352228745048		26G2A07	8.3	1	0.161	2023-07-26
A19	0.14432153323363	0.05191610145741	0.13872793671409	4.15602505125188	4.99644986422943	5.89564604229546	5.87875	0.0100809404912562		26G2A07	8.6	1	0.15	2023-07-26
A2	0.0926806365662386	0.0356862492630669	0.18226752259172	2.568682275815	3.80291107655311	3.98247158901316	3.97425	0.00285762567206541		26G2A07	3.5	1	0.102	2023-07-26
A20	0.166563105750947	0.029783638246997	0.223937264850672	6.80731147172797	3.09527394211123	6.74882076860934	6.74425	0.00932976126095988		26G2A07	8.9	1	0.198	2023-07-26
A21	0.144330188896778	0.0517020847504306	0.1226860026091	4.75273852771353	5.64976579087378	5.75535753354109	5.738125	0.00855537973969835		26G2A07	9.2	1	0.152	2023-07-26
A22	0.168105356730028	0.0511313834186087	0.086071033700461	9.6147676928088	8.05319920952957	5.84816996153474	5.835	0.0112002907781497		26G2A07	9.5	1	0.167	2023-07-26
A23	0.269253465384623	0.0810217149883084	0.0858740628115659	9.81619695070643	8.07167097801025	9.32776462786932	9.29625	0.0158695224738835		26G2A07	9.8	1	0.277	2023-07-26
A24	0.315362555075358	0.0901517816897425	0.0576744016595775	15.8743219677945	12.0182812584904	9.14251693953827	9.11525	0.0178853054357759		26G2A07	10.1	1	0.29	2023-07-26
A3	0.169118608711267	0.0383882144156618	0.196163355840956	6.24676633510901	3.53352020099987	6.87413364798246	6.865625	0.00222436597160765		26G2A07	3.8	1	0.172	2023-07-26
A4	0.181380247648805	0.0295063072395731	0.203370736267296	8.05645306787692	3.40829360842221	7.12400977396698	7.11625	0.00248228167390119		26G2A07	4.1	1	0.184	2023-07-26
A5	0.187436863750247	0.0342799113503091	0.208967532034041	7.16333157603596	3.31700898131406	7.51167038893843	7.504	0.0029788211687101		26G2A07	4.4	1	0.194	2023-07-26
A6	0.200798473916052	0.0317686849647104	0.195449299607202	8.55257048078149	3.54642959556762	7.78559356981392	7.77575	0.00398340349644623		26G2A07	4.7	1	0.205	2023-07-26
A7	0.209760672060704	0.0409145873020028	0.176964759499647	8.01007446719536	3.9168656094002	8.17502996210746	8.1615	0.00440801691947899		26G2A07	5	1	0.217	2023-07-26
A8	0.21533825933277	0.0359868104590192	0.176019328990418	9.12510459188461	3.93790377758841	8.19288512292108	8.179625	0.00442154851823112		26G2A07	5.3	1	0.221	2023-07-26
A9	0.236871341718529	0.0438568032303294	0.159424235442939	9.29492091548739	4.3478156168297	8.91540116150666	8.8955	0.00498089708643302		26G2A07	5.6	1	0.241	2023-07-26
B1	0	0	0	0	0	0	0	0	cannot fit data	26G2A07	3.2	2	0.047	2023-07-26
B10	0.250434940406806	0.0378231162390272	0.170226555149904	10.1426456253252	4.07190981424461	9.29345163604674	9.271375	0.00572345332284518		26G2A07	5.9	2	0.26	2023-07-26
B11	0.272140387395336	0.0536070553896913	0.126847461359473	11.0783286259457	5.46441507879797	9.65217536804786	9.630625	0.00758980328597809		26G2A07	6.2	2	0.28	2023-07-26
B12	0.242029603667701	0.0468466218222017	0.139196353657948	10.2521262207886	4.9796360489675	8.82041129155269	8.793375	0.0103330470390199		26G2A07	6.5	2	0.256	2023-07-26
B13	0.256220770118053	0.060456553898414	0.119852596703597	9.80359207252104	5.78333052119128	9.28515341155293	9.251875	0.0132864022147434		26G2A07	6.8	2	0.266	2023-07-26
B14	0.253776582345002	0.0371860194576404	0.25024540518282	7.04139160281677	2.76986976065978	10.285642117327	10.267125	0.00849037401961824		26G2A07	7.1	2	0.262	2023-07-26
B15	0.175837127700673	0.0394764985174897	0.255299403043692	4.85546588050998	2.71503643289491	7.44730161884965	7.432875	0.0108482698987851		26G2A07	7.4	2	0.197	2023-07-26
B16	0.158059718862524	0.0241686572453631	0.35975382722428	4.75872590692843	1.92672635593066	6.79415260480205	6.789875	0.00676136514790336		26G2A07	7.7	2	0.171	2023-07-26
B17	0.133724607701192	0.0267198207438205	0.427873453648733	3.24270627119351	1.61998173677068	5.94286152541703	5.93775	0.0149909350878651		26G2A07	8	2	0.158	2023-07-26
B18	0.129107930950031	0.0184028778306783	0.451469624560935	3.97449204065384	1.53531299305916	5.66649685874464	5.666375	0.0112296063430417		26G2A07	8.3	2	0.145	2023-07-26
B19	0.130026832952154	0.0269972215348957	0.372250652685185	3.59779753815201	1.86204423164879	5.71880673300033	5.713125	0.0102444100464161		26G2A07	8.6	2	0.144	2023-07-26
B2	0.0929456991420086	0.0438008026049712	0.142509797409689	0.807810180919131	4.86385633239853	3.99048575600162	3.9825	0.00279760186545201		26G2A07	3.5	2	0.095	2023-07-26
B20	0.145363598248951	0.0227503313094298	0.28625016204102	5.88455744620022	2.421473495832	6.06538172867353	6.067125	0.00492729897744975		26G2A07	8.9	2	0.165	2023-07-26
B21	0.139417227306307	0.0481751577999314	0.141425857839528	4.51595344070503	4.90113470866439	5.67507484237548	5.6585	0.00835212817236987		26G2A07	9.2	2	0.148	2023-07-26
B22	0.154309053540738	0.0445491117428638	0.124860095605071	7.2217101392911	5.55139075619766	5.91042552726676	5.894375	0.00851574597046906		26G2A07	9.5	2	0.174	2023-07-26
B23	0.173708268014465	0.0606773334597836	0.0934231405774814	6.65885695246574	7.41943779962178	6.45581524758228	6.438875	0.0121287411339717		26G2A07	9.8	2	0.177	2023-07-26
B24	0.249606538962475	0.0705287131433265	0.0585688140366959	15.9095006832142	11.8347484401111	7.24468222448104	7.222125	0.0148963192883631		26G2A07	10.1	2	0.227	2023-07-26
B3	0.16683680127158	0.0347726628955897	0.210697887478323	6.33350522987093	3.28976806011526	6.80070360022512	6.792875	0.00274910667324778		26G2A07	3.8	2	0.175	2023-07-26
B4	0.172960133442099	0.0261003555204391	0.236093022287904	7.31715527801525	2.93590710069646	6.95212637380547	6.9505	0.00436410075227778		26G2A07	4.1	2	0.178	2023-07-26
B5	0.19053460403809	0.0381111376934236	0.197920672460786	7.00359404340987	3.50214645060524	7.63567446068891	7.628	0.003233249501139		26G2A07	4.4	2	0.196	2023-07-26
B6	0.19195181382072	0.0300314891374298	0.212668950262127	7.92244434430456	3.25927776342338	7.57886226860906	7.57275	0.00262341531957048		26G2A07	4.7	2	0.196	2023-07-26
B7	0.206970556145788	0.0412339936473575	0.173448497854653	8.02045891086807	3.99627087656182	8.05296346174104	8.041	0.00347663004738717		26G2A07	5	2	0.213	2023-07-26
B8	0.207873440004722	0.0320561335615071	0.190471313066049	8.93550244973929	3.63911588260845	7.9808577111919	7.9665	0.00411092761884594		26G2A07	5.3	2	0.214	2023-07-26
B9	0.241087589085353	0.0446505953006335	0.146116190764742	10.139013958599	4.74380817712369	8.84555041541923	8.827875	0.00420202430249354		26G2A07	5.6	2	0.245	2023-07-26
C1	0	0.0227718409540392	0	-20.2066517351746	13.0287940441498	0.833273204038304	0.73675	0.00342810475220319	questionable fit (k < n0)	26G3B03	3.2	1	0.028	2023-07-26
C10	0.233842011822444	0.0242873284326815	0.299153701365909	7.20375500409524	2.31702692427036	9.50203269900514	9.503625	0.00605948394420628		26G3B03	5.9	1	0.242	2023-07-26
C11	0.230978284797675	0.0286853767798469	0.187411356658194	10.422683281213	3.69853349828807	8.56443301110474	8.583375	0.00908585317949212		26G3B03	6.2	1	0.232	2023-07-26
C12	0.215792864565843	0.0256008438644245	0.202312561529085	9.91242890470981	3.4261203324258	8.12896510332303	8.1525	0.0101700728119399		26G3B03	6.5	1	0.222	2023-07-26
C13	0.212495000139177	0.0340449597607866	0.164229277278244	10.0872798484644	4.22060665459537	7.87631025164146	7.8835	0.0070053049060229		26G3B03	6.8	1	0.21	2023-07-26
C14	0.214652484833562	0.0404587822691463	0.14886866749209	9.80652412371337	4.65609850774526	7.94586480148784	7.937875	0.00373264442727861		26G3B03	7.1	1	0.214	2023-07-26
C15	0.182406618778898	0.057639399720399	0.0904473234700377	8.53804587262375	7.66354551983578	6.52456442520869	6.50925	0.00548989854935273		26G3B03	7.4	1	0.18	2023-07-26
C16	0.152842546884559	0.0428764343288329	0.191559022862767	4.91676078693039	3.61845226709325	6.35374877925038	6.335625	0.00855672610264023		26G3B03	7.7	1	0.167	2023-07-26
C17	0.156346872153341	0.0611947430779092	0.0830841478967576	5.31287486538419	8.34271275696619	5.824089684381	5.807	0.00885980304688127		26G3B03	8	1	0.16	2023-07-26
C18	0.147031973026858	0.0439790538475022	0.18196256970393	4.67969409569204	3.8092844132052	6.1126830239318	6.097125	0.00716186636184861		26G3B03	8.3	1	0.161	2023-07-26
C19	0.13398275919937	0.028313879785922	0.18791317635159	7.00833392933954	3.68865661268506	5.35064795531615	5.34425	0.00214976398803577		26G3B03	8.6	1	0.137	2023-07-26
C2	0.129336208550483	0.0521945075374227	0.0859725060267788	4.54408917239503	8.06242847386632	4.90432056312374	4.892375	0.00324343854313306		26G3B03	3.5	1	0.131	2023-07-26
C20	0.153865770153662	0.0463268402896714	0.118749692101223	7.09165142553739	5.83704402339926	5.87151852503494	5.85975	0.00372194249679691		26G3B03	8.9	1	0.156	2023-07-26
C21	0.111349495769623	0.0328418678297448	0.0833429240196459	10.4566961369982	8.31680899984448	3.79258466859351	3.78675	0.000835201146499534		26G3B03	9.2	1	0.106	2023-07-26
C22	0.12353964832214	0.0398369492243018	0.0894968483896473	8.29611750058333	7.74493396172067	4.43119032854534	4.424	0.000902402755917757		26G3B03	9.5	1	0.119	2023-07-26
C23	0.14126484098712	0.0430857306108774	0.0965284080223467	8.53221987530946	7.18075843952051	5.10330833490018	5.094125	0.000925096472514169		26G3B03	9.8	1	0.14	2023-07-26
C24	0.122285682934398	0.0382935967223857	0.0847768359156628	9.26479361202585	8.17613883643284	4.27214300413542	4.265125	0.00249731639375249		26G3B03	10.1	1	0.121	2023-07-26
C3	0.162343592641836	0.0381342132309478	0.0506830768617199	23.2988384708059	13.6761069666524	3.9839091946272	3.977	0.00278387936766593		26G3B03	3.8	1	0.126	2023-07-26
C4	0.17120146579431	0.0466235481487401	0.126667385290334	7.75910565973716	5.47218353778431	6.50269546980565	6.494625	0.00331149685902535		26G3B03	4.1	1	0.168	2023-07-26
C5	0.187643808847247	0.0356755978347609	0.0996658302642491	14.5406347995735	6.95471234947995	5.98443214611747	5.975875	0.00242316906999043		26G3B03	4.4	1	0.181	2023-07-26
C6	0.181075127626296	0.0287188302071896	0.174497027407665	9.56273497705546	3.97225781354197	6.81912555130901	6.82675	0.00663339501745988		26G3B03	4.7	1	0.18	2023-07-26
C7	0.173201877121839	0.0347259922922473	0.158279299590621	8.73903115144079	4.3792661602163	6.59279147800551	6.599125	0.00945732873790677		26G3B03	5	1	0.179	2023-07-26
C8	0.182869518636087	0.0255096627250814	0.188969964869163	9.62839755456228	3.66802830830741	6.90970658978407	6.922875	0.0090518318681516		26G3B03	5.3	1	0.182	2023-07-26
C9	0.206392452002807	0.0146449785766209	0.266902725639747	9.6367758709373	2.59700300511552	7.90324509360575	7.924875	0.00716402551913349		26G3B03	5.6	1	0.212	2023-07-26
D1	0	0.0331046728126271	0	-29.9856647096701	16.1009323869176	1.31662674576489	1.226625	0.00353599329883895	questionable fit (k < n0)	26G3B03	3.2	2	0.041	2023-07-26
D10	0.204562262849611	0.0239008907406278	0.214725710898673	9.41996498920179	3.22805861328378	7.81576082191889	7.83475	0.00860986347221962		26G3B03	5.9	2	0.207	2023-07-26
D11	0.228081842515328	0.0299759381934957	0.183102037177092	10.3134120597757	3.78557874749122	8.46801168704095	8.48775	0.00999210905358497		26G3B03	6.2	2	0.229	2023-07-26
D12	0.207758032236977	0.0246803579475009	0.195948115079935	10.2267011303605	3.53740162428806	7.75677473439215	7.78175	0.00902578113734661		26G3B03	6.5	2	0.209	2023-07-26
D13	0.215413377684457	0.0337141456531147	0.157695355496024	10.6815780459423	4.39548253263185	7.85415728226621	7.861375	0.0067140420504705		26G3B03	6.8	2	0.214	2023-07-26
D14	0.210791836741136	0.0381559282262912	0.141533890201399	10.6653159984456	4.89739368834993	7.62291937634399	7.619625	0.00480702334824267		26G3B03	7.1	2	0.208	2023-07-26
D15	0.169150584078032	0.0653914326259467	0.0915959987800056	5.04040698129267	7.56743951474059	6.43384574228747	6.4185	0.0065660584329058		26G3B03	7.4	2	0.168	2023-07-26
D16	0.152318732648846	0.0508244437304349	0.14305884737342	4.83454975439134	4.84518918812939	6.17598820873257	6.15625	0.00943235709216013		26G3B03	7.7	2	0.166	2023-07-26
D17	0.162849002995231	0.0623931808115426	0.0767841882784329	6.20260594966781	9.0272124522105	5.8980766682247	5.881375	0.00884998372929619		26G3B03	8	2	0.163	2023-07-26
D18	0.136138578694449	0.0443343532841265	0.148692192172215	4.89533760092212	4.66162459799599	5.53678931050007	5.51925	0.00890615386759016		26G3B03	8.3	2	0.152	2023-07-26
D19	0.134413597999817	0.024986854541018	0.192780576508318	7.661069773694	3.59552395326527	5.30650130553453	5.303125	0.00154503548683535		26G3B03	8.6	2	0.137	2023-07-26
D2	0	0.0311123491895878	0	-0.509549145283702	0.886423573689681	2.47248876459009	2.397875	0.00420490557667079	questionable fit	26G3B03	3.5	2	0.056	2023-07-26
D20	0.143066472536912	0.0362832893977356	0.128473359942218	8.40207779465635	5.39526000465539	5.3753669726759	5.365625	0.00243738154149796		26G3B03	8.9	2	0.146	2023-07-26
D21	0.12565446098157	0.0440813572383596	0.113134662440246	5.44008908195454	6.12674458569268	4.90248398311658	4.893125	0.00120814927124001		26G3B03	9.2	2	0.127	2023-07-26
D22	0.125550133762876	0.0391477002713849	0.093363949253828	8.47944166791843	7.42414161032853	4.51755429087234	4.509125	0.00111191764760826		26G3B03	9.5	2	0.124	2023-07-26
D23	0.143145507475705	0.0439746689430279	0.0974411203938889	8.3458630102638	7.11349764614792	5.19636331739109	5.186875	0.00101535558363627		26G3B03	9.8	2	0.142	2023-07-26
D24	0.120579908016511	0.0375909047680001	0.0818916299808623	9.67065842450065	8.46420056264517	4.15776973860139	4.1505	0.000911303937672363		26G3B03	10.1	2	0.116	2023-07-26
D3	0.158000631830725	0.0496559188853491	0.101837412207377	7.66123488635667	6.80640999742265	5.84532785524698	5.830875	0.00407978107051093		26G3B03	3.8	2	0.161	2023-07-26
D4	0.173481587923733	0.0428910826269781	0.0824993533419366	13.4958945531749	8.40184986283523	5.54084124023818	5.528625	0.00330894416857175		26G3B03	4.1	2	0.166	2023-07-26
D5	0.170154760373457	0.0414483341206986	0.125856854516857	9.00297690624127	5.50742494892963	6.30262612154781	6.2955	0.00400997320738976		26G3B03	4.4	2	0.169	2023-07-26
D6	0.177192558480496	0.0345488542520314	0.120259285660507	11.7909860087996	5.7637726413635	6.15103417276141	6.15025	0.004812115026085		26G3B03	4.7	2	0.171	2023-07-26
D7	0.170867340447044	0.0362958998243903	0.144904572687827	9.04312685495188	4.78347347984122	6.41390028803826	6.420125	0.00964573688226468		26G3B03	5	2	0.175	2023-07-26
D8	0.169110409229562	0.022506151218215	0.197284445013632	9.4987122511158	3.51344060861996	6.42358317839812	6.44125	0.00994453301721278		26G3B03	5.3	2	0.174	2023-07-26
D9	0.180435280264789	0.0279779299259161	0.190669814512901	8.89217262269621	3.63532729252772	6.93445298144234	6.94675	0.00954141792177686		26G3B03	5.6	2	0.18	2023-07-26
E1	0	0	0	0	0	0	0	0	cannot fit data	28D03	3.2	1	0.027	2023-07-26
E10	0.241419115796826	0.0356311839402636	0.127593772413626	13.7438132014004	5.43245306920575	8.04053467510354	8.02125	0.00391490537857876		28D03	5.9	1	0.245	2023-07-26
E11	0.218527225301266	0.0302631284244009	0.151150782505221	12.0933258138656	4.58579948493488	7.68195896202565	7.665	0.00335368384130957		28D03	6.2	1	0.222	2023-07-26
E12	0.211808767770389	0.0322373833455903	0.129178104219276	13.2951793298331	5.365825615333	7.14136396246914	7.124125	0.00402457260599483		28D03	6.5	1	0.213	2023-07-26
E13	0.198977164533369	0.037427367026992	0.122748185414202	11.9139135000053	5.64690368514196	6.90199473551877	6.87375	0.00883200265116393		28D03	6.8	1	0.206	2023-07-26
E14	0.127831968385301	0.021852467928743	0.24232681202208	6.51571242351443	2.86038170838805	5.23031532465006	5.22325	0.00969468749174175		28D03	7.1	1	0.146	2023-07-26
E15	0.101155318940574	0.0159970327714939	0.399899204480572	4.18132480133379	1.73330472477502	4.40965627476305	4.412625	0.00724272660895339		28D03	7.4	1	0.113	2023-07-26
E16	0.106026367630928	0.013793467898349	0.343862867557923	5.52581257487008	2.015766300917	4.48211639076614	4.48875	0.00624163051304746		28D03	7.7	1	0.119	2023-07-26
E17	0.109799954623965	0.0157745799313819	0.35311978757931	5.05540888065288	1.96292364500889	4.68956696015339	4.697375	0.00874961498081683		28D03	8	1	0.125	2023-07-26
E18	0.117135304220531	0.0165048264376934	0.260865543760474	6.93001573255535	2.6571051529764	4.76653921199452	4.7745	0.0116802094336328		28D03	8.3	1	0.133	2023-07-26
E19	0.0955645467948538	0.0199311547849507	0.294428856305883	4.52949422506369	2.35420939800763	4.09788457704919	4.09925	0.00852417212976055		28D03	8.6	1	0.111	2023-07-26
E2	0.160227575470614	0.0373351843044538	0.146925317105302	8.10869744149233	4.71768374720037	6.13819439330783	6.11975	0.00562587373029227		28D03	3.5	1	0.175	2023-07-26
E20	0.12275757317964	0.0252160667826041	0.148685345473748	9.09838577331617	4.6618392576041	4.61322118521344	4.606375	0.00160143258840422		28D03	8.9	1	0.124	2023-07-26
E21	0.0943758993224863	0.0245990449616078	0.235741412298851	4.42262021640562	2.94028602696771	4.01109345272695	4.00525	0.00702102669366205		28D03	9.2	1	0.108	2023-07-26
E22	0	0.0240315314359436	0	4.33080630648773	3.27999599748171	3.55350207616659	3.544625	0.00872511170711158		28D03	9.5	1	0.1	2023-07-26
E23	0.120872169752441	0.0432428754473299	0.0764962287487157	7.64890477855326	9.06119415163434	4.27188118996152	4.2575	0.00932675459629432		28D03	9.8	1	0.125	2023-07-26
E24	0.077	0.0365467440538558	0.0145010735406679	1042.26310960562	47.799714870491	2.54996866193348	2.545125	0.00760397159810515		28D03	10.1	1	0.077	2023-07-26
E3	0.139976811724642	0.024695121715427	0.182036729303826	8.4640769738411	3.80773255601102	5.41407193798799	5.39825	0.00581839767748798		28D03	3.8	1	0.152	2023-07-26
E4	0.221991220564292	0.038878949129475	0.126709254951016	12.2299394765393	5.47037531574082	7.66702807834617	7.645375	0.00580163951332529		28D03	4.1	1	0.222	2023-07-26
E5	0.209552256056431	0.0386768855387065	0.117117113530253	12.6855270755779	5.9184107229632	7.10576326451321	7.08525	0.0058578656000519		28D03	4.4	1	0.209	2023-07-26
E6	0.218118514771393	0.0337734063111125	0.125635554825088	13.5084044913437	5.51712595630241	7.29790765354533	7.276125	0.00534604121325143		28D03	4.7	1	0.218	2023-07-26
E7	0.222259887544365	0.0376910449098763	0.120566856457362	13.1760920097121	5.74906903046836	7.46971056046437	7.450125	0.00499153247909512		28D03	5	1	0.222	2023-07-26
E8	0.227091691898199	0.0301436521142294	0.135520691105237	13.8500295686785	5.11469632354289	7.57887750565457	7.5575	0.0044723503078794		28D03	5.3	1	0.229	2023-07-26
E9	0.230226005106727	0.0264543859890919	0.155262053567232	13.149239232854	4.46436952645224	7.89609109377934	7.874625	0.00395064306996949		28D03	5.6	1	0.236	2023-07-26
F1	0	0.0363538087670807	0	-26.2883000464734	10.4467353296103	1.52976128552219	1.48325	0.00244263517780988	questionable fit (k < n0)	28D03	3.2	2	0.037	2023-07-26
F10	0.219286568332453	0.0310496959596207	0.136494107801184	13.2028564590583	5.07822053073218	7.44361678661952	7.426	0.00345673259182574		28D03	5.9	2	0.222	2023-07-26
F11	0.210340546657216	0.030380573286532	0.141831869715659	12.5425342840913	4.8871045834025	7.27926090576427	7.262625	0.00319493449974896		28D03	6.2	2	0.214	2023-07-26
F12	0.20446918746844	0.0318470140221392	0.120135486106054	14.0687957078224	5.76971220600086	6.7195273877699	6.704625	0.00330559734707381		28D03	6.5	2	0.204	2023-07-26
F13	0.185205579623068	0.0344266575756454	0.129480369284051	11.4070069922488	5.35329937960969	6.53312719495741	6.50775	0.00755717871667952		28D03	6.8	2	0.195	2023-07-26
F14	0.121480946557361	0.0188093135243064	0.28839243432713	5.88498003908847	2.40348600745085	5.07018365985867	5.06475	0.00747841032631604		28D03	7.1	2	0.138	2023-07-26
F15	0.0998889663589754	0.0173332300299672	0.395611460022061	3.94540690738568	1.75209075217713	4.37289581721865	4.375875	0.00845451360390202		28D03	7.4	2	0.113	2023-07-26
F16	0.0990400029795637	0.0137934460978502	0.360464409880415	5.05279888397536	1.92292820472872	4.23255972624117	4.239125	0.00775539180153421		28D03	7.7	2	0.113	2023-07-26
F17	0.104435446637231	0.0145128849979709	0.368297214953265	4.95228289620761	1.88203209912381	4.47466108712498	4.484375	0.0111258235434309		28D03	8	2	0.121	2023-07-26
F18	0.114865289027267	0.0165525098557886	0.258234719665432	6.8992127763209	2.68417500736533	4.67536459438478	4.682625	0.00959237778459645		28D03	8.3	2	0.13	2023-07-26
F19	0.0913225637607596	0.0180373022812726	0.307906715863641	4.55305936091383	2.2511596689788	3.92112064873824	3.92275	0.00821233291181768		28D03	8.6	2	0.107	2023-07-26
F2	0.120381105274287	0.026064321906423	0.179764604323345	7.1543102419759	3.85586018542989	4.77871242265943	4.770375	0.00198942812194176		28D03	3.5	2	0.122	2023-07-26
F20	0.130093962754241	0.0258873544034406	0.144374080351841	9.64592080022317	4.8010500144537	4.81976996256944	4.812125	0.00187263159223305		28D03	8.9	2	0.132	2023-07-26
F21	0.0924732891898542	0.024549694198777	0.250418017123993	4.06394110206263	2.76796050268515	3.96791407928139	3.961375	0.00812658112856081		28D03	9.2	2	0.108	2023-07-26
F22	0	0.0216904743273114	0	3.96983607249893	2.61584383194606	3.61188906999792	3.60675	0.0077651359969448		28D03	9.5	2	0.098	2023-07-26
F23	0.122067825305383	0.0462821207035877	0.056634636238962	8.70763881195824	12.2389270346031	4.01262393048532	4.00075	0.00945446248145263		28D03	9.8	2	0.117	2023-07-26
F24	0.068	0.0383278780832577	0.00909340429724128	1482.13008960087	76.2252681067122	2.31878808901028	2.312625	0.00816247960703822		28D03	10.1	2	0.068	2023-07-26
F3	0.188616201469734	0.0409744285084318	0.124260362319379	10.3157651050798	5.57818412583082	6.78832927724796	6.76375	0.00805617827171186		28D03	3.8	2	0.195	2023-07-26
F4	0.193024382760514	0.0343735117682975	0.125556985754288	12.1810804696621	5.52057837639091	6.66855150235995	6.6435	0.00719341670601267		28D03	4.1	2	0.195	2023-07-26
F5	0.219361806286844	0.039583477677665	0.113879284598666	13.2887450841848	6.08668365807477	7.31170461958143	7.290125	0.00620405321321085		28D03	4.4	2	0.218	2023-07-26
F6	0.212429577048126	0.0320177252515935	0.130703626619927	13.2280387617703	5.30319776493691	7.18128514477123	7.159625	0.00534632321969666		28D03	4.7	2	0.212	2023-07-26
F7	0.227723070808097	0.0365761618185068	0.121166442357119	13.6477191660236	5.7206200584565	7.56869524990785	7.549375	0.00515440241193437		28D03	5	2	0.225	2023-07-26
F8	0.223000100842104	0.0295713766751515	0.136820471788142	13.7267631096894	5.06610722431391	7.47122271283356	7.448625	0.00473041941102417		28D03	5.3	2	0.225	2023-07-26
F9	0.231456392710214	0.0333970797218396	0.135141379245812	13.1721171830165	5.12905214101124	7.85662494243749	7.836875	0.004333916903902		28D03	5.6	2	0.233	2023-07-26
G1	0	0.00621030093993881	0	-92.8000054751999	39.3337469421388	0.277838424788735	0.266125	0.000625240955636549	questionable fit (k < n0)	28G4A10	3.2	1	0.00800000000000001	2023-07-26
G10	0.180434123648065	0.00359024634662874	0.319798424140411	12.1859464576578	2.16745026940974	6.4876820610916	6.489	0.013718029785891		28G4A10	5.9	1	0.214	2023-07-26
G11	0.192032930168417	0.0103989655339318	0.245862031305658	11.6337082635587	2.81925263888436	6.97945194223052	6.97375	0.00918196291812601		28G4A10	6.2	1	0.219	2023-07-26
G12	0.139758139889554	0.00289606175200228	0.333854312993597	11.5488155828792	2.07619657312392	5.11419758954115	5.12325	0.00574795060137904		28G4A10	6.5	1	0.169	2023-07-26
G13	0.15049663209872	0.00299116333293817	0.260802433241957	14.9469574218284	2.65774813502942	4.99369568878896	5.02875	0.0086841035124919		28G4A10	6.8	1	0.165	2023-07-26
G14	0	0.0109194159861074	0	6.44713751773399	7.1704757616321	1.17304612601893	1.170125	0.000960375967767842		28G4A10	7.1	1	0.033	2023-07-26
G15	0	0.0106187702849118	0	2.05047766716927	3.79018014994983	1.128648903662	1.126375	0.000371766273413201		28G4A10	7.4	1	0.027	2023-07-26
G16	0	0.00921079860038611	0	-0.597665791460659	3.50580562168357	0.782589513537372	0.78075	0.000507628819010364	questionable fit	28G4A10	7.7	1	0.018	2023-07-26
G17	0	0.00855449772293358	0	0.826005522325024	2.86681241458526	0.853182923527759	0.851375	0.000504766057551096		28G4A10	8	1	0.02	2023-07-26
G18	0	0.00620702926123081	0	0.43021239551061	3.30577387248102	0.580829673384207	0.574875	0.000469559926724041		28G4A10	8.3	1	0.014	2023-07-26
G19	0	0.00772460924577807	0	0.851542984746206	2.31231241959946	0.804076768489178	0.80275	0.00101992085342573		28G4A10	8.6	1	0.019	2023-07-26
G2	0	0.00702921185307971	0	2.45378940119927	3.75599334330197	0.779175016585684	0.777625	0.000488543895322314		28G4A10	3.5	1	0.019	2023-07-26
G20	0	0.00774920945171404	0	0.0928743927368811	3.42637113282474	0.699849392402833	0.69825	0.000564577842440237		28G4A10	8.9	1	0.017	2023-07-26
G21	0	0.0108283129196165	0	-0.104754230976625	2.49202171388566	0.976878356002817	0.974875	0.000930891296309278	questionable fit	28G4A10	9.2	1	0.023	2023-07-26
G22	0	0.00868454894455764	0	-2.31440525706804	3.30405886778343	0.644185027410728	0.642375000000001	0.000394814100433792	questionable fit	28G4A10	9.5	1	0.015	2023-07-26
G23	0	0.0104564871515887	0	-0.163306786854903	1.85389735185965	0.942257813340115	0.940125	0.000927610726486381	questionable fit	28G4A10	9.8	1	0.022	2023-07-26
G24	0	0.00575607874393998	0	-0.658535476860787	2.38998505959288	0.48487371150234	0.483875	0.000575411975581672	questionable fit	28G4A10	10.1	1	0.011	2023-07-26
G3	0.134373560080149	0.016959826863216	0.11813838648206	16.3778811814845	5.86724773547844	4.14940540092454	4.1295	0.00438390730118362		28G4A10	3.8	1	0.138	2023-07-26
G4	0.127738414648391	0.00982329665857012	0.139947089666924	17.7581988866065	4.95292315266894	3.82894050436739	3.81375	0.005141817054178		28G4A10	4.1	1	0.139	2023-07-26
G5	0.167345748699764	0.0171384208678656	0.144102245975826	15.0635663800713	4.81010671184283	5.43030952091425	5.401375	0.0081498757966612		28G4A10	4.4	1	0.184	2023-07-26
G6	0.165641325335031	0.0125418322905606	0.142650251777996	17.5395298641028	4.85906734773015	5.00253070765027	4.9685	0.0069850850530692		28G4A10	4.7	1	0.188	2023-07-26
G7	0.186885243104135	0.0170712581489332	0.157201533798986	14.6137721238943	4.40929018826415	6.16980925928376	6.137	0.00700446738735836		28G4A10	5	1	0.196	2023-07-26
G8	0.18953438154218	0.00615393698774248	0.241568792984188	14.0517773314153	2.86935730396814	6.44746455715746	6.426125	0.00956069124803385		28G4A10	5.3	1	0.202	2023-07-26
G9	0.214383636667403	0.00924298561305105	0.247731259105173	12.5128774867608	2.79798029148059	7.61373380949904	7.585625	0.00984262208104871		28G4A10	5.6	1	0.227	2023-07-26
H1	0	0.00566108676984096	0	-161.216810734028	52.0361831037519	0.263831741420597	0.25625	0.000580739390485171	questionable fit (k < n0)	28G4A10	3.2	2	0.00700000000000001	2023-07-26
H10	0.204794829793494	0.00435998331186161	0.289762863809011	13.210875122554	2.39211875341215	7.15137764949573	7.140625	0.00977339866827256		28G4A10	5.9	2	0.222	2023-07-26
H11	0.175861997604338	0.0058706501365191	0.273331739625221	12.3139089504181	2.53591910515169	6.29002064701902	6.287875	0.0060885464133815		28G4A10	6.2	2	0.19	2023-07-26
H12	0.155017000603838	0.000751265829956939	0.445889183454542	11.9416944507447	1.55452791025286	5.61969686395991	5.678	0.00818045310129345		28G4A10	6.5	2	0.164	2023-07-26
H13	0.152923750549858	0.0026304482580781	0.250733539067416	16.1343970038824	2.76447731379716	4.89392845541416	4.919375	0.00613230576134279		28G4A10	6.8	2	0.165	2023-07-26
H14	0	0.00902158342304688	0	6.86872484525567	5.90667830362265	1.11788515958392	1.115375	0.000701681614651094		28G4A10	7.1	2	0.03	2023-07-26
H15	0	0.010827393173058	0	1.49940128378287	4.2467166280049	1.06433237771877	1.062125	0.000504105580496054		28G4A10	7.4	2	0.026	2023-07-26
H16	0	0.00788851600905201	0	0.25001628890761	3.17223250467752	0.728372304778025	0.726875	0.000514700652463384		28G4A10	7.7	2	0.017	2023-07-26
H17	0	0.00799727557284973	0	0.47165259368721	2.76057449304678	0.768423261674715	0.762375	0.000510641025743663		28G4A10	8	2	0.018	2023-07-26
H18	0	0.00714355925070255	0	-0.197946429705779	3.34463782274107	0.629415570253715	0.626625	0.000401676270949669	questionable fit	28G4A10	8.3	2	0.015	2023-07-26
H19	0	0.00636601868932212	0	0.935775122271506	2.84281984720846	0.64445750657228	0.64325	0.000599972804948279		28G4A10	8.6	2	0.016	2023-07-26
H2	0	0.00802540309714134	0	4.08001193280515	4.4560762739271	0.958928462110965	0.957125	0.000537235807971493		28G4A10	3.5	2	0.024	2023-07-26
H20	0	0.00763293097032417	0	-0.427367833865046	3.40228036201822	0.658494016889694	0.657	0.000461865586433955	questionable fit	28G4A10	8.9	2	0.015	2023-07-26
H21	0	0.0106678778901748	0	-0.143531205128724	3.50200104676036	0.941915639425283	0.939875	0.000844934587817926	questionable fit	28G4A10	9.2	2	0.022	2023-07-26
H22	0	0.00643639284854774	0	-1.49846247755123	3.02062003505918	0.504562190634557	0.502	0.000572841007273067	questionable fit	28G4A10	9.5	2	0.012	2023-07-26
H23	0	0.00880712746250891	0	-0.389566788002764	1.82761809053836	0.763874414755923	0.762125	0.000799858183363322	questionable fit	28G4A10	9.8	2	0.018	2023-07-26
H24	0	0.0047275181538108	0	-0.266707810671991	2.11912793186458	0.41872176727324	0.417875	0.00056890910584929	questionable fit	28G4A10	10.1	2	0.01	2023-07-26
H3	0.109561603337723	0.0149656379438868	0.122761888279149	15.0197922370293	5.64627336933589	3.5197697040878	3.5035	0.00424206235215288		28G4A10	3.8	2	0.115	2023-07-26
H4	0.136149980173157	0.00977035821425501	0.130844719664082	19.5646956675952	5.29747919778087	3.84610318776901	3.8255	0.00519605460940556		28G4A10	4.1	2	0.144	2023-07-26
H5	0.16173946833623	0.014533545777595	0.131884402079488	17.5560788421269	5.25571765599831	4.86297624913443	4.839375	0.00469764928735752		28G4A10	4.4	2	0.164	2023-07-26
H6	0.170259079271764	0.00747734176324977	0.17829601844989	17.277631587136	3.88762007467235	5.22657128587819	5.21425	0.00371045888640784		28G4A10	4.7	2	0.179	2023-07-26
H7	0.183699369764536	0.0136669956605041	0.15764994110629	15.9911572860008	4.39674874405829	5.83476146878145	5.81225	0.00478012994570518		28G4A10	5	2	0.192	2023-07-26
H8	0.204488450992166	0.00657934736676446	0.228023334066761	14.9277367186336	3.03980811173038	6.77588513515307	6.74725	0.00803780947382652		28G4A10	5.3	2	0.214	2023-07-26
H9	0.216058279307166	0.00578292405663612	0.271367595038904	13.2422164845185	2.55427395618321	7.532398480043	7.52375	0.00731291009599615		28G4A10	5.6	2	0.227	2023-07-26
I1	0	0	0	0	0	0	0	0	cannot fit data	23G4B11	3.2	1	0.02	2023-07-26
I10	0.148	0.00577375995463956	0.0646100217868181	300.727155259621	10.728168191105	1.92330655064366	2.061875	0.0120676499406466		23G4B11	5.9	1	0.148	2023-07-26
I11	0.112	0.0162957518455587	0.038638882805671	494.888106640034	17.9391103010414	2.29442280624634	2.30375	0.00269618335475838		23G4B11	6.2	1	0.112	2023-07-26
I12	0.412464537556728	0.0254976507231815	0.0486989443816906	55.8482907739646	14.2333101745948	3.89977902701637	3.90575	0.00559785868740794		23G4B11	6.5	1	0.154	2023-07-26
I13	0.20161590197675	0.0108633369017342	0.0741103566489095	38.6664390012368	9.35290574627325	2.86304863207503	2.880625	0.00446326862525769		23G4B11	6.8	1	0.126	2023-07-26
I14	0.200601012093588	0.0111568089921759	0.0886419725952058	31.9492501356671	7.8196272066878	3.61216090673411	3.64025	0.00553700846761981		23G4B11	7.1	1	0.156	2023-07-26
I15	0.163359405648454	0.00976428976528563	0.0934736844317992	29.479828577733	7.41542590059861	3.23111730527748	3.26075	0.00584663760782955		23G4B11	7.4	1	0.133	2023-07-26
I16	0.140320000833132	0.0105183412788733	0.0953222521913443	26.362019466861	7.27161984348169	3.12321824839368	3.146125	0.00537264619074027		23G4B11	7.7	1	0.12	2023-07-26
I17	0.104034497795917	0.00416297665571713	0.113972511768677	27.8808825162731	6.08170487605627	2.16296700108125	2.195125	0.00414262540897366		23G4B11	8	1	0.092	2023-07-26
I18	0.132116792631196	0.00892774174568475	0.113885046059371	23.0456656637187	6.08637573188133	3.30704254864747	3.327125	0.00465629811023583		23G4B11	8.3	1	0.125	2023-07-26
I19	0.121552555534509	0.00539733000991582	0.114085434198584	26.9010946097386	6.07568516900598	2.63097845941327	2.64825	0.00305057670389751		23G4B11	8.6	1	0.113	2023-07-26
I2	0	0.0237773071466776	0	-42.0794884580755	13.5835515083705	1.05928743108128	1.048	0.000679481728356937	questionable fit (k < n0)	23G4B11	3.5	1	0.025	2023-07-26
I20	0.0867010119870726	0.0177684038142772	0.0850562983720272	15.9389433438222	8.14927517217118	2.62721410151464	2.626	0.00168847598284446		23G4B11	8.9	1	0.079	2023-07-26
I21	0	0.0125261005284824	0	4.76237020507724	7.88759121473068	1.197333784062	1.19525	0.000955759227496353		23G4B11	9.2	1	0.031	2023-07-26
I22	0	0.0207322315056946	0	3.74735968300867	6.54130843174473	2.0468306905436	2.0435	0.00171408732050944		23G4B11	9.5	1	0.051	2023-07-26
I23	0	0.0149342312559256	0	-1.09118489925667	5.57468431223409	1.20775375042305	1.204875	0.000876837917071389	questionable fit	23G4B11	9.8	1	0.029	2023-07-26
I24	0	0.0205975282559326	0	0.868227264039465	5.33897981274205	1.85244203161952	1.849125	0.00142080540884361		23G4B11	10.1	1	0.044	2023-07-26
I3	0	0.0178572821854018	0	-2.16645611252541	1.20632802578674	1.09857812078881	1.08225	0.00115714288892181	questionable fit	23G4B11	3.8	1	0.024	2023-07-26
I4	0	0.0143480479416815	0	-1.23245997991051	1.11132069542966	0.999474267922867	0.984625	0.00189455091712433	questionable fit	23G4B11	4.1	1	0.023	2023-07-26
I5	0	0.0120472475088126	0	-1.03864151718012	1.02120470247027	0.857036612491473	0.846375	0.00200526562697386	questionable fit	23G4B11	4.4	1	0.021	2023-07-26
I6	0	0.0213158284784234	0	-1.2651133371698	1.32152103257273	1.53113515156501	1.52725	0.0027936806003141	questionable fit	23G4B11	4.7	1	0.036	2023-07-26
I7	0	0.0144703411578666	0	-1.54226455213206	1.11127246613221	0.953717358532227	0.943625	0.00173532412472355	questionable fit	23G4B11	5	1	0.023	2023-07-26
I8	0	0.0155327173244645	0	-1.42571846262493	2.14225093675301	1.18254350040981	1.179375	0.000755536543786702	questionable fit	23G4B11	5.3	1	0.027	2023-07-26
I9	0.089	0.0136536863486829	0.0281686578993632	606.491883114285	24.6070360553321	1.39978680778463	1.40725	0.00766836079885951		23G4B11	5.6	1	0.089	2023-07-26
J1	0	0	0	0	0	0	0	0	cannot fit data	35D01	3.2	1	0.013	2023-07-26
J10	0.171689291276698	0.00732446698267996	0.268838212272968	11.5715250592265	2.57830601795607	6.26171828384817	6.253125	0.00459923243720656		35D01	5.9	1	0.181	2023-07-26
J11	0.137040769970306	0.00804316156095151	0.275682376504765	10.0658288898957	2.51429630485634	5.19653011042728	5.18675	0.00422888241808724		35D01	6.2	1	0.144	2023-07-26
J12	0.1175885396376	0.00607115669133368	0.29490951403298	9.86957421002464	2.35037239416572	4.4866419942323	4.491375	0.006263763671208		35D01	6.5	1	0.134	2023-07-26
J13	0.0987021950804732	0.00519689882617053	0.284432099444516	10.160442568422	2.43695132129473	3.73629111416281	3.735125	0.0027197589432406		35D01	6.8	1	0.108	2023-07-26
J14	0.090052932255249	0.00971260069210095	0.181682478407548	11.6293419791071	3.8151570070785	3.23779660874652	3.23575	0.00227450702440984		35D01	7.1	1	0.095	2023-07-26
J15	0	0.0126673698140596	0	7.25071630955272	4.57819560242718	1.97820031567862	1.97525	0.000665091601897938		35D01	7.4	1	0.051	2023-07-26
J16	0	0.00847527228452672	0	7.4441104361746	4.52985875609958	1.36163913105078	1.359	0.000713793843866328		35D01	7.7	1	0.036	2023-07-26
J17	0	0.00857689857458161	0	9.77538142998514	4.10869116942989	1.98940279962586	1.992875	0.0037362046943541		35D01	8	1	0.059	2023-07-26
J18	0	0.0049939150628817	0	7.60750432560333	2.76149176808367	1.54989923796507	1.555875	0.00498460476071779		35D01	8.3	1	0.048	2023-07-26
J19	0	0.00453741871754617	0	6.25726413077452	2.22200123132802	1.51518634138848	1.52025	0.00512262614230823		35D01	8.6	1	0.047	2023-07-26
J2	0	0.00736807885796009	0	1.33293798670506	1.63675364098642	0.931068031110164	0.929875	0.00110716631096141		35D01	3.5	1	0.022	2023-07-26
J20	0	0.00863666251505185	0	17.0907294035093	6.75492292276982	1.75278578485009	1.75175	0.000662058783323521		35D01	8.9	1	0.056	2023-07-26
J21	0	0.00851562044401032	0	5.8117787152034	3.0230310602695	1.68784205419633	1.690625	0.00491941193462493		35D01	9.2	1	0.05	2023-07-26
J22	0	0.00725211975079786	0	6.54003576880041	3.34497612331716	1.43468181151794	1.4385	0.0052840481083205		35D01	9.5	1	0.046	2023-07-26
J23	0	0.0111326728886249	0	1.09173292449856	1.63922171008899	1.32341116417832	1.322625	0.0072698894489662		35D01	9.8	1	0.042	2023-07-26
J24	0	0.00644994976157184	0	5.11665321338941	3.05203299775004	1.13382831577695	1.135375	0.00493737979241031		35D01	10.1	1	0.037	2023-07-26
J3	0.0987421761270626	0.0136787705417997	0.164566177084243	11.1052703743343	4.21196623049167	3.57514635318668	3.565375	0.00222914268243288		35D01	3.8	1	0.101	2023-07-26
J4	0.100227312998643	0.00652668897587229	0.225277399346732	11.8263309597504	3.07686071736427	3.61627301581805	3.609375	0.00112868409698378		35D01	4.1	1	0.102	2023-07-26
J5	0.128031731853258	0.0127806630894664	0.21875353808207	10.0532299592295	3.16862157584805	4.82318963908625	4.813	0.00443221105364708		35D01	4.4	1	0.137	2023-07-26
J6	0.121596435888434	0.00784048634805022	0.224974746188159	11.8891321750825	3.08099994467925	4.37997439741372	4.361875	0.00471780242297109		35D01	4.7	1	0.131	2023-07-26
J7	0.139778309548705	0.0167063441801993	0.179736127717407	11.1106250903637	3.85647109105275	5.08694836365152	5.06575	0.00546267067760476		35D01	5	1	0.149	2023-07-26
J8	0.150926378224038	0.00946917993589072	0.214754539554158	12.5909090624731	3.22762527860392	5.32986193883158	5.30075	0.00537393634940698		35D01	5.3	1	0.161	2023-07-26
J9	0.156099877488971	0.0102889491005857	0.24839991938985	10.6732738139497	2.79044849234468	5.81586155568418	5.79225	0.00474741802266102		35D01	5.6	1	0.164	2023-07-26
K1	0	0.0295344930028246	0	-104.962207856557	24.6010928583002	1.38938878934152	1.35475	0.00183842774207001	questionable fit (k < n0)	23G1B05	3.2	1	0.032	2023-07-26
K10	0.245366353304207	0.0285910938707523	0.147976619992202	13.68976991059	4.6841668676881	8.27338302340389	8.239125	0.00931868348987406		23G1B05	5.9	1	0.259	2023-07-26
K11	0.216966718890302	0.0385883858856637	0.111482224523176	13.7327311160621	6.21755785305348	7.13940078647995	7.11025	0.00914683480175578		23G1B05	6.2	1	0.222	2023-07-26
K12	0.171459537499893	0.0340945081586265	0.128909104036935	10.8099852247394	5.3770227148685	6.12747897100378	6.102	0.0105062686900921		23G1B05	6.5	1	0.175	2023-07-26
K13	0.158556053418557	0.0274469251046779	0.181637069675145	8.60934321468442	3.81611078509265	6.11281922076368	6.094125	0.00815842495617177		23G1B05	6.8	1	0.18	2023-07-26
K14	0.15923060742186	0.0104289480042844	0.240979955479817	11.0300828448707	2.87636861406093	5.87466584325252	5.906625	0.00861781636649628		23G1B05	7.1	1	0.172	2023-07-26
K15	0	0.0237154429315303	0	2.64069179127506	3.38573390943379	2.79156496989521	2.785	0.00281026792499518		23G1B05	7.4	1	0.07	2023-07-26
K16	0	0.0224616066781332	0	2.60735636785078	2.76564124210547	2.88320597314506	2.87875	0.00122613373876229		23G1B05	7.7	1	0.067	2023-07-26
K17	0	0.0230034350664359	0	1.2246298916242	1.59704382117941	2.8533320485123	2.84975	0.00633824605391478		23G1B05	8	1	0.073	2023-07-26
K18	0	0.0187438606482433	0	1.55766060601443	1.83350336988743	2.38854141267415	2.385625	0.00335793291696003		23G1B05	8.3	1	0.059	2023-07-26
K19	0	0.0210106299680598	0	0.905866552971108	1.70988234438184	2.36184930806585	2.358	0.00318744128567557		23G1B05	8.6	1	0.057	2023-07-26
K2	0.179782559393205	0.0450406895798278	0.0625528046408668	17.5179128229698	11.0809928433984	5.08146465842205	5.06225	0.0104203404012241		23G1B05	3.5	1	0.166	2023-07-26
K20	0	0.0203393426989605	0	2.19241184070354	2.6523119167967	2.49909380542334	2.495625	0.00179605950791788		23G1B05	8.9	1	0.059	2023-07-26
K21	0	0.0276955620444873	0	-0.0339488854857795	2.03034968428883	2.54384660538786	2.538625	0.00321421548724115	questionable fit	23G1B05	9.2	1	0.059	2023-07-26
K22	0	0.0247786626759992	0	-0.234250568082071	1.95161952920284	2.20614372028987	2.2015	0.0032988882257523	questionable fit	23G1B05	9.5	1	0.054	2023-07-26
K23	0	0.0287414715013058	0	-0.679551846428483	1.85298234030519	2.38164010114397	2.376	0.00326904571770153	questionable fit	23G1B05	9.8	1	0.057	2023-07-26
K24	0	0.024045235416987	0	-0.312641522212986	2.26376409569957	2.11548145159716	2.110875	0.00187030989335269	questionable fit	23G1B05	10.1	1	0.051	2023-07-26
K3	0.20760971101667	0.0319899677859668	0.151585881359995	11.2338876524769	4.57263680720909	7.45135334999351	7.435875	0.00371378679921914		23G1B05	3.8	1	0.209	2023-07-26
K4	0.199923820110586	0.0221807261646461	0.179800123787976	11.5746054588773	3.85509846131874	7.19400665386259	7.18075	0.00298264041802037		23G1B05	4.1	1	0.204	2023-07-26
K5	0.204807254176881	0.0240873540142416	0.200053703311032	10.0736018043409	3.46480554515045	7.68193397084296	7.674625	0.00307951162549845		23G1B05	4.4	1	0.212	2023-07-26
K6	0.213276825716972	0.0218755265828947	0.204105833675907	10.6268582487428	3.39601846785316	7.90189383636182	7.8965	0.00361656822201847		23G1B05	4.7	1	0.22	2023-07-26
K7	0.209297029550774	0.0241523842635994	0.197196893892185	10.3285312628412	3.5150004996474	7.79783863308682	7.78875	0.00519773792674009		23G1B05	5	1	0.221	2023-07-26
K8	0.215724437885155	0.0200479901044877	0.195800836087926	11.6359748994252	3.54006241448673	7.78216370546693	7.766	0.00555012962168921		23G1B05	5.3	1	0.224	2023-07-26
K9	0.223029367575568	0.0290127364626785	0.170349798027022	11.1547473659689	4.06896391183273	8.08315147502278	8.06275	0.00782412264191787		23G1B05	5.6	1	0.235	2023-07-26
L1	0	0.013	0	-12.2026802828888	8.85206920061112	0.434334825913993	0.426625	0.000390806848600205	questionable fit (k < n0)	28G1A01	3.2	1	0.013	2023-07-26
L10	0.116588070994607	0.0086524263379048	0.139672242437798	18.0686966827257	4.96266952160257	3.46144559905276	3.466125	0.00366867029771761		28G1A01	5.9	1	0.12	2023-07-26
L11	0.0864348158722292	0.00814990501449697	0.146504016433477	15.4422292140994	4.73125036046149	2.77822704800561	2.789125	0.00416033434428908		28G1A01	6.2	1	0.089	2023-07-26
L12	0.0941217652084691	0.00826515213865785	0.110529707168488	21.1764831027759	6.2711392105955	2.50756446944762	2.515125	0.00218915815086373		28G1A01	6.5	1	0.087	2023-07-26
L13	0.11824712689308	0.00970631303321211	0.0902155260265657	26.7620205879611	7.68323603584415	2.60018091577801	2.6	0.00138594294866246		28G1A01	6.8	1	0.101	2023-07-26
L14	0	0.0129117736036625	0	1.06976969800375	3.97644166362559	1.24330338403345	1.2405	0.0006426891650042		28G1A01	7.1	1	0.03	2023-07-26
L15	0	0.00997858597283186	0	4.32570159177684	3.04759257015837	1.55777255719797	1.5575	0.00188928432485178		28G1A01	7.4	1	0.04	2023-07-26
L16	0	0.00789411424884481	0	3.00256277580074	2.31199391063823	1.20357816146643	1.202625	0.00149309440295986		28G1A01	7.7	1	0.031	2023-07-26
L17	0	0.0085626982079349	0	3.24549547153592	2.51546263103167	1.28977601735662	1.288125	0.00162466998299863		28G1A01	8	1	0.032	2023-07-26
L18	0	0.00698586792698569	0	4.95894213709339	3.18004767918373	1.15556606863248	1.15475	0.000892047941136592		28G1A01	8.3	1	0.029	2023-07-26
L19	0	0.00764760515779279	0	2.64014221732698	1.71600510913659	1.33886590333109	1.33675	0.00149338749830533		28G1A01	8.6	1	0.033	2023-07-26
L2	0	0.0123383391111212	0	-1.14616429895462	0.360749906887294	0.659772442294278	0.657375	0.00164779110237685	questionable fit	28G1A01	3.5	1	0.017	2023-07-26
L20	0	0.0101117708253555	0	0.912159303425243	2.94532261061404	1.0140096978023	1.011375	0.00122011708641132		28G1A01	8.9	1	0.024	2023-07-26
L21	0	0.0125979791242079	0	0.845276250045598	2.22043046056511	1.32048180018072	1.3115	0.000462237617376645		28G1A01	9.2	1	0.029	2023-07-26
L22	0	0.0108619359094238	0	0.183262517074468	3.55281851022443	0.985631676426803	0.983375	0.000709608538402276		28G1A01	9.5	1	0.023	2023-07-26
L23	0	0.0121826571969207	0	1.01588951368562	1.83444739389934	1.37743872901218	1.375	0.000748149637529128		28G1A01	9.8	1	0.031	2023-07-26
L24	0	0.00824896936319114	0	0.710116762402835	1.58277889198659	0.901985746890806	0.9005	0.0016586270139031		28G1A01	10.1	1	0.022	2023-07-26
L3	0	0.0120900680506654	0	11.0898217882923	8.52031805653388	1.40401031314346	1.402	0.000503145604959931		28G1A01	3.8	1	0.039	2023-07-26
L4	0	0.00723531746433758	0	18.490968125737	6.37217370349945	1.77279703538415	1.775625	0.00115359371864893		28G1A01	4.1	1	0.057	2023-07-26
L5	0.101303495720689	0.00783210430933357	0.113261510523807	21.8911453706254	6.11988289185188	2.63798769256794	2.645125	0.001604322033038		28G1A01	4.4	1	0.095	2023-07-26
L6	0.126735508963938	0.00745305155501716	0.124990100949087	22.1847226138885	5.54561661520933	3.27469132179842	3.286	0.00193926553864336		28G1A01	4.7	1	0.121	2023-07-26
L7	0.105413164552263	0.00799838682081272	0.155838138653761	16.0406051360424	4.44786614206147	3.34163142621041	3.357	0.00341431423243229		28G1A01	5	1	0.106	2023-07-26
L8	0.100366772938981	0.00571582467740563	0.162701965676476	17.252141344458	4.26022622208652	3.07443634413895	3.083375	0.00323311498359604		28G1A01	5.3	1	0.106	2023-07-26
L9	0.108968652439268	0.00992577209556794	0.137261970185134	16.7593272301793	5.04981226500721	3.36126945409109	3.35875	0.00298280698716034		28G1A01	5.6	1	0.113	2023-07-26
M1	0	0	0	0	0	0	0	0	cannot fit data	35G1A08	3.2	1	0.00700000000000001	2023-07-26
M10	0	0.00543121549474237	0	18.3599589368064	6.10121310605012	1.43084130067226	1.4285	0.000831673690844099		35G1A08	5.9	1	0.05	2023-07-26
M11	0	0.00723974258567812	0	21.2279684937036	8.81190635275578	1.19810242826384	1.195625	0.000518815296896591		35G1A08	6.2	1	0.042	2023-07-26
M12	0.045	0.00503933613458924	0.045907543038071	438.735855478754	15.0987644881173	0.893840355698031	0.895625	0.00117987881806894		35G1A08	6.5	1	0.045	2023-07-26
M13	0	0.00394762918990843	0	13.1746407524056	6.78071784629826	0.631870970445386	0.631375	0.000683772406987684		35G1A08	6.8	1	0.019	2023-07-26
M14	0	0.00732996443292938	0	0.720685042886873	4.27823155406824	0.678107931004989	0.67675	0.000695979490638881		35G1A08	7.1	1	0.016	2023-07-26
M15	0	0.00743865504560609	0	-0.408689475254646	5.55891575172194	0.621891651242777	0.620375000000001	0.000538955465715987	questionable fit	35G1A08	7.4	1	0.015	2023-07-26
M16	0	0.00639025813094432	0	-0.743651082119525	5.34821323744431	0.527155223060754	0.52575	0.000426608111907168	questionable fit	35G1A08	7.7	1	0.012	2023-07-26
M17	0	0.00677405130662742	0	-0.829491798965062	6.57069088286011	0.54639383382138	0.544875	0.000493010747880359	questionable fit	35G1A08	8	1	0.014	2023-07-26
M18	0	0.00715099228908349	0	-2.04332688726524	9.14873210910194	0.53541129807823	0.533875	0.000383347054810303	questionable fit	35G1A08	8.3	1	0.013	2023-07-26
M19	0	0.00320931475021697	0	6.67477626130701	7.10696792031291	0.350209869580335	0.349625	0.000379454498561832		35G1A08	8.6	1	0.00900000000000001	2023-07-26
M2	0	0.00529405270882174	0	17.7948522237845	4.970643939645	2.05376501940538	2.04675	0.00258318866197519		35G1A08	3.5	1	0.069	2023-07-26
M20	0	0.00525734035997115	0	2.15797131366019	8.63513702782823	0.445966038631375	0.444875	0.000375619527914424		35G1A08	8.9	1	0.011	2023-07-26
M21	0	0.00583323038612164	0	-5.70401997023919	7.05016608922823	0.400060305166174	0.39875	0.00027264238493294	questionable fit	35G1A08	9.2	1	0.00900000000000001	2023-07-26
M22	0	0.00897850544342465	0	-13.5623801666834	8.64050447490571	0.53622294504806	0.5345	0.000362513661604976	questionable fit	35G1A08	9.5	1	0.012	2023-07-26
M23	0	0.00945435291562381	0	-8.10835176263229	3.61488478875713	0.540571785486118	0.5385	0.000467782603785677	questionable fit	35G1A08	9.8	1	0.012	2023-07-26
M24	0	0.00623891927243041	0	-4.73505100313242	2.83966504591239	0.386224209631301	0.385	0.000377350624555643	questionable fit	35G1A08	10.1	1	0.00900000000000001	2023-07-26
M3	0.0953856114932279	0.00715896775309317	0.132416878746709	18.966941543786	5.23458328817598	2.74751076823921	2.739375	0.00293782614655648		35G1A08	3.8	1	0.094	2023-07-26
M4	0	0.00480164463892208	0	21.6318363115788	5.30974574984655	2.25879630307215	2.237625	0.00413325873325746		35G1A08	4.1	1	0.086	2023-07-26
M5	0.0895288146993408	0.00662923420055359	0.138569382184582	18.2301506266675	5.00216692628847	2.64395376344758	2.631375	0.00346844753547005		35G1A08	4.4	1	0.091	2023-07-26
M6	0	0.00506806753962934	0	19.1353661100556	4.81075943697695	2.44085102993839	2.43075	0.00245478328989986		35G1A08	4.7	1	0.086	2023-07-26
M7	0.0887566398914477	0.00579143942599724	0.153707173068173	17.3189079535181	4.50953047098536	2.70734457646948	2.701875	0.00194022904876171		35G1A08	5	1	0.09	2023-07-26
M8	0	0.00448419697572498	0	18.1231281196533	4.51323812227515	2.29138153566412	2.28475	0.00183235810649311		35G1A08	5.3	1	0.078	2023-07-26
M9	0	0.00515671730873954	0	17.5531447419969	4.85185782250188	2.0669367072441	2.060625	0.00151632697822616		35G1A08	5.6	1	0.069	2023-07-26
N1	0	0.041	0	-23.0958378200159	13.0294339266035	1.57428171134306	1.451	0.00288932144911722	questionable fit (k < n0)	23D06	3.2	1	0.041	2023-07-26
N10	0.270521914563071	0.0242552295788289	0.2725870640493	8.50290821852736	2.54284693581271	10.6470041450452	10.642	0.00324374487799114		23D06	5.9	1	0.273	2023-07-26
N11	0.246587107506896	0.0399740166187306	0.175383600330567	9.36586007197043	3.95217785045743	9.33003626758651	9.317625	0.00452202142917395		23D06	6.2	1	0.25	2023-07-26
N12	0.208172583690544	0.0330047049009299	0.204186131535499	8.17437837153939	3.39468295592562	8.1575146975925	8.139625	0.00791053794140261		23D06	6.5	1	0.215	2023-07-26
N13	0.221783957349714	0.0282431924275601	0.266088969668182	7.23305333391537	2.60494518590647	8.97333914482358	8.961625	0.00727002295540507		23D06	6.8	1	0.231	2023-07-26
N14	0.230706898977399	0.0448237393677382	0.180216738885974	7.89260983914985	3.84618645773249	9.02462437188397	8.990875	0.0132750330255353		23D06	7.1	1	0.244	2023-07-26
N15	0.202835461731251	0.027550238571	0.321250192805543	5.76000681123054	2.15765529821648	8.51712290442583	8.510625	0.00997739154644064		23D06	7.4	1	0.216	2023-07-26
N16	0.173477165067201	0.019402316085817	0.336862364171221	6.15101683137692	2.05765693732302	7.23427756010999	7.235375	0.00732290018074239		23D06	7.7	1	0.184	2023-07-26
N17	0.157953636812167	0.0263650158036215	0.351550219963062	4.57300972937042	1.97168751774007	6.80973504687296	6.805	0.00929610613900711		23D06	8	1	0.174	2023-07-26
N18	0.143268053323238	0.0221709191209721	0.306687014450966	5.53597454381528	2.26011258351067	6.03453050818019	6.032875	0.0039769093184606		23D06	8.3	1	0.15	2023-07-26
N19	0.127560547073925	0.0238013450547672	0.338268623699804	4.3525489868022	2.04910278990308	5.51592963687528	5.512	0.00465384816946627		23D06	8.6	1	0.136	2023-07-26
N2	0	0.0322523240507296	0	1.31281545272611	3.46195481049177	3.26807879239688	3.261125	0.00185760507444295		23D06	3.5	1	0.079	2023-07-26
N20	0.149247270111604	0.0214190210212511	0.276776427630888	6.45433649890413	2.50435771027558	6.14759979627006	6.151375	0.00418450988034041		23D06	8.9	1	0.155	2023-07-26
N21	0.126459963027959	0.0322724131957592	0.238676375287724	4.48756279083989	2.90412982736292	5.37237548296212	5.365	0.00528285814171729		23D06	9.2	1	0.135	2023-07-26
N22	0.108570534959319	0.0322959551911698	0.2129170089231	4.03630376640955	3.25548054646161	4.61539847528245	4.607125	0.00580457507520104		23D06	9.5	1	0.119	2023-07-26
N23	0.101181810348052	0.0373490598576427	0.206685278801327	2.59311476949918	3.35363594630376	4.38959409305109	4.38	0.00425280916336439		23D06	9.8	1	0.109	2023-07-26
N24	0.0866872621400557	0.0303333743706565	0.198593300284979	3.11895043657658	3.49028481608033	3.72043452109044	3.713125	0.00292648177184381		23D06	10.1	1	0.092	2023-07-26
N3	0.144992510125987	0.0438063412719488	0.133227121382007	6.28388185997234	5.20274830957624	5.6907983382875	5.679875	0.00456262412432539		23D06	3.8	1	0.144	2023-07-26
N4	0.158978314770107	0.0287567807412711	0.181558740304192	8.31886977288871	3.81775715891515	6.16689735592428	6.16025	0.00407590999782227		23D06	4.1	1	0.161	2023-07-26
N5	0.18829161378002	0.0329089422237269	0.192576229884355	8.05990699396117	3.59933923816138	7.37153428157119	7.368	0.00454535132478937		23D06	4.4	1	0.191	2023-07-26
N6	0.192502212213666	0.0251477870204192	0.222029831940449	8.53643833375434	3.12186508678642	7.51498601481719	7.5135	0.00402084199115654		23D06	4.7	1	0.195	2023-07-26
N7	0.22646253782991	0.03138549771856	0.215129353916112	8.49279094018341	3.22200186976916	8.83642569168749	8.835375	0.00326160755406892		23D06	5	1	0.226	2023-07-26
N8	0.240067206403503	0.0231916030271238	0.254253821713623	8.79252725917128	2.72620161965812	9.36569125300793	9.365	0.002458180006222		23D06	5.3	1	0.241	2023-07-26
N9	0.253838598636454	0.0275386710669914	0.250910650204886	8.39450215990101	2.76252594297588	9.98923945285921	9.985	0.00216170930496016		23D06	5.6	1	0.255	2023-07-26
O1	0.00800000000000001	0.00591632937380928	0.001899442207443	5963.79694152954	364.921437379793	0.298659152241509	0.29725	0.000393568880192905		23G1A10	3.2	1	0.00800000000000001	2023-07-26
O10	0.0926320220951042	0.000241954024472275	0.315616871245063	18.8362143424043	2.19616644010689	2.71972433180125	2.798	0.00615890878165267		23G1A10	5.9	1	0.1	2023-07-26
O11	0	0.00264073446201999	0	18.9590112276411	4.07204832188161	2.01113003789868	2.04425	0.00424121951513648		23G1A10	6.2	1	0.07	2023-07-26
O12	0	0.00360434150907337	0	20.9486891198698	5.01746957044199	1.85756631306559	1.873875	0.00232598621655299		23G1A10	6.5	1	0.066	2023-07-26
O13	0.159426309189318	0.000516379759074125	0.145879633574682	39.2738193587441	4.75150069666917	1.68300112289636	1.768875	0.00472054789372		23G1A10	6.8	1	0.115	2023-07-26
O14	0	0.0073408661873786	0	-2.69837538636259	4.11407614050439	0.543466931455862	0.54125	0.000597373713812611	questionable fit	23G1A10	7.1	1	0.013	2023-07-26
O15	0	0.00441140677791187	0	-0.667946816087526	10.8432168114673	0.331413999701175	0.33075	0.00121303465682802	questionable fit	23G1A10	7.4	1	0.014	2023-07-26
O16	0	0.00364782918224137	0	0.947329073946167	3.50939268923169	0.355643285662789	0.355	0.00155790759769776		23G1A10	7.7	1	0.012	2023-07-26
O17	0	0	0	0	0	0	0	0	cannot fit data	23G1A10	8	1	0.005	2023-07-26
O18	0.005	0.0021828377837617	0.00719321893013443	1569.96087207947	96.3611961893939	0.125770454271676	0.125125	0.000937632324691492		23G1A10	8.3	1	0.005	2023-07-26
O19	0	0.00148734955473981	0	0.0819466331844282	0.0660957879108426	0.240445542828246	0.238	0.00190953864495194		23G1A10	8.6	1	0.00800000000000001	2023-07-26
O2	0	0.00880683120795363	0	-16.0750531665627	7.03453770324097	0.35361905151331	0.338375	0.000692170381504394	questionable fit (k < n0)	23G1A10	3.5	1	0.00899999999999999	2023-07-26
O20	0	0	0	0	0	0	0	0	cannot fit data	23G1A10	8.9	1	0.018	2023-07-26
O21	0	0.011	0	-0.891751456349791	0.362584366888755	0.434787235178147	0.390625	0.00174980254065796	questionable fit (k < n0)	23G1A10	9.2	1	0.011	2023-07-26
O22	0	0.00490855183468878	0	-0.776906435880142	1.29601489345772	0.385060517377008	0.384125	0.00204775522369628	questionable fit	23G1A10	9.5	1	0.012	2023-07-26
O23	0	0.012	0	-0.508120367108681	0.40230128709221	0.339622883267807	0.30775	0.00187365237315465	questionable fit (k < n0)	23G1A10	9.8	1	0.012	2023-07-26
O24	0	0	0	0	0	0	0	0	cannot fit data	23G1A10	10.1	1	0.01	2023-07-26
O3	0	0.00971927921485117	0	-21.8444483319568	7.47101407535416	0.515754134665713	0.513	0.000401484855413727	questionable fit	23G1A10	3.8	1	0.011	2023-07-26
O4	0.024	0.00497868988194167	0.0329925458858667	549.763914044442	21.0092056235307	0.589382743070187	0.5915	0.000981498259769243		23G1A10	4.1	1	0.024	2023-07-26
O5	0	0.00100831448073244	0	24.6682347001452	4.12360633748818	1.52522127957575	1.5805	0.00458045294571007		23G1A10	4.4	1	0.061	2023-07-26
O6	0	0.000210908388295346	0	22.6962526588893	2.75820444179389	1.61873187357686	1.688875	0.00397629139672532		23G1A10	4.7	1	0.062	2023-07-26
O7	0	0.000856430982139372	0	19.2051101975674	2.95902804681999	2.25445053738316	2.311375	0.00415549530483317		23G1A10	5	1	0.076	2023-07-26
O8	0	0.000356927856157052	0	20.0996647177371	2.57183686339149	2.26831063232881	2.295625	0.00219461262721556		23G1A10	5.3	1	0.084	2023-07-26
O9	0.0917752231847113	0.00051715943220517	0.2829540333578	18.2824587073937	2.44968121618344	2.74435775467835	2.80375	0.00444160529584057		23G1A10	5.6	1	0.094	2023-07-26
