sample	k	n0	r	t_mid	t_gen	auc_l	auc_e	sigma	note	strain	pH	replicate	max.OD	date
A1	0	0.03	0	-18.2199532817831	10.4895303297756	1.12168121211082	1.054	0.00257571095546438	questionable fit (k < n0)	24G4A10	3.2	1	0.03	2023-08-09
A10	0.32244623865375	0.0341553810310098	0.267193905058079	7.98315271557933	2.59417287385084	12.8341999642095	12.8015006944444	0.0128938253454968		24G4A10	5.9	1	0.342	2023-08-09
A11	0.287952837551662	0.0136697504369585	0.317328260733378	9.45070362296273	2.18432225027173	11.1152000761884	11.0563752777778	0.0137930386059815		24G4A10	6.2	1	0.307	2023-08-09
A12	0.303014509582836	0.0153578488277322	0.329394968669227	8.89552430933595	2.10430409231901	11.8634120587071	11.819	0.01556481588611		24G4A10	6.5	1	0.326	2023-08-09
A13	0.310636966565984	0.00692881147939275	0.394131939593401	9.59165840057205	1.75866787470972	11.9768662534183	11.9628754166667	0.0202121661093859		24G4A10	6.8	1	0.345	2023-08-09
A14	0.31318127671632	0.0126310259660559	0.268090799729527	11.8223333342922	2.58549409848921	11.3462596701823	11.3861273611111	0.0200211225945841		24G4A10	7.1	1	0.367	2023-08-09
A15	0.295381923737969	0.0305126801787754	0.193358620905925	11.1766102425399	3.58477515671351	10.7720591370363	10.7682506944444	0.00856697894194356		24G4A10	7.4	1	0.306	2023-08-09
A16	0.257085212301591	0.033856964638435	0.197028293953674	9.57248329192366	3.51800833601553	9.74816621157303	9.74487611111111	0.00960888201400952		24G4A10	7.7	1	0.275	2023-08-09
A17	0.203817220966197	0.0176851427634441	0.315593906815061	7.4581022432706	2.19632624582366	8.24624521675688	8.26112583333333	0.0146151078458535		24G4A10	8	1	0.231	2023-08-09
A18	0.162477219731397	0.025440484800608	0.260474867794906	6.46475895123331	2.66109044004091	6.67558346083379	6.68087597222222	0.0119201158118294		24G4A10	8.3	1	0.181	2023-08-09
A19	0.150975313992902	0.0115821539273776	0.337078476284587	7.38057498848078	2.05633770568827	6.12768898400183	6.14412555555556	0.0102016931103961		24G4A10	8.6	1	0.171	2023-08-09
A2	0.16989931425365	0.0308267809298081	0.0258547953621601	58.2720449153214	26.8092309705303	2.43950858506947	2.43337513888889	0.0018881755088676		24G4A10	3.5	1	0.072	2023-08-09
A20	0.159370250650149	0.0223859768448251	0.179938363017275	10.0669549840037	3.8521367480341	5.94488967605515	5.94237555555556	0.00539742127328248		24G4A10	8.9	1	0.173	2023-08-09
A21	0.176139281321582	0.0272052389359723	0.154848160650177	10.9791034620748	4.47630231866854	6.36961752744786	6.37025013888889	0.00946467179967031		24G4A10	9.2	1	0.185	2023-08-09
A22	0.209762761718564	0.0311349894006377	0.158543602428892	11.018873557799	4.37196562927115	7.59126170313161	7.59200013888889	0.0204238623141893		24G4A10	9.5	1	0.237	2023-08-09
A23	0.265381164208526	0.038114233978042	0.125843118605895	14.1885980174332	5.50802609025199	8.72925385908633	8.72837527777778	0.0167211164961929		24G4A10	9.8	1	0.28	2023-08-09
A24	0.478294945260723	0.0637145747659814	0.0516894811611075	36.2327783433571	13.4098304914209	8.39010516722011	8.36887555555556	0.018360181037776		24G4A10	10.1	1	0.301	2023-08-09
A3	0.21442280732739	0.0317198037076847	0.238941469235535	7.32782258583679	2.90090783645713	8.62133030457457	8.62787652777778	0.00564720676142377		24G4A10	3.8	1	0.217	2023-08-09
A4	0.223381620874517	0.0245936338884625	0.257859341878358	8.10422932561845	2.68808248524472	8.85669434502283	8.86687611111111	0.00556721025858265		24G4A10	4.1	1	0.226	2023-08-09
A5	0.248144500313319	0.0284908956507107	0.276422695751866	7.38892727416226	2.50756248026087	10.018743410075	10.0243758333333	0.00436315954178406		24G4A10	4.4	1	0.248	2023-08-09
A6	0.252633851009089	0.0243389116040995	0.254676890434778	8.78981211381478	2.72167285919277	9.85709371537245	9.86500097222222	0.00424120115179841		24G4A10	4.7	1	0.254	2023-08-09
A7	0.265388885198743	0.0286097566306214	0.27212421618401	7.76623260027051	2.54717198741048	10.6206967197638	10.6251263888889	0.00618806449612903		24G4A10	5	1	0.271	2023-08-09
A8	0.271685954358333	0.0237598747076336	0.287572369977892	8.15492953915358	2.41033998020475	10.7945150184456	10.7915015277778	0.00918284918131522		24G4A10	5.3	1	0.283	2023-08-09
A9	0.294601068928817	0.0278044752114207	0.283999070888558	7.96231323271532	2.44066707116778	11.7526315641201	11.7458765277778	0.0103422358447494		24G4A10	5.6	1	0.311	2023-08-09
B1	0	0.0272341821832307	0	-23.0039680550637	14.7427081080489	1.0125205076737	0.900249722222222	0.00375883935901346	questionable fit (k < n0)	24G4A10	3.2	2	0.03	2023-08-09
B10	0.310548797584626	0.0279358883676607	0.277170357720909	8.34925489422054	2.50079837634692	12.2714707393307	12.2493756944444	0.0114050336714882		24G4A10	5.9	2	0.325	2023-08-09
B11	0.292181801257505	0.0181670391070276	0.273733385024121	9.91319735100654	2.53219818437151	11.1195960045193	11.0702513888889	0.0114667072769123		24G4A10	6.2	2	0.306	2023-08-09
B12	0.270444293594351	0.0156492333754983	0.293733865974569	9.49852206234976	2.35977958571504	10.4130010756006	10.3713755555556	0.0124561033329282		24G4A10	6.5	2	0.286	2023-08-09
B13	0.30528912076721	0.0073739609523557	0.388417782074306	9.52287437286148	1.78454028767237	11.7899299044054	11.7891256944444	0.0203066141635359		24G4A10	6.8	2	0.344	2023-08-09
B14	0.30351644601741	0.0105071384523236	0.285384107814487	11.6620001080757	2.42882193359738	11.0538786863985	11.0586255555556	0.0180550873701355		24G4A10	7.1	2	0.338	2023-08-09
B15	0.30669917563822	0.0297740439408117	0.195618542774896	11.4003005547104	3.54336133337611	11.1289478723511	11.1351256944444	0.0115627725991277		24G4A10	7.4	2	0.323	2023-08-09
B16	0.241749136248703	0.0263190033784645	0.210436966888061	9.99038067534825	3.2938470403285	9.10623891843813	9.09600069444445	0.0044367546638507		24G4A10	7.7	2	0.255	2023-08-09
B17	0.195501040752239	0.0199016305601595	0.304654885880527	7.14711549764553	2.27518813150355	7.9579126509006	7.97012597222222	0.0132201690774701		24G4A10	8	2	0.221	2023-08-09
B18	0.161283279717694	0.0201184253146583	0.360109199203941	5.41028197668905	1.92482497556913	6.84235585206518	6.84987541666667	0.0118958383097102		24G4A10	8.3	2	0.185	2023-08-09
B19	0.153110822904303	0.0167340793892361	0.264131894100137	7.94290259372501	2.62424643158452	6.09744218923684	6.10200069444444	0.00870775889099074		24G4A10	8.6	2	0.17	2023-08-09
B2	0.065	0.0330207381657151	0.0141950861271397	1166.60474546582	48.8300792507845	2.28509226776743	2.27887527777778	0.00199436829087476		24G4A10	3.5	2	0.065	2023-08-09
B20	0.159878752301806	0.0199861354229356	0.1964923759052	9.90285904342499	3.52760343685987	6.01543525774095	6.00900041666667	0.00682707897215113		24G4A10	8.9	2	0.173	2023-08-09
B21	0.138307953044553	0.0157486341421307	0.17600316278997	11.6579808897552	3.93826548098513	4.96097143346706	4.96587513888889	0.00648570743768669		24G4A10	9.2	2	0.151	2023-08-09
B22	0.132299986780555	0.0193269323722473	0.170245502887536	10.3711975993636	4.07145662471823	4.8838894557997	4.90837527777778	0.0314566418633139		24G4A10	9.5	2	0.178	2023-08-09
B23	0.2249076964023	0.0287111343065318	0.138797926574899	13.8462588706688	4.9939303681594	7.51987918425345	7.53225	0.0194352535000088		24G4A10	9.8	2	0.243	2023-08-09
B24	0.293818574963747	0.0426770143349827	0.0856414151574903	20.6950841965542	8.09359793138965	7.85513304731911	7.83637486111111	0.00972967726055663		24G4A10	10.1	2	0.263	2023-08-09
B3	0.212530090688052	0.0332006975787797	0.233549877616966	7.22181244469813	2.96787644520518	8.5555932112048	8.55587569444445	0.00632352052249003		24G4A10	3.8	2	0.22	2023-08-09
B4	0.206290014874633	0.0259830033618722	0.256842051501897	7.54245030654468	2.69872934165855	8.2801185768835	8.28562569444444	0.00776056744723955		24G4A10	4.1	2	0.217	2023-08-09
B5	0.232640282979271	0.028042877537672	0.280773585679298	7.07797882056122	2.46870509162377	9.46131617440729	9.46737569444445	0.00770590061436484		24G4A10	4.4	2	0.243	2023-08-09
B6	0.221470715356177	0.0263274664944867	0.220886190060549	9.06856671410574	3.13802859458955	8.54079750092381	8.54312583333333	0.00417122704268168		24G4A10	4.7	2	0.224	2023-08-09
B7	0.250137979790765	0.0259308280547914	0.264154584201658	8.16619511745971	2.62402101653776	9.91154540623526	9.91987597222222	0.00596941109154289		24G4A10	5	2	0.253	2023-08-09
B8	0.237611290128431	0.0198020289615645	0.289724728462514	8.27625359592182	2.3924336187604	9.41609816261181	9.41962583333333	0.00872744711916659		24G4A10	5.3	2	0.248	2023-08-09
B9	0.273903385275279	0.025521873268746	0.276440392524001	8.23117793484677	2.50740195465381	10.8519929602861	10.8492506944444	0.00915988728566577		24G4A10	5.6	2	0.288	2023-08-09
C1	0	0.0234735688586543	0	-18.7046493175301	18.111971457639	0.763634542435821	0.689500138888889	0.0029361865890234	questionable fit (k < n0)	33G4B03	3.2	1	0.026	2023-08-09
C10	0.236373507094995	0.0250478552138124	0.383653548902437	5.5586925234655	1.80670081781574	10.0113791780744	10.0070006944444	0.0027162364240617		33G4B03	5.9	1	0.239	2023-08-09
C11	0.225248113864431	0.0125167092505589	0.477636333139799	5.93121936187111	1.45120279272613	9.49506501416331	9.48350180555556	0.00568394540702576		33G4B03	6.2	1	0.233	2023-08-09
C12	0.228232421242362	0.00653222324174244	0.564978839526237	6.2384259586173	1.22685511751411	9.5663388344627	9.56112625	0.0106055291640586		33G4B03	6.5	1	0.242	2023-08-09
C13	0.247734992423088	0.00244799633416205	0.617031301101811	7.46665373732451	1.12335821427895	10.0882579776225	10.0947508333333	0.0104351610960252		33G4B03	6.8	1	0.264	2023-08-09
C14	0.244128475416121	0.00709440762214251	0.523554305660487	6.70206896210377	1.32392604370908	10.1182282060986	10.1255015277778	0.00949720744234835		33G4B03	7.1	1	0.257	2023-08-09
C15	0.263430971512762	0.0108688993435255	0.451157918501301	6.9726175252918	1.536373744392	10.8372111877247	10.8581259722222	0.00925868407159465		33G4B03	7.4	1	0.28	2023-08-09
C16	0.232922005615429	0.0201143135171869	0.337534130074151	6.98879614473356	2.05356175509621	9.53777333574784	9.54712666666667	0.00811174596400325		33G4B03	7.7	1	0.246	2023-08-09
C17	0.205000573787876	0.0131950722561227	0.36651797623717	7.30288436939522	1.89116830687567	8.34768836763229	8.36125069444445	0.00722771358244986		33G4B03	8	1	0.215	2023-08-09
C18	0.196702240050529	0.0226200639327501	0.268468182407431	7.60123657448364	2.58185969877062	7.89730279029355	7.90825180555556	0.00844925677843547		33G4B03	8.3	1	0.203	2023-08-09
C19	0.173745904633071	0.0109413755727841	0.304345177039062	8.87150166868469	2.27750341669118	6.79685719952997	6.81362541666667	0.0109808585671875		33G4B03	8.6	1	0.191	2023-08-09
C2	0	0.043	0	-14.0660027012581	13.6041771828868	1.33139285341951	1.28812625	0.00388971417174099	questionable fit (k < n0)	33G4B03	3.5	1	0.043	2023-08-09
C20	0.192213932927854	0.0186637523799361	0.203162272326113	10.9758740622612	3.41179084395805	7.05975648304527	7.08612625	0.0134628601927921		33G4B03	8.9	1	0.216	2023-08-09
C21	0.171791543536761	0.00658673170357836	0.232284766885441	13.8714593882231	2.98404062330008	5.86950433241986	5.90712513888889	0.0094571850609745		33G4B03	9.2	1	0.183	2023-08-09
C22	0.147216991037059	0.00879632810273294	0.218765302601967	12.5978065285743	3.16845117720105	5.20076121996623	5.28250069444444	0.0276798835913554		33G4B03	9.5	1	0.183	2023-08-09
C23	0.172076826066999	0.00788741478753858	0.195930007895297	15.494065031157	3.53772853890945	5.5889829865746	5.69100013888889	0.030080598110932		33G4B03	9.8	1	0.211	2023-08-09
C24	0.303571617514315	0.0205872517937336	0.117585495071662	22.2877797167826	5.8948357545079	7.80610260260944	7.83475	0.00983525250156588		33G4B03	10.1	1	0.279	2023-08-09
C3	0.184040197820709	0.0314895086571881	0.276400220458043	5.70854283078452	2.50776638097929	7.69605954538028	7.68825069444445	0.0018760980130647		33G4B03	3.8	1	0.187	2023-08-09
C4	0.180732804284206	0.0268645011337904	0.311655207869719	5.60007105124278	2.22408341993663	7.60673798401586	7.59612569444445	0.00308457344307482		33G4B03	4.1	1	0.184	2023-08-09
C5	0.192177131628924	0.0295592304950845	0.308140807249651	5.53320813160405	2.24944948624856	8.0963292000507	8.08825083333333	0.00280617507882575		33G4B03	4.4	1	0.196	2023-08-09
C6	0.182826180518748	0.028251768382259	0.296329861900636	5.73522880281376	2.33910675122026	7.66097289691455	7.65150069444445	0.00287643032431159		33G4B03	4.7	1	0.186	2023-08-09
C7	0.205339052495386	0.0295353789827866	0.332132839318949	5.37067955201169	2.08695768229745	8.69949220073746	8.69262611111111	0.00301782686367779		33G4B03	5	1	0.211	2023-08-09
C8	0.197847514410025	0.0238558677523398	0.349856553925419	5.67940504080106	1.98123251596341	8.34086645520832	8.33500083333333	0.00282849981839669		33G4B03	5.3	1	0.202	2023-08-09
C9	0.220526035371947	0.0258298818517347	0.390871215110943	5.16770753418802	1.77333902769792	9.42049781128367	9.41637597222222	0.00237239728742212		33G4B03	5.6	1	0.224	2023-08-09
D1	0	0.0265021769721621	0	-17.9055747249841	18.4039757635512	0.84263920605734	0.771500555555556	0.00332215544384759	questionable fit (k < n0)	33G4B03	3.2	2	0.03	2023-08-09
D10	0.225151862948875	0.0261072389705147	0.336667699140609	6.03359459432484	2.05884669758726	9.4124856337108	9.40700097222222	0.00238389285153937		33G4B03	5.9	2	0.228	2023-08-09
D11	0.214332300583576	0.0121693852211438	0.433787572121981	6.47817197827873	1.59789543340129	8.91446581465667	8.89850069444445	0.00534954187063323		33G4B03	6.2	2	0.22	2023-08-09
D12	0.224971778969019	0.00565670170049451	0.549111443031565	6.66106756168295	1.26230693123636	9.335716614814	9.33237611111111	0.0114019658859836		33G4B03	6.5	2	0.24	2023-08-09
D13	0.227685837123608	0.007397766834297	0.545511285738341	6.22124237103208	1.27063765440119	9.54525739328221	9.54875138888889	0.010844451283271		33G4B03	6.8	2	0.245	2023-08-09
D14	0.237259809507838	0.00548612028266402	0.514280036882642	7.27918610866611	1.34780106333025	9.69919206169114	9.71262625	0.00941778232783092		33G4B03	7.1	2	0.251	2023-08-09
D15	0.251118139258135	0.0176205688419041	0.406947272393708	6.34997441541192	1.70328498943555	10.4655928713244	10.4888766666667	0.0103000714319567		33G4B03	7.4	2	0.265	2023-08-09
D16	0.224914998341118	0.014027866064687	0.391277801392579	6.92673409549282	1.77149630797606	9.24702046735122	9.25175083333333	0.00620799069099782		33G4B03	7.7	2	0.233	2023-08-09
D17	0.207409633026703	0.022055601020333	0.307733085562888	6.91736182599946	2.25242982662095	8.487622703347	8.49675194444444	0.00753540191682654		33G4B03	8	2	0.215	2023-08-09
D18	0.191994269837301	0.0192211834549197	0.285558709740721	7.69006877901809	2.42733685549043	7.70766427415147	7.71012611111111	0.00743308182595279		33G4B03	8.3	2	0.206	2023-08-09
D19	0.181934339922076	0.0271232905670078	0.222518167373513	7.82773185725403	3.11501388287297	7.21406725515211	7.21875194444445	0.0107599137577772		33G4B03	8.6	2	0.205	2023-08-09
D2	0	0.0396026709144279	0	-22.2442524160736	17.7360587453793	1.38976112968437	1.29900138888889	0.00502143383281728	questionable fit (k < n0)	33G4B03	3.5	2	0.041	2023-08-09
D20	0.187154522857735	0.0198337907374526	0.204021580410065	10.4524503331343	3.3974208961953	6.96316189619843	6.98387652777778	0.0109574290661425		33G4B03	8.9	2	0.208	2023-08-09
D21	0.181280684941538	0.0255363952719274	0.161529859571191	11.1936628819161	4.29113962211088	6.54183319419715	6.56137513888889	0.0142845547216937		33G4B03	9.2	2	0.197	2023-08-09
D22	0.143126628981315	0.00540204997612164	0.235398125367049	13.7574476210782	2.94457391909618	4.90711234088228	4.98650027777778	0.0251606626166663		33G4B03	9.5	2	0.179	2023-08-09
D23	0.177981092185473	0.00712845089373784	0.189912911402306	16.7271802102959	3.64981598903301	5.56647127393719	5.68075111111111	0.0223867203302246		33G4B03	9.8	2	0.204	2023-08-09
D24	0.175974203023531	0.000768877143570459	0.246516683474719	22.0219685901368	2.8117658033925	4.60548571613149	4.886375	0.0176005504718518		33G4B03	10.1	2	0.188	2023-08-09
D3	0.163798691413595	0.0305814156753406	0.27320164146154	5.38645721881965	2.53712670557846	6.88967922331941	6.88375069444445	0.00124718729989162		33G4B03	3.8	2	0.168	2023-08-09
D4	0.162792164347254	0.0263707527652894	0.295099754886551	5.56928000125118	2.34885718839862	6.8432268966442	6.83612583333333	0.00240535162555994		33G4B03	4.1	2	0.165	2023-08-09
D5	0.183404405507485	0.0296355590058222	0.284710527645311	5.7829808176561	2.43456814292255	7.66680590319653	7.65900083333333	0.00255221325522338		33G4B03	4.4	2	0.187	2023-08-09
D6	0.176066982122979	0.0288810978030494	0.272328884949088	5.97993481874767	2.54525766038197	7.31856102294416	7.30987569444444	0.00260829888193573		33G4B03	4.7	2	0.18	2023-08-09
D7	0.196087668565708	0.0302513249093047	0.308907106590583	5.50800354538415	2.24386932437467	8.26593740752533	8.25900125	0.00278730847475856		33G4B03	5	2	0.201	2023-08-09
D8	0.193955389270407	0.0257282400644739	0.315879193442159	5.94444319201868	2.19434263145562	8.109227137991	8.10187597222222	0.00313519175198176		33G4B03	5.3	2	0.2	2023-08-09
D9	0.214768810085343	0.0270518172747027	0.346728804195113	5.58702150706145	1.99910469558189	9.06956340601697	9.06437611111111	0.00244271059432946		33G4B03	5.6	2	0.22	2023-08-09
E1	0	0.00489659325269145	0	-7.51858812422119	9.92656086806834	0.121464222630706	0.102	0.000809737410746336	questionable fit (k < n0)	25G4A05	3.2	1	0.00600000000000001	2023-08-09
E10	0	0.00625396149839003	0	4.06716274692651	1.81816239575524	1.55923920411905	1.55975027777778	0.00345414002209751		25G4A05	5.9	1	0.043	2023-08-09
E11	0	0.00111352164307269	0	5.92943544018414	1.36289094694011	1.00523986909622	1.00875013888889	0.00420035151082362		25G4A05	6.2	1	0.034	2023-08-09
E12	0	0.000705875738675401	0	6.52929887068668	1.34430316585849	0.880565954636433	0.885125277777777	0.00407983621737321		25G4A05	6.5	1	0.031	2023-08-09
E13	0	0.000901352940307013	0	11.3429589415223	2.21359635298122	1.18912575044248	1.20487555555556	0.00307944929921762		25G4A05	6.8	1	0.037	2023-08-09
E14	0	0.00332083470503882	0	23.6535092549433	5.87059256763215	1.40980937098572	1.42500055555556	0.00359411942223904		25G4A05	7.1	1	0.054	2023-08-09
E15	0.055	0.0140591718355457	0.0286501851815841	617.768150670088	24.1934624913171	1.46193524780825	1.46550027777778	0.00372586461694079		25G4A05	7.4	1	0.055	2023-08-09
E16	0	0.011131033499309	0	-7.07021665324051	7.9071372105265	0.742723839403442	0.741125694444445	0.00147840763307518	questionable fit	25G4A05	7.7	1	0.02	2023-08-09
E17	0	0	0	0	0	0	0	0	cannot fit data	25G4A05	8	1	0.022	2023-08-09
E18	0.024	0.0144952430902837	0.00487091323820206	2531.00045018068	142.303331359644	0.787586760726146	0.78525	0.0025485859271392		25G4A05	8.3	1	0.024	2023-08-09
E19	0.018	0.0127248028657141	0.0026889277210477	4640.51256211578	257.778286539391	0.65492403303174	0.652750277777778	0.00212984335763681		25G4A05	8.6	1	0.018	2023-08-09
E2	0	0.00816705748523418	0	-8.38659270875964	12.6978499031519	0.197092317409849	0.189749722222222	0.000381405344406762	questionable fit (k < n0)	25G4A05	3.5	1	0.00900000000000001	2023-08-09
E20	0.02	0.0145201807806099	0.00311767578262516	3796.1365879503	222.328179351702	0.755273637638519	0.752875555555556	0.00237100642953395		25G4A05	8.9	1	0.02	2023-08-09
E21	0	0.00501235257365399	0	-0.52327854748933	4.03142076254129	0.426240008341136	0.425249722222223	0.00106757990699795	questionable fit	25G4A05	9.2	1	0.014	2023-08-09
E22	0	0	0	0	0	0	0	0	cannot fit data	25G4A05	9.5	1	0.013	2023-08-09
E23	0	0.00613921678328704	0	-0.448183259591474	0.260247166951179	0.384842576156167	0.3	0.00505262567061176	questionable fit	25G4A05	9.8	1	0.014	2023-08-09
E24	0	0.00292196004382485	0	-5.94378671752914	13.4559760261227	0.196092005339834	0.195249722222222	0.000647919598383723	questionable fit	25G4A05	10.1	1	0.005	2023-08-09
E3	0	0.011	0	-14.1553049339998	7.55163411266882	0.413108243709294	0.389749722222223	0.000782735985051088	questionable fit (k < n0)	25G4A05	3.8	1	0.011	2023-08-09
E4	0	0.00896216329585994	0	44.0042359131362	18.3425487437661	0.895891524987892	0.894249722222223	0.00101779135925254		25G4A05	4.1	1	0.031	2023-08-09
E5	0	0.0100907741786193	0	23.9826307380522	8.96655483839641	1.80263077776862	1.796375	0.00191303747351571		25G4A05	4.4	1	0.07	2023-08-09
E6	0.0885758957410996	0.00763406300410201	0.115515554479384	20.4397631609644	6.00046620287532	2.4206140470459	2.4085	0.00425133058180432		25G4A05	4.7	1	0.092	2023-08-09
E7	0	0.0124177748622805	0	10.8634737802405	5.20279526994374	2.33511493017196	2.32500041666667	0.00409759818497642		25G4A05	5	1	0.075	2023-08-09
E8	0	0.00668045933367073	0	6.66166734831063	2.72557070637305	1.75928439698518	1.755875	0.00335618396638961		25G4A05	5.3	1	0.051	2023-08-09
E9	0	0.00974793300086434	0	5.96264454926435	2.92625596818074	2.0566068687712	2.05287513888889	0.00301220771923916		25G4A05	5.6	1	0.057	2023-08-09
F1	0	0	0	0	0	0	0	0	cannot fit data	25G4A05	3.2	2	0.00600000000000001	2023-08-09
F10	0	0.00394433450888096	0	4.72533893414674	1.61937326653334	1.45787416807348	1.46150013888889	0.00298275161988741		25G4A05	5.9	2	0.04	2023-08-09
F11	0	0.000388224321443836	0	6.90922429271873	1.11486629551947	1.19185944221847	1.19850013888889	0.00364965168909322		25G4A05	6.2	2	0.037	2023-08-09
F12	0	0.000059721455936622	0	8.37389384676882	1.02243836579642	0.697029688174636	0.7075	0.0048065022646945		25G4A05	6.5	2	0.029	2023-08-09
F13	0	0.00121184849711154	0	10.2354867954057	2.12059059170062	1.34800997516421	1.35875027777778	0.00376352929661992		25G4A05	6.8	2	0.044	2023-08-09
F14	0	0.00356448304841533	0	21.5365435667067	6.1477494051823	1.15873550583558	1.16925041666667	0.00271021553900005		25G4A05	7.1	2	0.04	2023-08-09
F15	0	0.0112556780217896	0	29.2194124772207	13.5789257461156	1.30579856106125	1.303375	0.00145905960721437		25G4A05	7.4	2	0.049	2023-08-09
F16	0.02	0.0151837260155912	0.00262751055240693	4118.11068129683	263.803766620456	0.780299161000595	0.778125555555556	0.0021484809461901		25G4A05	7.7	2	0.02	2023-08-09
F17	0	0.00663539392858458	0	2.26239324344657	3.34523878349599	0.751573781557485	0.750750416666667	0.00140924364051183		25G4A05	8	2	0.02	2023-08-09
F18	0.022	0.0139916637166126	0.0043505739302496	2741.02336805259	159.323158662006	0.750401895115421	0.748125138888889	0.00251353395072609		25G4A05	8.3	2	0.022	2023-08-09
F19	0	0.00414919588067911	0	3.67640998900954	4.79775624470587	0.463259385563371	0.4625	0.000676686121445927		25G4A05	8.6	2	0.012	2023-08-09
F2	0	0.00800000000000001	0	-8.65300886605556	12.7611965645711	0.19621036314949	0.188999722222222	0.000391204302754152	questionable fit (k < n0)	25G4A05	3.5	2	0.00800000000000001	2023-08-09
F20	0.021	0.0149441983513224	0.00197934421808978	5632.20139644745	350.190317694659	0.755867114032918	0.753625555555556	0.00259354695173405		25G4A05	8.9	2	0.021	2023-08-09
F21	0	0.007724233324898	0	-1.43860941092713	6.65418566498335	0.607959882708747	0.606374722222222	0.000817769135967001	questionable fit	25G4A05	9.2	2	0.015	2023-08-09
F22	0	0.0103109621308479	0	-0.468852940377769	0.750995797506773	0.810270779977471	0.651125138888889	0.0083666076811324	questionable fit	25G4A05	9.5	2	0.022	2023-08-09
F23	0	0.00873405592162732	0	-1.3241689337258	0.262864565788929	0.433740125003209	0.333000138888889	0.00483917189054197	questionable fit	25G4A05	9.8	2	0.014	2023-08-09
F24	0	0.00197170308374837	0	-3.30232062580308	5.36293156792893	0.144438509552918	0.143749861111111	0.000687186656731571	questionable fit	25G4A05	10.1	2	0.00600000000000001	2023-08-09
F3	0	0.00911436753333745	0	-86.1479110101054	28.413673321053	0.41579450431418	0.395875	0.000981051785688965	questionable fit (k < n0)	25G4A05	3.8	2	0.011	2023-08-09
F4	0.034	0.00648617008710826	0.0323979614150176	463.989738899574	21.3947776429738	0.754181152093887	0.752875138888889	0.000928687910878989		25G4A05	4.1	2	0.034	2023-08-09
F5	0.12669698084902	0.0112206715096227	0.0568266134408347	41.0249266351162	12.1975802989143	1.83954926602924	1.834	0.00202076640058052		25G4A05	4.4	2	0.079	2023-08-09
F6	0	0.00570650834122252	0	19.4730510685352	5.21777320335075	2.31146071873011	2.30450013888889	0.0045570148199608		25G4A05	4.7	2	0.087	2023-08-09
F7	0	0.0107025327827666	0	12.1049692048251	5.08291194560035	2.31755601098827	2.30600013888889	0.00443072578848747		25G4A05	5	2	0.078	2023-08-09
F8	0	0.00449310677661424	0	7.72602105968931	2.51519947202899	1.6938146179684	1.693375	0.00264666165590537		25G4A05	5.3	2	0.048	2023-08-09
F9	0	0.0081529983612964	0	6.28175241982662	2.68071240256878	2.04186191120325	2.039375	0.00254228042604901		25G4A05	5.6	2	0.055	2023-08-09
G1	0	0.0272494513181862	0	-1.4466208540646	1.23199440245569	1.8699833377819	1.86412513888889	0.00158171900354055	questionable fit	37G1B08	3.2	1	0.043	2023-08-09
G10	0.168894863034535	0.0171684703186168	0.17385246441437	12.5336403924179	3.98698507320471	5.92248838372149	5.93262583333333	0.00578700407151084		37G1B08	5.9	1	0.173	2023-08-09
G11	0.136635402134914	0.00319838820389003	0.241321247599729	15.4606467570751	2.87230066748885	4.46079816865218	4.45312569444444	0.00415606207629445		37G1B08	6.2	1	0.143	2023-08-09
G12	0.12534213270811	0.0023707601992234	0.181450743049514	21.7620542920282	3.82002944110734	3.30686237676087	3.29287555555556	0.00280958720785855		37G1B08	6.5	1	0.129	2023-08-09
G13	0.143155220962765	0.00346337537779505	0.197698013349222	18.7012260506322	3.50609077358578	4.20796408361575	4.21012569444444	0.00317337820403067		37G1B08	6.8	1	0.146	2023-08-09
G14	0.155729320185904	0.00312212654163502	0.191930674084545	20.2643632827864	3.6114455590075	4.33849627396922	4.33125083333333	0.00200258333724285		37G1B08	7.1	1	0.157	2023-08-09
G15	0.188255296330715	0.0217515300654158	0.108907351517188	18.6886725104121	6.36455823141149	5.41240229361852	5.43112680555556	0.00601476024300865		37G1B08	7.4	1	0.177	2023-08-09
G16	0.165628494397108	0.0234422807979076	0.0757487692869722	23.7970374333175	9.15060649941354	4.02857420488309	4.03525083333333	0.00488422555972138		37G1B08	7.7	1	0.139	2023-08-09
G17	0.345801211319041	0.0305805453633321	0.0333735676348801	69.9028917617823	20.7693462126449	3.13589240645952	3.13325138888889	0.0041571108460093		37G1B08	8	1	0.108	2023-08-09
G18	0.088	0.0351255681208016	0.0187802432478399	894.089988912533	36.9083175022066	2.7543936906759	2.75062583333333	0.00486272869406614		37G1B08	8.3	1	0.088	2023-08-09
G19	0.097	0.0413221678297986	0.0165775750930248	934.814035358105	41.8123384554352	3.04995575913918	3.04400166666667	0.00613689320592659		37G1B08	8.6	1	0.097	2023-08-09
G2	0.104237266264974	0.0288387945427116	0.119036121965656	8.07372986084006	5.82299867564509	3.90687123322065	3.90212583333333	0.00217355446788307		37G1B08	3.5	1	0.105	2023-08-09
G20	0	0.0219939499733816	0	1.71554243190265	2.3597181197281	2.62094156458635	2.61425111111111	0.00590121755875681		37G1B08	8.9	1	0.072	2023-08-09
G21	0.368749997547957	0.0406722921331692	0.0162336120836986	128.603751196766	42.6982717700878	2.79478400523255	2.78800111111111	0.00542729964715559		37G1B08	9.2	1	0.08	2023-08-09
G22	0	0.00742117853110504	0	0.755826547968489	0.295949131774361	2.41646943741627	2.06287583333333	0.0196428955120209		37G1B08	9.5	1	0.062	2023-08-09
G23	0	0.0101546502788524	0	0.490295609762666	0.305877972413499	1.95114252266171	1.64525055555556	0.016968695585382		37G1B08	9.8	1	0.049	2023-08-09
G24	0	0.00573480846683906	0	8.7331938603687	3.35287765492294	1.57337828398951	1.57962486111111	0.00325765721199094		37G1B08	10.1	1	0.051	2023-08-09
G3	0.137346542060136	0.0336052489421339	0.162899708444817	6.91970520581151	4.25505476453786	5.43477584907584	5.42950097222222	0.00332874796766059		37G1B08	3.8	1	0.141	2023-08-09
G4	0.141657685759216	0.0260638903888898	0.189280333405178	7.86944638327214	3.66201373428573	5.56199013967853	5.55837583333333	0.00393377845798606		37G1B08	4.1	1	0.146	2023-08-09
G5	0.148861969905116	0.0305469012574407	0.155020719041777	8.73488330572752	4.47131960711102	5.65712566244836	5.65400097222222	0.00361461085779401		37G1B08	4.4	1	0.151	2023-08-09
G6	0.145629392694253	0.0254993997919524	0.163907963388342	9.45603547437618	4.22888044138339	5.4734718995231	5.47187583333333	0.0039738015201504		37G1B08	4.7	1	0.148	2023-08-09
G7	0.160549022495098	0.0291725750316752	0.161957999594539	9.2915311007075	4.27979588717592	6.05050135434028	6.04987597222222	0.00488628046301451		37G1B08	5	1	0.164	2023-08-09
G8	0.158896343289994	0.018893531102378	0.194045928840947	10.3214889777004	3.5720779338179	5.91637363629217	5.92175083333333	0.00583154452824368		37G1B08	5.3	1	0.164	2023-08-09
G9	0.171234966709308	0.0240631412637895	0.172091153518039	10.5230250719716	4.02779089099015	6.30325956239529	6.30437569444445	0.00583393272184949		37G1B08	5.6	1	0.176	2023-08-09
H1	0	0.0251661576640798	0	-1.23097558894711	1.07269470018366	1.7396636953781	1.73437527777778	0.00225243909538129	questionable fit	37G1B08	3.2	2	0.041	2023-08-09
H10	0.162639932661326	0.0158976729659887	0.174082133658161	12.7669906244976	3.98172498230666	5.66944370976415	5.67850069444444	0.00592305862024867		37G1B08	5.9	2	0.167	2023-08-09
H11	0.134174742907068	0.00398688908249787	0.209840618819384	16.6124519085751	3.30320785584682	4.22044127060829	4.20787569444444	0.00426613706122997		37G1B08	6.2	2	0.143	2023-08-09
H12	0.117961995461696	0.00247675816365531	0.173553872637767	22.1383258973945	3.9938445050238	3.06775377453683	3.05537569444444	0.00286787144159809		37G1B08	6.5	2	0.124	2023-08-09
H13	0.138745119495338	0.00242787305920146	0.19968423471664	20.1716939724318	3.47121635087291	3.87975003196729	3.89225069444444	0.00331182862945592		37G1B08	6.8	2	0.141	2023-08-09
H14	0.150629258331303	0.00276588033601074	0.197030945604198	20.1944407449923	3.51796099051548	4.20805936167108	4.20462583333333	0.00155053331345097		37G1B08	7.1	2	0.15	2023-08-09
H15	0.190118832982089	0.0213030838468771	0.108783200811482	19.02826924703	6.37182189335604	5.41093014373514	5.43137666666667	0.00609848762074509		37G1B08	7.4	2	0.177	2023-08-09
H16	0.165721555562702	0.0232931422075389	0.0728820498416188	24.8439845422123	9.51053355478112	3.90757421782105	3.91050125	0.00328711184782611		37G1B08	7.7	2	0.136	2023-08-09
H17	0.121	0.0366147212268775	0.0255624532097883	597.788616781216	27.1158317580617	3.47902436475614	3.47600097222222	0.00563733013764634		37G1B08	8	2	0.121	2023-08-09
H18	0.081	0.0356988902359246	0.0162314535047864	944.129729352507	42.7039501025307	2.61017435319854	2.60525125	0.00430904226672447		37G1B08	8.3	2	0.081	2023-08-09
H19	0.103	0.0444644536469837	0.0163107211880577	943.355741263657	42.4964152454184	3.25810347067382	3.25162625	0.00771914705202527		37G1B08	8.6	2	0.103	2023-08-09
H2	0.0979803935566844	0.027989566393607	0.121732270970335	7.52908307466468	5.69402981670209	3.72032200530705	3.71575069444444	0.0020290298541861		37G1B08	3.5	2	0.098	2023-08-09
H20	0	0.0190933610102937	0	2.33199696808737	2.12320282599466	2.68075408671714	2.67462597222222	0.00616080889631227		37G1B08	8.9	2	0.075	2023-08-09
H21	0.408860779108339	0.039613354778964	0.0163531745519116	136.505645163233	42.3860931930748	2.74915902171187	2.74250069444444	0.00420399507898222		37G1B08	9.2	2	0.078	2023-08-09
H22	0	0.0197205304660158	0	0.171261304567422	0.300357753087708	2.34270604483833	1.93400083333333	0.0192131602903578		37G1B08	9.5	2	0.06	2023-08-09
H23	0	0.0223350261065788	0	0.0921466154418137	0.360457461736196	2.34201151123425	2.00650027777778	0.0196371306795175		37G1B08	9.8	2	0.06	2023-08-09
H24	0	0.00853365153651264	0	8.49287496934489	4.2044239224931	1.65604345358393	1.65987472222222	0.00289112956056349		37G1B08	10.1	2	0.045	2023-08-09
H3	0.132915026147175	0.0348574228193766	0.150950226775193	6.85185447704362	4.59189227712944	5.23031374204334	5.22537583333333	0.00326102794203089		37G1B08	3.8	2	0.134	2023-08-09
H4	0.13861659059822	0.0237494278997015	0.198220514180742	7.95184049694006	3.49684886766018	5.44853258925866	5.44662583333333	0.00388757141171375		37G1B08	4.1	2	0.142	2023-08-09
H5	0.144392184637724	0.0305683882144245	0.16015062207149	8.20905457716482	4.32809546159945	5.5620761706082	5.55837583333333	0.00377313289981098		37G1B08	4.4	2	0.147	2023-08-09
H6	0.142832532743627	0.0221212269443593	0.17828235099821	9.51784705578881	3.88791810675026	5.39174173678987	5.39100083333333	0.00435319552874442		37G1B08	4.7	2	0.146	2023-08-09
H7	0.149505591968738	0.030307739405404	0.150774159410654	9.08233638040323	4.59725448491519	5.6270888667372	5.62437597222222	0.00413958748478868		37G1B08	5	2	0.152	2023-08-09
H8	0.152168121027078	0.0206871323609489	0.173213089585768	10.6767357524783	4.00170207816037	5.58351249691748	5.58475083333333	0.00532785726501913		37G1B08	5.3	2	0.156	2023-08-09
H9	0.160824631306808	0.027941465823382	0.146037750373128	10.6777765848147	4.74635619070374	5.82966959110344	5.82737597222222	0.00474498172963617		37G1B08	5.6	2	0.163	2023-08-09
I1	0	0	0	0	0	0	0	0	cannot fit data	36G2A02	3.2	1	0.015	2023-08-09
I10	0.102772253550681	0.0193881671089401	0.158856151820197	9.18311646890385	4.36336378930096	3.87640114077179	3.86075041666667	0.00606153886573987		36G2A02	5.9	1	0.112	2023-08-09
I11	0	0.00213209279831665	0	8.40614576362805	1.62439805320438	3.1451578151325	3.14712541666667	0.00346745516977198		36G2A02	6.2	1	0.085	2023-08-09
I12	0	0.00212017577404144	0	9.32049171302151	1.80655154828288	3.02289610087518	3.02087541666667	0.00119180472178001		36G2A02	6.5	1	0.081	2023-08-09
I13	0	0.00206911837818755	0	8.70012048407715	1.70872953425818	2.86364278290067	2.86400027777778	0.00240574365583359		36G2A02	6.8	1	0.077	2023-08-09
I14	0	0.00473772490401484	0	11.5876108264669	3.14769019521458	2.37679364516385	2.37662527777778	0.00247545327180215		36G2A02	7.1	1	0.066	2023-08-09
I15	0.0965670006235386	0.0488261599030266	0.0399284308784819	-0.562982345272006	17.3597400476234	3.32818825987083	3.31937527777778	0.00674635679474596	questionable fit	36G2A02	7.4	1	0.082	2023-08-09
I16	0	0.010020070958207	0	14.3622387851897	5.33159487214044	2.4574395909667	2.46050013888889	0.00182734267267883		36G2A02	7.7	1	0.073	2023-08-09
I17	0	0.0161819681192563	0	8.06347284865944	5.61300172504443	2.2584718123276	2.25162527777778	0.00463774350334717		36G2A02	8	1	0.062	2023-08-09
I18	0	0.0155348072917771	0	8.56144128057216	5.46265036386296	2.3029549028085	2.29650013888889	0.00393497290245076		36G2A02	8.3	1	0.066	2023-08-09
I19	0	0.0105780196046101	0	5.47495440179364	2.83492830582667	2.12735456947598	2.12750027777778	0.00467844224479008		36G2A02	8.6	1	0.06	2023-08-09
I2	0	0.0129735062622615	0	0.50407193930267	1.40597375006278	1.37764546710371	1.37475041666667	0.00102493298215915		36G2A02	3.5	1	0.032	2023-08-09
I20	0	0.0132571035594302	0	10.4230533131528	5.95412217570473	2.06300827147774	2.06012513888889	0.00302849216977121		36G2A02	8.9	1	0.063	2023-08-09
I21	0	0.0103816809813241	0	7.79922282576863	4.15355700331611	1.8913766266566	1.8895	0.00284560158515636		36G2A02	9.2	1	0.053	2023-08-09
I22	0	0.0155154129537945	0	-0.0594058617435729	0.0682209854411575	1.15588292522053	1.05175013888889	0.01163040061498	questionable fit	36G2A02	9.5	1	0.036	2023-08-09
I23	0	0.00210001416443703	0	0.759795149248439	0.252545205550332	0.900642800169801	0.729875138888889	0.00881915997635834		36G2A02	9.8	1	0.027	2023-08-09
I24	0.012	0.00808985521192806	0.00636367058579247	2230.76339138614	108.922542613608	0.456397889110254	0.454499861111112	0.00124296018461548		36G2A02	10.1	1	0.012	2023-08-09
I3	0.115840516918197	0.0180215995158338	0.169843795508309	9.95942755011738	4.08108626214747	4.31605296341219	4.30837541666667	0.00239622711612979		36G2A02	3.8	1	0.123	2023-08-09
I4	0.108279587257326	0.0175946755014992	0.159781015537783	10.2627627976699	4.33810724150791	3.98974688182726	3.97612527777778	0.00381257208873231		36G2A02	4.1	1	0.116	2023-08-09
I5	0.127248052321716	0.0238351698838685	0.115982382583435	12.6533641909316	5.97631437741254	4.31390695632977	4.29937555555556	0.00396860185387155		36G2A02	4.4	1	0.131	2023-08-09
I6	0.129419047126735	0.0223851668478595	0.112498515099905	13.9090447180734	6.16138959651503	4.24406744549365	4.22875041666667	0.00409386928720497		36G2A02	4.7	1	0.133	2023-08-09
I7	0.130445064596425	0.0268868851554879	0.0997086132075379	13.5243576714633	6.95172822349057	4.26247902108615	4.25037555555556	0.00370529974660188		36G2A02	5	1	0.13	2023-08-09
I8	0.125875103566768	0.0252868845050961	0.105809769909006	13.0493553000115	6.55088070937148	4.1868955833872	4.17275055555556	0.00425526624893327		36G2A02	5.3	1	0.129	2023-08-09
I9	0.120425251263787	0.0266145285952228	0.108695305323804	11.5903985495774	6.37697441021077	4.15310209919224	4.13837541666667	0.0047773966434179		36G2A02	5.6	1	0.125	2023-08-09
J1	0	0.0194601528671421	0	-600.67173536758	111.188848103166	0.934988650640733	0.928500277777778	0.00081249907068388	questionable fit (k < n0)	33G1A03	3.2	1	0.022	2023-08-09
J10	0.19587103703756	0.024776861194014	0.214831590961795	8.99450556088959	3.22646765988533	7.55703987513224	7.53462555555556	0.00548269539215047		33G1A03	5.9	1	0.201	2023-08-09
J11	0.150738570413396	0.0148813978219113	0.249990180184038	8.84631614765546	2.77269763176163	5.87018674687493	5.84250083333333	0.00720268795057628		33G1A03	6.2	1	0.172	2023-08-09
J12	0.14126303278994	0.0112529218432811	0.246627663731039	9.9217758972916	2.81050053377573	5.3604633967126	5.33387555555556	0.00557322049134004		33G1A03	6.5	1	0.149	2023-08-09
J13	0.13248141459843	0.0203147794576764	0.144138837134807	11.8541049731574	4.8088856156906	4.66764779957813	4.63712555555556	0.00844379235100865		33G1A03	6.8	1	0.143	2023-08-09
J14	0.0996822357912991	0.0044817708215958	0.384913877279449	7.93935154148112	1.80078511447567	4.00182878389766	3.99562555555556	0.00533090826050468		33G1A03	7.1	1	0.113	2023-08-09
J15	0	0.0200587529102553	0	4.63781902561939	2.72286622597306	3.62986149275076	3.62737569444444	0.00580107107013498		33G1A03	7.4	1	0.098	2023-08-09
J16	0	0.0127534298448151	0	2.19908424922035	1.62010330199991	2.05504856628675	2.05550055555556	0.0121320494798069		33G1A03	7.7	1	0.071	2023-08-09
J17	0	0.0157190921707148	0	2.37036684414731	1.86529837221081	2.40885311315456	2.40925055555556	0.0114153006853809		33G1A03	8	1	0.076	2023-08-09
J18	0	0.0166669540319213	0	3.98312751043316	3.73376300133528	2.17260139226703	2.17212527777778	0.00578129284469582		33G1A03	8.3	1	0.064	2023-08-09
J19	0	0.0146980939710408	0	4.82011833604334	2.86478188377835	2.61520232026052	2.61612527777778	0.00828943897258808		33G1A03	8.6	1	0.082	2023-08-09
J2	0.0900305931062372	0.0223352129849719	0.218733361945893	5.0694299058163	3.16891385197748	3.76616873404765	3.75887569444444	0.00216743933958507		33G1A03	3.5	1	0.092	2023-08-09
J20	0	0.016276059224825	0	7.13874167679358	4.52924616840638	2.53966550460669	2.53875041666667	0.0050475010654083		33G1A03	8.9	1	0.078	2023-08-09
J21	0	0.0146271093589398	0	3.70903965755716	2.497764648883	2.41142610439123	2.41412527777778	0.0118014551301264		33G1A03	9.2	1	0.08	2023-08-09
J22	0	0.014105765048586	0	0.0668234750001103	0.0762523860520197	1.92360241464129	1.72600041666667	0.0221347300304053		33G1A03	9.5	1	0.071	2023-08-09
J23	0	0.0098747205287503	0	1.29876149542862	1.19780513991356	1.42470917117786	1.42675027777778	0.0199033937010632		33G1A03	9.8	1	0.066	2023-08-09
J24	0	0.0103805590167246	0	-0.506348061967573	0.672001779176596	0.789740326555152	0.789	0.0110990668500316	questionable fit	33G1A03	10.1	1	0.042	2023-08-09
J3	0.154372780085026	0.0308073304578333	0.191023076042004	7.27146864885296	3.62860443314989	6.13941417947718	6.12887583333333	0.00281576399949181		33G1A03	3.8	1	0.158	2023-08-09
J4	0.157835963106586	0.0216350119280755	0.235608554368938	7.80879309454324	2.9419440326201	6.27721857774043	6.26637555555556	0.00264204704603239		33G1A03	4.1	1	0.16	2023-08-09
J5	0.177863771240114	0.027244463951027	0.233617095828384	7.31926386134858	2.96702250364903	7.14551247513751	7.13087583333333	0.00364748915060353		33G1A03	4.4	1	0.184	2023-08-09
J6	0.170630328494421	0.0227238836856241	0.234755185018454	7.97922068454509	2.95263842843538	6.75986802440231	6.74525069444445	0.00356249621582481		33G1A03	4.7	1	0.174	2023-08-09
J7	0.183240737880032	0.0291797838198699	0.226695633792847	7.33967464342697	3.05761151621182	7.34801442043279	7.33175097222222	0.00429236139111717		33G1A03	5	1	0.192	2023-08-09
J8	0.183080926634007	0.0236457161365787	0.220127485304482	8.66977456553107	3.14884431447158	7.12321612258612	7.10337555555556	0.00485070109576034		33G1A03	5.3	1	0.193	2023-08-09
J9	0.186572198020296	0.0281893798318148	0.224527198716466	7.68757507789135	3.08714126628042	7.42335294220339	7.40537569444445	0.00474815416428294		33G1A03	5.6	1	0.197	2023-08-09
K1	0	0.0341230169492323	0	-218.109519663511	44.283556960342	1.62842630464175	1.598375	0.00249260067142488	questionable fit (k < n0)	40G3B03	3.2	1	0.042	2023-08-09
K10	0.184661567169571	0.0243980473592039	0.481222764601569	3.91152807984298	1.44038734562742	8.1248734856725	8.12287638888889	0.00381833488952166		40G3B03	5.9	1	0.188	2023-08-09
K11	0.142	0.01619821457856	0.402891564190124	5.08773748058164	1.72043110893444	6.07992300723645	6.02862680555556	0.00565946552666732		40G3B03	6.2	1	0.144	2023-08-09
K12	0.137904341077154	0.012980622085487	0.418789199762569	5.40664770641626	1.65512191086332	5.86948736812856	5.85162638888889	0.0063751817333072		40G3B03	6.5	1	0.146	2023-08-09
K13	0.148873149465815	0.0135139545299565	0.411690995081467	5.59693837205294	1.68365883354525	6.30874285405659	6.29325138888889	0.00633427255731661		40G3B03	6.8	1	0.156	2023-08-09
K14	0.173648871766874	0.0114142547904556	0.486903009225161	5.45114837182577	1.42358368592339	7.3998613192976	7.38662638888889	0.00968742669923197		40G3B03	7.1	1	0.186	2023-08-09
K15	0.228722000287207	0.0503157624575566	0.372779332331717	3.39542640434728	1.85940346055223	10.0964367622777	10.0855044444444	0.0125688805457225		40G3B03	7.4	1	0.248	2023-08-09
K16	0.21115720262848	0.0437291995979927	0.3148894163831	4.26352012601888	2.20124000521075	9.12289522993306	9.11350305555556	0.0162435104407784		40G3B03	7.7	1	0.235	2023-08-09
K17	0.197096746424849	0.034580757108954	0.331810370277491	4.66374518973698	2.08898588666855	8.46719094036875	8.46887736111111	0.0174585184808532		40G3B03	8	1	0.233	2023-08-09
K18	0.193266560309582	0.0358361414412379	0.283085684824265	5.22819320579451	2.44854197057064	8.16591385888449	8.16600347222222	0.018122411403354		40G3B03	8.3	1	0.227	2023-08-09
K19	0.188821390451897	0.033033578148615	0.256244313207041	6.05270150433707	2.70502463795126	7.81751119802711	7.8187525	0.00920882503197045		40G3B03	8.6	1	0.205	2023-08-09
K2	0	0.0404380915139402	0	-5.55423860034032	12.8379908815477	2.74034688540017	2.73275097222222	0.000785196059824974	questionable fit	40G3B03	3.5	1	0.066	2023-08-09
K20	0.188252786071595	0.044196438540274	0.13043319373744	9.05873943323961	5.31419311831954	6.99186431362542	6.98400180555556	0.00564008516957761		40G3B03	8.9	1	0.188	2023-08-09
K21	0.174330829076304	0.0553275319904548	0.0903056362580757	8.48098280927654	7.67556942491461	6.24071501792439	6.22950166666667	0.00445129603850809		40G3B03	9.2	1	0.17	2023-08-09
K22	0.116206639924393	0.035859586292225	0.147586635141479	5.46624354031031	4.69654437134828	4.67737420370332	4.67437611111111	0.0154221417646641		40G3B03	9.5	1	0.143	2023-08-09
K23	0.10056774288708	0.051957560521238	0.117880243757339	-0.564931126266613	5.88009626097156	4.28713997387991	4.2812525	0.0114252647363121	questionable fit	40G3B03	9.8	1	0.114	2023-08-09
K24	0.207773131189316	0.0363098542462434	0.0216824547768084	71.5915222595868	31.9681137442675	2.67670242341664	2.67125111111111	0.00346704164321344		40G3B03	10.1	1	0.078	2023-08-09
K3	0.134348977356169	0.0351085584563242	0.35618993503255	2.91726504956945	1.94600439930062	5.97007646016529	5.96537638888889	0.00497721856977043		40G3B03	3.8	1	0.145	2023-08-09
K4	0.139746654177882	0.0296732545391738	0.367278395733251	3.56923061200733	1.88725279954492	6.14684327289947	6.14387638888889	0.00459113993445633		40G3B03	4.1	1	0.149	2023-08-09
K5	0.161587363568579	0.0332865306539115	0.448265948026348	3.00987603269563	1.54628560034902	7.21976660072549	7.21637694444444	0.00636339814046831		40G3B03	4.4	1	0.175	2023-08-09
K6	0.16472291919487	0.0273303626529554	0.43400237069778	3.72081823613923	1.59710459517887	7.25866070363212	7.25800138888889	0.0059483759758683		40G3B03	4.7	1	0.175	2023-08-09
K7	0.164937155495493	0.0285855064359567	0.505846804300165	3.08855837152251	1.37027094896628	7.37927332497292	7.37900180555556	0.00852028712122004		40G3B03	5	1	0.181	2023-08-09
K8	0.161622799946306	0.0207123340340126	0.494396447087982	3.87825466094952	1.40200679969003	7.11933528354674	7.12337638888889	0.00682336908009894		40G3B03	5.3	1	0.171	2023-08-09
K9	0.172059459681916	0.0285260355920269	0.488627369728469	3.30671351802821	1.41855987507439	7.66129607671323	7.66087666666667	0.00586738913341296		40G3B03	5.6	1	0.178	2023-08-09
L1	0	0.0386716419381463	0	-20.0103785923348	8.57464401236248	1.57759500982575	1.51012458333333	0.00173945600109611	questionable fit (k < n0)	16G1A05	3.2	1	0.041	2023-08-09
L10	0.240239705192134	0.0350634196339949	0.253730546801382	6.96294218443551	2.73182393408286	9.75856093943321	9.73637555555556	0.00673160786161764		16G1A05	5.9	1	0.248	2023-08-09
L11	0.18507917955391	0.0180523264052198	0.264808916090061	8.40183203212704	2.61753716904384	7.29497560734141	7.26337569444444	0.00739628782077505		16G1A05	6.2	1	0.191	2023-08-09
L12	0.158939915724593	0.0104069121635998	0.295499515061147	8.99607893673995	2.3456795873811	6.19539949760207	6.16787541666667	0.00794576325070927		16G1A05	6.5	1	0.168	2023-08-09
L13	0.181292979717206	0.00837349615211365	0.327933477681612	9.23283160043752	2.11368227928506	7.03918911135209	7.02512625	0.00498160295299923		16G1A05	6.8	1	0.185	2023-08-09
L14	0.204473268017633	0.00613202119095255	0.352935959316297	9.85012863518097	1.96394604251349	7.82484969209269	7.778125	0.00976893104404115		16G1A05	7.1	1	0.215	2023-08-09
L15	0.293360864242848	0.0156368657289157	0.343324915319034	8.37980690298317	2.01892478416791	11.6362683996065	11.6971268055556	0.0222018773161478		16G1A05	7.4	1	0.318	2023-08-09
L16	0.235444014178044	0.0257779526522155	0.25266972336407	8.29540031820318	2.74329338446773	9.28839813153826	9.31162736111111	0.0108044779791518		16G1A05	7.7	1	0.244	2023-08-09
L17	0.220631439574912	0.0247263298539884	0.280775734226985	7.37158341605074	2.46868620063724	8.91568063567881	8.93587736111111	0.0107903783863039		16G1A05	8	1	0.235	2023-08-09
L18	0.192778455046824	0.0344814259379996	0.187549329276312	8.12614155788545	3.69581263358584	7.52428283274419	7.51975236111111	0.0040212276241589		16G1A05	8.3	1	0.199	2023-08-09
L19	0.173232503208559	0.0329894327836594	0.217599604747687	6.65070069689026	3.18542481436797	7.03041783837125	7.02887638888889	0.00638168307558765		16G1A05	8.6	1	0.182	2023-08-09
L2	0	0.0321907502361435	0	1.56109332964989	5.55623886273178	2.98428597140451	2.97775041666667	0.00260136573136408		16G1A05	3.5	1	0.073	2023-08-09
L20	0.150858405702932	0.0348856543271021	0.147251148884527	8.15803188481499	4.70724463483478	5.7747623208879	5.77075180555556	0.00513391650629665		16G1A05	8.9	1	0.152	2023-08-09
L21	0.137179752965706	0.0377737337825454	0.109508239559135	8.83585274747996	6.32963495121881	5.01384228586275	5.01150152777778	0.00591742096280105		16G1A05	9.2	1	0.136	2023-08-09
L22	0.0934820302095482	0.02141655416266	0.188598665080933	6.43382556712827	3.67524966447932	3.77604655127975	3.78262625	0.019943607675419		16G1A05	9.5	1	0.123	2023-08-09
L23	0	0.0268828073179397	0	3.97753809934309	3.99321349057261	3.37214127693917	3.37337583333333	0.0131003620774614		16G1A05	9.8	1	0.096	2023-08-09
L24	0.0982219795684702	0.0255828962642066	0.0695423284544337	15.0063871052168	9.96727023620035	2.96848040451726	2.97000069444444	0.00581982531512389		16G1A05	10.1	1	0.085	2023-08-09
L3	0.133263354687504	0.038207491437899	0.234211827656198	3.89149068507073	2.9594883721134	5.71310838227624	5.70400055555556	0.00370099480016394		16G1A05	3.8	1	0.135	2023-08-09
L4	0.138139947389619	0.0262962082941597	0.215006090704659	6.73319508418756	3.22384904673273	5.59328895686234	5.59575055555556	0.00569005806833973		16G1A05	4.1	1	0.139	2023-08-09
L5	0.166683122682832	0.0274666203163354	0.331775004605243	4.89204674581931	2.0892085628472	7.12902835733706	7.12825055555556	0.00512965810109738		16G1A05	4.4	1	0.174	2023-08-09
L6	0.176324671676607	0.0235022558668023	0.324071907787854	5.77705166795742	2.13886845450886	7.40321316632229	7.40662569444445	0.00641923938581441		16G1A05	4.7	1	0.184	2023-08-09
L7	0.206059719171837	0.0296657796627903	0.37370278960125	4.77043697412601	1.85480868713758	8.86434361316908	8.86400097222222	0.00373164331383886		16G1A05	5	1	0.212	2023-08-09
L8	0.205053003085849	0.0226583284641423	0.369673586197716	5.64185668648629	1.87502490423869	8.66269210433454	8.65950055555555	0.00318360179818261		16G1A05	5.3	1	0.209	2023-08-09
L9	0.217086850317725	0.0367532104131338	0.269491071564667	5.90217368220622	2.57205990734879	9.0339166827708	9.02275069444445	0.00304726265778851		16G1A05	5.6	1	0.221	2023-08-09
M1	0	0.003	0	-4.28773706180945	2.70526088778664	0.0995743855437979	0.0782500000000001	0.00064736479025835	questionable fit (k < n0)	23G3B04	3.2	1	0.003	2023-08-09
M10	0	0.00133669419003347	0	10.6337215645689	2.351276642483	1.19984754880245	1.21175	0.00335229742835794		23G3B04	5.9	1	0.037	2023-08-09
M11	0	0.000290677796845872	0	15.4747735253771	2.28259574509827	1.05370812546741	1.061125	0.00254299969911818		23G3B04	6.2	1	0.036	2023-08-09
M12	0	0.000734710423890815	0	14.9698202215308	3.67318911407675	0.432200871632918	0.43	0.000728493871868723		23G3B04	6.5	1	0.016	2023-08-09
M13	0	0.00058005333452078	0	7.80248420146014	2.62486053465031	0.205052911553117	0.204875138888889	0.000314574388634279		23G3B04	6.8	1	0.00600000000000001	2023-08-09
M14	0	0.000893087536290054	0	10.7903007150836	3.34664622102227	0.341159823045417	0.341250277777778	0.000417161877574229		23G3B04	7.1	1	0.01	2023-08-09
M15	0	0.00475190196820109	0	2.45756331926215	3.73946765311335	0.527776469577101	0.526875138888889	0.000383105091106404		23G3B04	7.4	1	0.013	2023-08-09
M16	0	0.00283652392983189	0	4.56412381085308	4.62509424391787	0.346136832813925	0.345625	0.000451387440761116		23G3B04	7.7	1	0.00900000000000001	2023-08-09
M17	0	0.00343598805715281	0	1.48677152446923	4.09700322091307	0.340263630601941	0.339625138888889	0.000534838162841438		23G3B04	8	1	0.00900000000000001	2023-08-09
M18	0	0.00288586606168226	0	-0.584045434679314	9.43620290977507	0.222802506292282	0.222125	0.000358549148859107	questionable fit	23G3B04	8.3	1	0.00700000000000001	2023-08-09
M19	0	0.00140580806954345	0	5.60500913984461	4.22329904176397	0.200094266221375	0.199625	0.000445311777149843		23G3B04	8.6	1	0.00600000000000001	2023-08-09
M2	0	0.00411879696048119	0	21.870676514366	8.1838593120065	0.784277227012923	0.786625	0.00110483547300377		23G3B04	3.5	1	0.026	2023-08-09
M20	0	0.00372255064989154	0	-3.33263567641074	6.20823136132399	0.273781838722268	0.273125138888889	0.000427333460850837	questionable fit	23G3B04	8.9	1	0.00900000000000001	2023-08-09
M21	0	0.00319667865087155	0	2.89450479638252	6.2890747239576	0.306933366882065	0.30675	0.000656056184223196		23G3B04	9.2	1	0.00900000000000001	2023-08-09
M22	0	0.01	0	-0.220140739482906	0.066268965852005	0.433933157793698	0.323375138888889	0.00457940065376909	questionable fit (k < n0)	23G3B04	9.5	1	0.01	2023-08-09
M23	0	0.00718671614782037	0	-0.716295824635696	0.227865566227021	0.385355830970019	0.3035	0.0044014371302752	questionable fit	23G3B04	9.8	1	0.011	2023-08-09
M24	0	0.00142041033918523	0	0.608540267386355	3.44242045446265	0.134501930836181	0.134125138888889	0.000320926941742533		23G3B04	10.1	1	0.004	2023-08-09
M3	0	0.00306781604597986	0	11.0027864100264	3.39436906872452	1.17780618030926	1.17975	0.00078817320475176		23G3B04	3.8	1	0.032	2023-08-09
M4	0	0.00165546099432133	0	11.2797283113127	2.65446013260729	1.21720760940346	1.218125	0.00068770179651215		23G3B04	4.1	1	0.034	2023-08-09
M5	0	0.0016199532710702	0	11.3472859953761	2.68738725405194	1.16783093368835	1.169375	0.000946830542014838		23G3B04	4.4	1	0.033	2023-08-09
M6	0	0.00176454831033808	0	10.3906203378679	2.48861978343323	1.26571194574699	1.269875	0.00141153795413389		23G3B04	4.7	1	0.036	2023-08-09
M7	0	0.00244531038115428	0	10.5842773896426	2.68478854202313	1.49643523680653	1.50550013888889	0.00270152259398844		23G3B04	5	1	0.044	2023-08-09
M8	0	0.00212514152745231	0	9.6936606700511	2.40956137840326	1.40473792749543	1.41300013888889	0.00270340879990646		23G3B04	5.3	1	0.041	2023-08-09
M9	0	0.00173888327302445	0	8.86390910987943	2.21306469517008	1.16123481475473	1.16937513888889	0.00309133860436813		23G3B04	5.6	1	0.035	2023-08-09
N1	0	0.00925377194681097	0	-14.0142876884527	6.87750289863357	0.356687950750695	0.354374861111111	0.000305920634590103	questionable fit (k < n0)	18G3A05	3.2	1	0.01	2023-08-09
N10	0	0.00600027052983223	0	6.12175456855295	1.96526277792579	2.42220988252326	2.42687527777778	0.0031350707501103		18G3A05	5.9	1	0.062	2023-08-09
N11	0	0.00300203151128592	0	8.90870020118934	2.23188186172329	1.98448693912505	1.97687513888889	0.00179919264442864		18G3A05	6.2	1	0.055	2023-08-09
N12	0	0.00519652173253599	0	19.6048563792327	5.27594335856272	2.07337174635984	2.0615	0.00260218955679007		18G3A05	6.5	1	0.072	2023-08-09
N13	0.113748958279106	0.00343913987642001	0.104093036685537	33.3170367967548	6.65891977629523	1.87029746464474	1.87175	0.00165407269274965		18G3A05	6.8	1	0.092	2023-08-09
N14	0	0.00194041443941362	0	13.5680260841516	4.69674437092374	0.55167074655814	0.5495	0.000592151232968505		18G3A05	7.1	1	0.017	2023-08-09
N15	0	0.0162865198467669	0	-4.98496909866064	9.66300768357272	1.13796613662922	1.13462513888889	0.000406797882082557	questionable fit	18G3A05	7.4	1	0.028	2023-08-09
N16	0	0.0101297732021777	0	-7.99618905100195	5.77317552103964	0.637576881737274	0.635500138888889	0.000410477322152398	questionable fit	18G3A05	7.7	1	0.014	2023-08-09
N17	0	0.0111475733724721	0	-7.71494841562186	9.60247199692126	0.739483519159343	0.73725	0.000288054645015573	questionable fit	18G3A05	8	1	0.017	2023-08-09
N18	0	0.0126103489231163	0	-9.96538459308912	9.02079051623121	0.801468800542005	0.79875	0.000302040948902985	questionable fit	18G3A05	8.3	1	0.019	2023-08-09
N19	0	0.00629067690415529	0	-1.82931840506762	1.50526147612409	0.426842450661845	0.423	0.000313632810683421	questionable fit	18G3A05	8.6	1	0.00900000000000001	2023-08-09
N2	0	0.0124722299053894	0	-18.9825650275768	9.10707137795192	0.701326538615142	0.698625000000001	0.000309892365248158	questionable fit	18G3A05	3.5	1	0.016	2023-08-09
N20	0	0.0132107039385053	0	-2.16225948757849	0.963687823818846	0.76701428894521	0.7455	0.000656658934120081	questionable fit	18G3A05	8.9	1	0.016	2023-08-09
N21	0	0.00948165191735834	0	-2.81633293519632	0.671651644269453	0.481531463155344	0.472	0.000869505877895768	questionable fit	18G3A05	9.2	1	0.011	2023-08-09
N22	0	0.014	0	-0.626509636658535	0.346644496336822	0.483729927602899	0.378375138888889	0.00546661078815701	questionable fit (k < n0)	18G3A05	9.5	1	0.014	2023-08-09
N23	0	0.01	0	-0.624830557007748	0.35972535040781	0.338728790660312	0.260500138888889	0.00405944736188633	questionable fit (k < n0)	18G3A05	9.8	1	0.01	2023-08-09
N24	0	0.00136325130857467	0	-100.276150563484	52.5553138425641	0.060167202874679	0.053	0.00127360552831798	questionable fit (k < n0)	18G3A05	10.1	1	0.004	2023-08-09
N3	0	0.0114102537203216	0	8.41831600379654	5.05116254437338	1.80161098367485	1.80150013888889	0.00135028789171885		18G3A05	3.8	1	0.047	2023-08-09
N4	0	0.0073462576688953	0	9.6986854484617	4.24038194303564	1.61485908258702	1.61562513888889	0.000909502651193157		18G3A05	4.1	1	0.043	2023-08-09
N5	0	0.00948722576961864	0	7.41550324763196	3.33447233256208	2.14458876330059	2.144875	0.00111875719587212		18G3A05	4.4	1	0.054	2023-08-09
N6	0	0.00814413803895046	0	7.85981011025112	3.13763235036368	2.15383842643604	2.15425027777778	0.00098583244840295		18G3A05	4.7	1	0.055	2023-08-09
N7	0	0.00870718728377064	0	7.27321314955562	2.72038058674674	2.59357671333882	2.59662527777778	0.00214095710154967		18G3A05	5	1	0.069	2023-08-09
N8	0	0.00438757264902796	0	7.53469089577546	2.06813601375943	2.39440417827399	2.40175	0.00249506672083387		18G3A05	5.3	1	0.063	2023-08-09
N9	0	0.00616256784474845	0	5.82713069205845	1.80530905319918	2.69083147363344	2.6985	0.0042289049528354		18G3A05	5.6	1	0.071	2023-08-09
O1	0	0.0237618715944189	0	-176.942393436193	56.9875569173896	1.11020451175711	1.06524916666667	0.00273270569158538	questionable fit (k < n0)	20G2A05	3.2	1	0.036	2023-08-09
O10	0.187366423116249	0.0439406789687882	0.34193135023524	3.45969130660838	2.02715305304143	8.23727355343098	8.22800166666667	0.00131921944731122		20G2A05	5.9	1	0.189	2023-08-09
O11	0.143096473356022	0.0145198663651014	0.38597339962358	5.65066682401457	1.79584184100753	6.04966807729583	6.03650180555556	0.00389572354316916		20G2A05	6.2	1	0.148	2023-08-09
O12	0.144527839639862	0.0144389220476231	0.341604353742149	6.43519525968443	2.02909351993549	5.99232834520228	5.97925166666667	0.00367595851171603		20G2A05	6.5	1	0.15	2023-08-09
O13	0.169142081953465	0.0177932004548132	0.302202374003528	7.08389953896667	2.29365233428594	6.8930525604046	6.87125111111111	0.00672277427970365		20G2A05	6.8	1	0.178	2023-08-09
O14	0.220310821610654	0.0263459316524984	0.324616445729526	6.14991422268672	2.13528054317212	9.17869186485628	9.15738	0.006992668486472		20G2A05	7.1	1	0.232	2023-08-09
O15	0.267618191861344	0.0245918253078506	0.390019181987955	5.87344408795382	1.77721305148871	11.2624796103754	11.2449997222222	0.00979474358191494		20G2A05	7.4	1	0.284	2023-08-09
O16	0.267667490111568	0.00878936314411593	0.582143822594028	5.81096115884008	1.19068029867823	11.3320798989421	11.3682502777778	0.0152743474795745		20G2A05	7.7	1	0.288	2023-08-09
O17	0.233194048435125	0.020076490536185	0.338881228277088	6.97086243175712	2.04539857248508	9.55354107960873	9.56850041666667	0.0137369931098499		20G2A05	8	1	0.255	2023-08-09
O18	0.205777682967738	0.0314254474522242	0.209631289642463	8.17368249201529	3.30650630324387	8.07504472801737	8.06225013888889	0.00576865702369985		20G2A05	8.3	1	0.216	2023-08-09
O19	0.178254260843965	0.0323370953557411	0.192590637621565	7.8239736124381	3.59906997100221	7.01315734876107	6.99812527777778	0.00462976038953166		20G2A05	8.6	1	0.183	2023-08-09
O2	0	0.042	0	-9.6233560467234	9.6233560467234	1.20982735243748	1.13325013888889	0.00215468983284637	questionable fit (k < n0)	20G2A05	3.5	1	0.042	2023-08-09
O20	0.148906038259681	0.0358401979194791	0.17631943938625	6.5160154802662	3.93120113682711	5.97570670557569	5.95825	0.00759725664165616		20G2A05	8.9	1	0.159	2023-08-09
O21	0.123825164105848	0.0321465155623588	0.210037555445695	4.98951459156053	3.30011068301144	5.17399350979047	5.16425041666667	0.00662704634309408		20G2A05	9.2	1	0.134	2023-08-09
O22	0.098	0.0190553270807318	0.316668005936921	4.48861437974273	2.18887657598734	4.21726468635668	4.11037527777778	0.0187050062880206		20G2A05	9.5	1	0.11	2023-08-09
O23	0.094	0.0161082370139963	0.305900915434337	5.15196056150077	2.26592058273436	3.98919765493541	3.88900013888889	0.014676558508078		20G2A05	9.8	1	0.102	2023-08-09
O24	0.113531850130758	0.0206566840968481	0.157982079134495	9.51511302342443	4.3875051167661	4.24977140542495	4.24637486111111	0.00240410759710078		20G2A05	10.1	1	0.117	2023-08-09
O3	0	0.0419597268690217	0	-0.345400230300514	0.711033256641218	3.4273064310199	3.41775138888889	0.00150503111929314	questionable fit	20G2A05	3.8	1	0.075	2023-08-09
O4	0.0901413644405309	0.0553195885407434	0.108703025880621	-4.25824515817472	6.3765214900381	3.94312120506555	3.93312638888889	0.0034764107785365	questionable fit	20G2A05	4.1	1	0.092	2023-08-09
O5	0.106292805215868	0.0488003785695392	0.242649926537901	0.675521153322725	2.85657280201846	4.78281523091768	4.77387638888889	0.00414808100293465		20G2A05	4.4	1	0.114	2023-08-09
O6	0.115313455206153	0.0484206479445648	0.268083245626241	1.20546553608582	2.58556695305876	5.18540968417053	5.17612638888889	0.0037336944727647		20G2A05	4.7	1	0.122	2023-08-09
O7	0.133185246962858	0.0528112000469973	0.323091607515272	1.29984197803833	2.14535804842031	6.03884592899696	6.02862666666667	0.00399545912419538		20G2A05	5	1	0.14	2023-08-09
O8	0.144233628448503	0.0436072071886992	0.365414662077597	2.28833844821287	1.89687840279587	6.48058254757412	6.47250138888889	0.00353973184295427		20G2A05	5.3	1	0.15	2023-08-09
O9	0.158491375469109	0.0462511055705322	0.371856029504023	2.38413902748659	1.86402028087176	7.11509752954369	7.10612666666667	0.00319381347070283		20G2A05	5.6	1	0.162	2023-08-09
