sample	k	n0	r	t_mid	t_gen	auc_l	auc_e	sigma	note	strain	pH	replicate	max.OD	date
A1	0	0.00627115180153837	0	-512.945043154561	113.193976085276	0.30048171610529	0.2975	0.000453279750843974	questionable fit (k < n0)	23D03	3.2	1	0.00800000000000001	2023-07-07
A10	0.073	0.0127132445957299	0.0273569083298759	627.912245586576	25.3371898681612	1.27271275224973	1.273125	0.00490105182782452		23D03	5.9	1	0.073	2023-07-07
A11	0.032	0.0131233040647931	0.010250941400366	1407.97583527787	67.6179048819064	0.818171323646739	0.815375138888889	0.00169658830359111		23D03	6.2	1	0.032	2023-07-07
A12	0	0.000428048797532628	0	8.91272002884693	1.7388211745064	0.602941386304879	0.602625416666667	0.00412853207040173		23D03	6.5	1	0.022	2023-07-07
A13	0	0.000587272451570755	0	30.7148719773745	10.5444609373598	0.0990960705003946	0.0982498611111112	0.000416080494089462		23D03	6.8	1	0.005	2023-07-07
A14	0	0.00204640569407828	0	-0.945982084747441	0.173172852868918	0.0964209060712211	0.0947500000000001	0.00134946474849565	questionable fit (k < n0)	23D03	7.1	1	0.00900000000000001	2023-07-07
A15	0	0.00518309296056523	0	57.9706531774251	95.8646497726513	0.276625533293088	0.2755	0.00110697416158415		23D03	7.4	1	0.01	2023-07-07
A16	0	0.00304204451808749	0	-2.96174605829783	2.26768858656881	0.20119879883719	0.200500138888889	0.000581611902694566	questionable fit	23D03	7.7	1	0.00700000000000001	2023-07-07
A17	0	0.003	0	-3.74005160960539	1970904.5861508	0.0295212197806923	0.024375	0.000359936222677455	questionable fit (k < n0)	23D03	8	1	0.003	2023-07-07
A18	0	0.003	0	-2.11034366942119	97239.216387396	0.0200795087144708	0.014125	0.000368507731439428	questionable fit (k < n0)	23D03	8.3	1	0.003	2023-07-07
A19	0	0.00540820549152516	0	-15.3163604143342	22.9927860819716	0.151829905752257	0.143125	0.00315295500981783	questionable fit (k < n0)	23D03	8.6	1	0.018	2023-07-07
A2	0	0.00593314546358879	0	-45.4892730277372	17.045970402864	0.259310025927226	0.238375	0.000835045271693614	questionable fit (k < n0)	23D03	3.5	1	0.00699999999999999	2023-07-07
A20	0	0.00000000000000136559224923051	0	27.4291676131169	0.66058806285531	0.089607836315448	0.105625	0.00245707148891369		23D03	8.9	1	0.012	2023-07-07
A21	0	0.00736943370792502	0	-1.14392153667707	7.97692306073179	0.0524230184413774	0.050875	0.00260433235043516	questionable fit (k < n0)	23D03	9.2	1	0.018	2023-07-07
A22	0	0.00294423770712499	0	13.7235436128493	4.98399664729911	0.764819875498309	0.778125	0.00748473731294688		23D03	9.5	1	0.043	2023-07-07
A23	0.126034497546832	0.0226745815241154	0.171845941497725	8.82751535412747	4.03353826409174	4.81826591674826	4.79525013888889	0.00794330736474914		23D03	9.8	1	0.136	2023-07-07
A24	0.109658377080618	0.00767561901071364	0.56446617251823	4.58265693025042	1.22796938825871	4.76942752588713	4.75912388888889	0.0069191367766599		23D03	10.1	1	0.124	2023-07-07
A3	0	0.00936886484805645	0	-4.42248977759138	4.78650799510706	0.647881730196157	0.645875000000001	0.000631611616738141	questionable fit	23D03	3.8	1	0.015	2023-07-07
A4	0	0.00722581850006612	0	-10.7359571968968	9.15483825838647	0.453828316582133	0.4525	0.000564745142498965	questionable fit	23D03	4.1	1	0.011	2023-07-07
A5	0	0.00445028766158775	0	4.4632337932447	3.98068600242573	0.587458179472006	0.587125	0.000700481623948804		23D03	4.4	1	0.015	2023-07-07
A6	0	0.00534351883259808	0	2.63082039928321	3.97247886211817	0.590213510733715	0.589625	0.00100514542316784		23D03	4.7	1	0.015	2023-07-07
A7	0	0.00866135460810175	0	0.0335176329544914	3.64754860934352	0.774034890951758	0.772125138888889	0.000797885648805194		23D03	5	1	0.019	2023-07-07
A8	0	0.00727394316799177	0	1.66746008607617	3.94626032294349	0.738215956306322	0.736500138888889	0.00110673948816615		23D03	5.3	1	0.02	2023-07-07
A9	0.081	0.00234917494877037	0.0689042829305463	287.374837120773	10.0595659816766	0.910366288471495	1.01662486111111	0.00799587983334584		23D03	5.6	1	0.081	2023-07-07
B1	0	0	0	0	0	0	0	0	cannot fit data	23D03	3.2	2	0.00800000000000001	2023-07-07
B10	0.045	0.00884726582330281	0.0250420984624117	644.205720084102	27.6792770222656	0.828101059448806	0.8275	0.00364143615342361		23D03	5.9	2	0.045	2023-07-07
B11	0	0.00717711731071928	0	2.10363326377461	3.76548145712279	0.768277532567706	0.766875	0.000931996262727056		23D03	6.2	2	0.02	2023-07-07
B12	0.00599999999999999	0.002046305897705	0.00569424243823671	2110.6015639257	121.727725518934	0.113508108038663	0.113125	0.00120282516666053		23D03	6.5	2	0.00599999999999999	2023-07-07
B13	0.018	0.0027473912675809	0.0295810070484287	484.985860259861	23.4321698184634	0.293656474476522	0.294	0.00264867600041645		23D03	6.8	2	0.018	2023-07-07
B14	0	0.00283434708280227	0	-1.12579216792742	1.79337720029024	0.0509001980768751	0.03225	0.00116471928235117	questionable fit (k < n0)	23D03	7.1	2	0.013	2023-07-07
B15	0	0	0	0	0	0	0	0	cannot fit data	23D03	7.4	2	0.012	2023-07-07
B16	0	0	0	0	0	0	0	0	cannot fit data	23D03	7.7	2	0.004	2023-07-07
B17	0	0.00444132519242275	0	-3.5640100514405	111222.489760252	0.0423585349799971	0.038625	0.000976984723965677	questionable fit (k < n0)	23D03	8	2	0.00700000000000001	2023-07-07
B18	0	0	0	0	0	0	0	0	cannot fit data	23D03	8.3	2	0.003	2023-07-07
B19	0	0.001	0	-0.142702970616175	9843.43733177505	0.000831540411697796	0.000125	0.0000520268675218851	questionable fit (k < n0)	23D03	8.6	2	0.001	2023-07-07
B2	0	0.00964622469410399	0	-28.061278009141	15.0379658051905	0.381545328488625	0.340125	0.00167399736507991	questionable fit (k < n0)	23D03	3.5	2	0.011	2023-07-07
B20	0.004	0.000366822383256648	0.0159543151885143	686.153306753465	43.4457494646307	0.0266191355711406	0.0264998611111111	0.000824180469689689		23D03	8.9	2	0.004	2023-07-07
B21	0	0	0	0	0	0	0	0	cannot fit data	23D03	9.2	2	0.005	2023-07-07
B22	0	0.00109065363174769	0	-436.8863185228	121.739967248421	0.0519852803168672	0.0485	0.00103091342348418	questionable fit (k < n0)	23D03	9.5	2	0.00499999999999999	2023-07-07
B23	0	0.00000000000000155365096239331	0	23.7273328383808	0.550616519392485	0.356610203341119	0.42225	0.00637815444621069		23D03	9.8	2	0.032	2023-07-07
B24	0.123378785844069	0.0215364671863267	0.136921313516435	11.3472332045377	5.06237606665048	4.38034918417918	4.35962527777778	0.00814299556654508		23D03	10.1	2	0.127	2023-07-07
B3	0	0.00805955435053245	0	0.435387435468456	12.0987636897545	0.60365376793963	0.602125000000001	0.000559333618744354		23D03	3.8	2	0.016	2023-07-07
B4	0	0.00526433289277198	0	10.4709021487981	8.59217602842784	0.593438465863427	0.592875138888889	0.000751167601783871		23D03	4.1	2	0.017	2023-07-07
B5	0	0.0073801555404267	0	6.79089070408794	7.52525502901578	0.783440339268051	0.7825	0.000995664416389415		23D03	4.4	2	0.022	2023-07-07
B6	0	0.00728206312065273	0	2.72675873535814	5.61257408064625	0.719187740824298	0.718125	0.00109742130042028		23D03	4.7	2	0.019	2023-07-07
B7	0	0.00738947402965277	0	4.12266588028607	5.21748273569285	0.820199811060165	0.819250138888889	0.00117427424230917		23D03	5	2	0.022	2023-07-07
B8	0	0.00517406293698686	0	5.91737287058027	4.9354119800755	0.677518188392445	0.676625138888889	0.00097578181578148		23D03	5.3	2	0.019	2023-07-07
B9	0.066	0.00780250969773188	0.0383072900679246	477.035042390456	18.0943935039751	1.08729253130329	1.096625	0.00496254623493121		23D03	5.6	2	0.066	2023-07-07
C1	0	0.00302358828979307	0	-1997.51825546161	285.276324857034	0.145686703599385	0.144875	0.000143402747493154	questionable fit (k < n0)	28G4A05	3.2	1	0.004	2023-07-07
C10	0	0.00162556906508069	0	13.1266595915392	3.85416759537906	0.652125502143036	0.653	0.00105125110381641		28G4A05	5.9	1	0.021	2023-07-07
C11	0	0.00100711361189122	0	14.4259497426939	3.6713369898858	0.546950725240278	0.547125138888889	0.000881058573532674		28G4A05	6.2	1	0.018	2023-07-07
C12	0	0.000478738163265342	0	18.5270667408953	3.36681098449238	0.656341756268378	0.652500138888889	0.000855205068400527		28G4A05	6.5	1	0.023	2023-07-07
C13	0	0.000487317958997875	0	29.0852709995569	5.49480512651714	0.384092618154292	0.3815	0.000418760153392257		28G4A05	6.8	1	0.019	2023-07-07
C14	0	0	0	0	0	0	0	0	cannot fit data	28G4A05	7.1	1	0.001	2023-07-07
C15	0	0.00387411621431907	0	-1.9488946717204	1.0931593512955	0.23901186526004	0.238125	0.000138583046067983	questionable fit	28G4A05	7.4	1	0.005	2023-07-07
C16	0	0.00223909586476837	0	2.16100916563341	7.09861226295033	0.200580612350738	0.20025	0.00105350495049484		28G4A05	7.7	1	0.00600000000000001	2023-07-07
C17	0	0	0	0	0	0	0	0	cannot fit data	28G4A05	8	1	0.004	2023-07-07
C18	0	0.00209114386449966	0	-573.607377386539	126.904203754779	0.100251969611153	0.0991250000000001	0.000250134754526539	questionable fit (k < n0)	28G4A05	8.3	1	0.003	2023-07-07
C19	0	0.001	0	-1.17058127309328	44562.6025706347	0.00438065566483165	0.002375	0.000144840002293717	questionable fit (k < n0)	28G4A05	8.6	1	0.001	2023-07-07
C2	0	0.00301191167897482	0	-20971.9912323755	2627.35828193711	0.145184715819189	0.144374999999999	0.000102067926472241	questionable fit (k < n0)	28G4A05	3.5	1	0.00399999999999999	2023-07-07
C20	0	0.000535358676332789	0	6.92370701806198	3.13409081419121	0.121628682078552	0.1215	0.000708989414044734		28G4A05	8.9	1	0.005	2023-07-07
C21	0	0	0	0	0	0	0	0	cannot fit data	28G4A05	9.2	1	0.003	2023-07-07
C22	0	0	0	0	0	0	0	0	cannot fit data	28G4A05	9.5	1	0.004	2023-07-07
C23	0	0	0	0	0	0	0	0	cannot fit data	28G4A05	9.8	1	0.002	2023-07-07
C24	0	0.000198666401602216	0	1.46356072831029	0.383362504451124	0.140109799822933	0.1355	0.000649023776192949		28G4A05	10.1	1	0.005	2023-07-07
C3	0	0.001827684920624	0	16.0119540792452	5.46024258663976	0.494785038545243	0.499375	0.00132616213801228		28G4A05	3.8	1	0.016	2023-07-07
C4	0	0.000310200136020569	0	15.4133411941962	2.6985622165334	0.542044790016583	0.555625	0.00159130036785964		28G4A05	4.1	1	0.02	2023-07-07
C5	0	0.000291897778804745	0	13.9707859617014	2.41930518858479	0.556045006157043	0.567625	0.00146201161878624		28G4A05	4.4	1	0.018	2023-07-07
C6	0	0.000279835931139394	0	13.1462219865173	2.27229378769975	0.549999373077101	0.561875138888889	0.00156825685904172		28G4A05	4.7	1	0.02	2023-07-07
C7	0	0.00104322113364786	0	10.8190273866688	2.80302156943453	0.600872490961148	0.607500277777778	0.0014806224132703		28G4A05	5	1	0.019	2023-07-07
C8	0	0.000406720501676206	0	12.021408134985	2.31828876298677	0.548870511806845	0.557250138888889	0.00123816199840866		28G4A05	5.3	1	0.017	2023-07-07
C9	0	0.00076157974820221	0	11.1084983666463	2.71168835958487	0.508496691968518	0.512750138888889	0.000841820312559466		28G4A05	5.6	1	0.014	2023-07-07
D1	0	0	0	0	0	0	0	0	cannot fit data	28G4A05	3.2	2	0.00800000000000001	2023-07-07
D10	0	0.00127115783813299	0	14.8966863471161	3.95591676297843	0.611009324414776	0.610125138888889	0.00113656971622093		28G4A05	5.9	2	0.021	2023-07-07
D11	0	0.000502825587800835	0	15.1497938066835	3.05807732227972	0.529592475363713	0.5285	0.000857961568155111		28G4A05	6.2	2	0.018	2023-07-07
D12	0	0.000198720472110447	0	17.8359577234898	2.69834301435292	0.59476714381008	0.5885	0.000726788060619154		28G4A05	6.5	2	0.021	2023-07-07
D13	0	0.000384444521269958	0	29.8986937217403	5.1777271765737	0.402610692563903	0.398	0.000451238892988859		28G4A05	6.8	2	0.02	2023-07-07
D14	0	0.0000113825692518079	0	10.6032349737376	1.49315910860429	0.0591688678493606	0.0591250000000001	0.000877731320258381		28G4A05	7.1	2	0.005	2023-07-07
D15	0	0.00321923133272247	0	4.31363671158514	5.83263088519081	0.343664070764338	0.343625	0.00128759218071732		28G4A05	7.4	2	0.01	2023-07-07
D16	0	0.00352665892860538	0	7.69250638150682	9.12599616514811	0.34751037901304	0.346499305555556	0.0013579139451295		28G4A05	7.7	2	0.013	2023-07-07
D17	0	0.00180339590295954	0	0.5182545369851	8.60915698221723	0.145864590334595	0.1455	0.000711539226464614		28G4A05	8	2	0.005	2023-07-07
D18	0	0.00209114386449966	0	-573.607377386539	126.904203754779	0.100251969611153	0.0991250000000001	0.000250134754526539	questionable fit (k < n0)	28G4A05	8.3	2	0.003	2023-07-07
D19	0	0.001	0	-1.67939027287227	6.61001835959508	0.0105831724222706	0.010625	0.000397527118140836	questionable fit (k < n0)	28G4A05	8.6	2	0.001	2023-07-07
D2	0	0.00301191167897482	0	-20971.9912323755	2627.35828193711	0.145184715819189	0.144374999999999	0.000102067926472241	questionable fit (k < n0)	28G4A05	3.5	2	0.00399999999999999	2023-07-07
D20	0	0.00121222102986653	0	-213.193920185029	84.8022263264372	0.0563805782158301	0.053125	0.000598073976609545	questionable fit (k < n0)	28G4A05	8.9	2	0.005	2023-07-07
D21	0	0	0	0	0	0	0	0	cannot fit data	28G4A05	9.2	2	0.004	2023-07-07
D22	0	0	0	0	0	0	0	0	cannot fit data	28G4A05	9.5	2	0.00299999999999999	2023-07-07
D23	0	0.001	0	-1.18479876209416	33481.5222329065	0.00442003244574563	0.003625	0.000230113107073514	questionable fit (k < n0)	28G4A05	9.8	2	0.001	2023-07-07
D24	0	0.000488104119705012	0	0.800696690466307	0.490894300878254	0.094411760722635	0.0926250000000001	0.000532932492298539		28G4A05	10.1	2	0.003	2023-07-07
D3	0	0.00150559975617004	0	19.0804338483487	5.71287814512181	0.478811436422813	0.484250138888889	0.00121463133326586		28G4A05	3.8	2	0.017	2023-07-07
D4	0	0.0000512337079480347	0	16.7549860480169	2.05169664237502	0.4643801797245	0.476375	0.00121685907170998		28G4A05	4.1	2	0.018	2023-07-07
D5	0	0.0000387700672112147	0	15.2967225060848	1.76932178164471	0.512107030728074	0.522625138888889	0.00166219081115382		28G4A05	4.4	2	0.021	2023-07-07
D6	0	0.000197176448425474	0	13.4063664178054	2.10962553507346	0.567843871402353	0.582125138888889	0.00193177895698476		28G4A05	4.7	2	0.021	2023-07-07
D7	0	0.0187914265393653	0	0.644745739212137	6.04621089328089	1.63385521756526	1.63062513888889	0.00243699162694051		28G4A05	5	2	0.043	2023-07-07
D8	0	0.0000717231207407394	0	12.5925219132061	1.66946943172705	0.478675634691981	0.489125138888889	0.00150034083901739		28G4A05	5.3	2	0.017	2023-07-07
D9	0	0.000607322182048357	0	12.0967400880265	2.66020807847149	0.532289306510246	0.538125000000001	0.000911570748538987		28G4A05	5.6	2	0.015	2023-07-07
E1	0	0	0	0	0	0	0	0	cannot fit data	35G1B03	3.2	1	0.011	2023-07-07
E10	0.161	0.0173553858598807	0.0440480806361039	404.900389772811	15.7361494655413	2.89947582646014	2.89162513888889	0.00573064134743256		35G1B03	5.9	1	0.161	2023-07-07
E11	0.105018407581701	0.0116898219592693	0.071942426203307	28.8759777688236	9.63474846679667	2.18210219487821	2.17725	0.00122294228015824		35G1B03	6.2	1	0.086	2023-07-07
E12	0	0.00631203702887136	0	31.6524009873368	9.8817218517262	1.22226480166123	1.21774916666667	0.00236133170705967		35G1B03	6.5	1	0.05	2023-07-07
E13	0.037	0.00669869822317252	0.0258155757715364	592.517154459492	26.8499601439915	0.641172774301545	0.646	0.00598315552887518		35G1B03	6.8	1	0.037	2023-07-07
E14	0	0	0	0	0	0	0	0	cannot fit data	35G1B03	7.1	1	0.027	2023-07-07
E15	0	0.031968752048463	0	-20.1684790207213	33.1488639129688	0.947543843811477	0.856124027777778	0.00771610288324363	questionable fit (k < n0)	35G1B03	7.4	1	0.039	2023-07-07
E16	0	0.00477057524961311	0	1.23131026703395	0.652183738244004	1.04843888890593	1.04912736111111	0.00848393827669876		35G1B03	7.7	1	0.04	2023-07-07
E17	0	0.0021017893822532	0	1.21201626883839	0.374341985437461	1.02926648723286	1.03112152777778	0.0143632984350824		35G1B03	8	1	0.054	2023-07-07
E18	0	0.00532719805949466	0	2.74943245736139	1.38722142100433	1.18680793662624	1.18712430555556	0.00566387910658634		35G1B03	8.3	1	0.04	2023-07-07
E19	0	0.00203502106126786	0	7.02763118955975	1.63161287653974	1.73775337946857	1.74412513888889	0.00339048059151727		35G1B03	8.6	1	0.051	2023-07-07
E2	0	0.0106919209532088	0	-2.49476090174536	0.855609322262994	0.581839517485515	0.579625	0.000328334088189831	questionable fit	35G1B03	3.5	1	0.013	2023-07-07
E20	0	0.0116750047668177	0	1.82819139843462	2.05392522366078	1.5023140303989	1.49999902777778	0.00393163511730446		35G1B03	8.9	1	0.042	2023-07-07
E21	0	0.00106621963867452	0	11.7360234023462	2.2441601561879	1.49429773891036	1.51475097222222	0.00426640824283707		35G1B03	9.2	1	0.047	2023-07-07
E22	0	0.000863018064831744	0	12.7597056511289	2.38595429938008	1.27335108411769	1.29849986111111	0.00440857521301451		35G1B03	9.5	1	0.044	2023-07-07
E23	0	0.00214938840808288	0	20.0541488335628	4.92130734876302	1.06965956160111	1.06825041666667	0.00312436155882332		35G1B03	9.8	1	0.041	2023-07-07
E24	0	0.00213342170314858	0	44.4224013479291	10.7344114968139	0.471884119499401	0.477375138888889	0.00306190596077961		35G1B03	10.1	1	0.026	2023-07-07
E3	0.387113674238195	0.0171550945851531	0.056298101140638	54.5506118396277	12.3120880902963	3.33533694237814	3.33150013888889	0.00709030783725224		35G1B03	3.8	1	0.145	2023-07-07
E4	0.209460975793916	0.00835218033894648	0.107640472589982	29.5550858592863	6.43946615879551	4.07245777319242	4.09225013888889	0.0093267606239749		35G1B03	4.1	1	0.175	2023-07-07
E5	0.214871573496322	0.0106086612227468	0.108484503794339	27.2641444843847	6.38936582015425	4.59366101861482	4.61500027777778	0.0102321907105089		35G1B03	4.4	1	0.182	2023-07-07
E6	0.241839012398133	0.0104502212664494	0.0979346333695444	31.6279963036881	7.0776512527947	4.34431479096197	4.37650013888889	0.0119980304479537		35G1B03	4.7	1	0.191	2023-07-07
E7	0.213051549264952	0.0107823945876319	0.110578262450997	26.5123046894436	6.26838553252831	4.6890544190818	4.71762513888889	0.00968292767114694		35G1B03	5	1	0.187	2023-07-07
E8	0.202196768256064	0.00541630483305408	0.12818700629981	28.0268257629663	5.40731233662466	4.15156204508415	4.21062513888889	0.0118288628743539		35G1B03	5.3	1	0.182	2023-07-07
E9	0.280138424836871	0.00896929371768866	0.092871580891672	36.7059089428003	7.46350147057851	4.0142864777071	4.05750027777778	0.0130342285825628		35G1B03	5.6	1	0.193	2023-07-07
F1	0	0.00932624128747882	0	-55.0083748606483	19.5484377283623	0.41436225623145	0.394125138888889	0.00103417965193807	questionable fit (k < n0)	35G1B03	3.2	2	0.011	2023-07-07
F10	0.168	0.0141681974437783	0.0488567447527346	389.351032269356	14.1873385971166	2.76639132300914	2.77625013888889	0.00619252090361947		35G1B03	5.9	2	0.168	2023-07-07
F11	0.172803175256623	0.012924181077181	0.0555750191883452	45.2598527301271	12.4722796444002	2.17838009101942	2.17237472222222	0.0015943256664052		35G1B03	6.2	2	0.098	2023-07-07
F12	0.0904838320024952	0.00804180956038652	0.0448371777881618	51.9087345649354	15.4592062826701	1.05034914935924	1.04862555555556	0.00254577122351471		35G1B03	6.5	2	0.041	2023-07-07
F13	0.027	0.00733356861736202	0.0218956798390505	702.536183053923	31.6568010518554	0.627441845494431	0.63375	0.00617007538150444		35G1B03	6.8	2	0.027	2023-07-07
F14	0	0	0	0	0	0	0	0	cannot fit data	35G1B03	7.1	2	0.028	2023-07-07
F15	0	0.0383714464993033	0	-18.5364140212389	31.058250197345	1.1082986426953	1.05087375	0.0104472389262393	questionable fit (k < n0)	35G1B03	7.4	2	0.054	2023-07-07
F16	0	0.0037632398759355	0	0.634410280462045	0.292006589039376	0.98434113087732	0.984624583333334	0.0112869816679454		35G1B03	7.7	2	0.04	2023-07-07
F17	0	0.00202800960423776	0	0.91653514476019	0.283495933930223	0.996693364740004	0.998126666666667	0.0167663638137596		35G1B03	8	2	0.063	2023-07-07
F18	0	0.00954721101447251	0	0.352070851380048	0.231047717148569	1.76686723695614	1.53900027777778	0.010270124508495		35G1B03	8.3	2	0.043	2023-07-07
F19	0	0.00204348527007761	0	6.75803660738157	1.57494541027365	1.73788306871945	1.74462402777778	0.0059288040009288		35G1B03	8.6	2	0.054	2023-07-07
F2	0	0.00984400079007798	0	-28.0240753774728	7.90762997252303	0.442917240045582	0.429125	0.000792951496033758	questionable fit (k < n0)	35G1B03	3.5	2	0.011	2023-07-07
F20	0	0.0133723280119783	0	0.699011270903759	4.13402340808101	1.24177637146333	1.23950013888889	0.00322791792624793		35G1B03	8.9	2	0.037	2023-07-07
F21	0	0.0185996966701171	0	3.0509006571789	4.1506495689261	2.09825916348153	2.09800027777778	0.00751171217717931		35G1B03	9.2	2	0.065	2023-07-07
F22	0	0.00453781884559557	0	18.2204794153926	6.03393182308341	1.20897438912129	1.21262555555556	0.00366267689470597		35G1B03	9.5	2	0.043	2023-07-07
F23	0	0.00114695171424198	0	14.020817315097	2.8948022582059	1.15998775799014	1.17112361111111	0.00624278349494955		35G1B03	9.8	2	0.045	2023-07-07
F24	0	0.0026429710681961	0	13.9602500312024	5.97248804578405	0.525606647338279	0.527	0.00280177128499015		35G1B03	10.1	2	0.024	2023-07-07
F3	0.277267642105849	0.0170466064197398	0.0638128743885218	42.712074738392	10.8621839589884	3.56388491194672	3.56275013888889	0.00704296943500684		35G1B03	3.8	2	0.149	2023-07-07
F4	0.183231393552995	0.0125445623701895	0.0985654055043524	26.4853898087824	7.03235762094377	4.05445366871788	4.04962541666667	0.00698717576409125		35G1B03	4.1	2	0.158	2023-07-07
F5	0.206014858679175	0.0114795858048515	0.105720680504927	26.7690595077052	6.55640104896641	4.49662122937007	4.51425013888889	0.0099075899893334		35G1B03	4.4	2	0.175	2023-07-07
F6	0.210132125641057	0.0115959935393451	0.102751800148629	27.6424495847402	6.74583977660071	4.43810706139173	4.45587527777778	0.00997048323955946		35G1B03	4.7	2	0.176	2023-07-07
F7	0.200546702694018	0.00958357865841164	0.115086616719934	25.9980643225024	6.02283045861656	4.49843988759602	4.52862569444444	0.00976626109803001		35G1B03	5	2	0.176	2023-07-07
F8	0.183866953723154	0.00617475675829333	0.130594254896662	25.725353195685	5.30763915386956	4.15795549599196	4.20787513888889	0.0108316972495238		35G1B03	5.3	2	0.168	2023-07-07
F9	0.24082787451343	0.0102055447888109	0.0958969979288406	32.5124907379866	7.22803836960869	4.17398492520545	4.21637527777778	0.0124181723956796		35G1B03	5.6	2	0.186	2023-07-07
G1	0	0.0200430644603844	0	-4.14394436882344	0.467587698049196	0.964123463914541	0.929625	0.00131593290011805	questionable fit (k < n0)	26G2A07	3.2	1	0.021	2023-07-07
G10	0.205603736238864	0.00140481033299376	0.360043273788516	13.8294274850649	1.9251774189985	7.06377626728214	7.13687611111111	0.00995769620301204		26G2A07	5.9	1	0.236	2023-07-07
G11	0.208049079370216	0.00294927614104197	0.314413498491842	13.4915865944416	2.20457195344598	7.21260058182912	7.25987597222222	0.00823856641494138		26G2A07	6.2	1	0.234	2023-07-07
G12	0.168420599856721	0.00185960538557364	0.288948219675541	15.5564110193229	2.39886295661651	5.49222320884141	5.47512569444444	0.00372059872548174		26G2A07	6.5	1	0.183	2023-07-07
G13	0.291531595511516	0.00368147262961706	0.304923888234647	14.295787450531	2.27318097172679	9.87340646701353	9.82050194444445	0.0101284222586784		26G2A07	6.8	1	0.31	2023-07-07
G14	0.274153381699	0.00329524079457872	0.296966027017518	14.8472066611261	2.33409588134153	9.1339581531812	9.06362666666667	0.0176432375557741		26G2A07	7.1	1	0.31	2023-07-07
G15	0.249224799382566	0.00395420834487773	0.279074190687237	14.7902664470544	2.48373802985159	8.31350802602737	8.29737680555556	0.0111871912560595		26G2A07	7.4	1	0.272	2023-07-07
G16	0.154834745208908	0.00196843025891373	0.2886150391013	15.0800436188886	2.40163223204963	5.12202499077187	5.14162597222222	0.00568422275034741		26G2A07	7.7	1	0.164	2023-07-07
G17	0.117956776735202	0.00209133411317113	0.207887391896573	19.3115479962458	3.33424347785745	3.39939111042081	3.41412513888889	0.00361090563705236		26G2A07	8	1	0.125	2023-07-07
G18	0.108993147044929	0.00095715269357654	0.180116238701406	26.2400371701342	3.84833252991161	2.40013275428255	2.43225	0.00362091221946381		26G2A07	8.3	1	0.115	2023-07-07
G19	0.041	0.00182036377365006	0.0616840388270689	330.553453200011	11.2370589497744	0.547711727621606	0.577875	0.00258826153975189		26G2A07	8.6	1	0.041	2023-07-07
G2	0	0.0129857351305608	0	-2.27466098023709	0.618379673277662	0.673926799640991	0.6445	0.00155990463584713	questionable fit	26G2A07	3.5	1	0.015	2023-07-07
G20	0	0.0104311504171572	0	-8.93607420072658	29.0985515346355	0.210212871620645	0.1775	0.00348475257930907	questionable fit (k < n0)	26G2A07	8.9	1	0.016	2023-07-07
G21	0	0.0075670280334622	0	-9.25338090251339	12.7024673137868	0.193034412442787	0.16475	0.000932568479553704	questionable fit (k < n0)	26G2A07	9.2	1	0.01	2023-07-07
G22	0	0.00814858771210857	0	-18.8217577432201	13.720030527054	0.285954109968543	0.258625	0.0010899587597505	questionable fit (k < n0)	26G2A07	9.5	1	0.00900000000000001	2023-07-07
G23	0	0.00613659056098849	0	-19.0364493455024	33.456258723359	0.177083155917374	0.134375	0.00134147617308705	questionable fit (k < n0)	26G2A07	9.8	1	0.00800000000000001	2023-07-07
G24	0	0	0	0	0	0	0	0	cannot fit data	26G2A07	10.1	1	0.00900000000000001	2023-07-07
G3	0	0.0160616841619093	0	-4.70041634617374	2.4318444580068	0.96049010491882	0.9575	0.00108126048813144	questionable fit	26G2A07	3.8	1	0.022	2023-07-07
G4	0.037	0.0125858209882405	0.0206410355728328	870.713172198204	33.5810273721077	1.03944387730458	1.03725013888889	0.000818126860058466		26G2A07	4.1	1	0.037	2023-07-07
G5	0.112289440345587	0.0112644419343921	0.0753238763352729	29.1237927346565	9.20222397310899	2.30276296183549	2.30550013888889	0.00166442915943578		26G2A07	4.4	1	0.09	2023-07-07
G6	0.119585807113818	0.0114198664378487	0.0872270963544977	25.7753854127868	7.94646628775697	2.72589966922751	2.72237513888889	0.0020913315363177		26G2A07	4.7	1	0.11	2023-07-07
G7	0.165315850447691	0.00922001282757107	0.130903236082055	21.6120992739919	5.29511111646968	4.36198690047583	4.38712541666667	0.00446452159797816		26G2A07	5	1	0.154	2023-07-07
G8	0.159230115979293	0.00144780028821838	0.279367391694822	16.79212074057	2.48113130295869	4.99671407180759	5.08862527777778	0.00789329639094316		26G2A07	5.3	1	0.158	2023-07-07
G9	0.186995572031317	0.0014011822608256	0.359261368941859	13.6008145114058	1.92936742016401	6.46686473262096	6.54450097222222	0.00712061350979874		26G2A07	5.6	1	0.189	2023-07-07
H1	0	0.00855904196465277	0	-1.34897499189344	1.02611817217436	0.57245371319601	0.567125000000001	0.00154356041072415	questionable fit	26G2A07	3.2	2	0.015	2023-07-07
H10	0.18606657711924	0.000862273783182335	0.393313155919735	13.652332555182	1.76232899949423	6.42684803988573	6.49950111111111	0.00647090974770317		26G2A07	5.9	2	0.188	2023-07-07
H11	0.198280792308703	0.00354583036515998	0.29237663771022	13.7010505619183	2.37073381097889	6.82920618660883	6.88575083333333	0.00735190673416034		26G2A07	6.2	2	0.207	2023-07-07
H12	0.178570715724866	0.00460296345843849	0.241355759462005	15.0490281738848	2.87188995242959	5.90156221227316	5.87650055555556	0.00459926103182216		26G2A07	6.5	2	0.192	2023-07-07
H13	0.310271949914574	0.00321554656643711	0.300245536172832	15.184352662601	2.30860111825591	10.234579961673	10.2060020833333	0.0234560205257082		26G2A07	6.8	2	0.349	2023-07-07
H14	0.249051335454347	0.00275744789968167	0.311257562034323	14.4324844044214	2.22692478868517	8.40213423979059	8.33875152777778	0.0179944224619934		26G2A07	7.1	2	0.29	2023-07-07
H15	0.230735491653561	0.00374542349929487	0.301523238591847	13.6121235250996	2.29881843866175	7.96923926005401	7.98300152777778	0.00926749770217415		26G2A07	7.4	2	0.251	2023-07-07
H16	0.141819932461029	0.00438943375915899	0.241849516089489	14.2399213630606	2.8660267416184	4.79860825583578	4.79737611111111	0.00394081994033865		26G2A07	7.7	2	0.149	2023-07-07
H17	0.116046724743682	0.00222026457335358	0.20935714035473	18.805418514517	3.31083611184931	3.40216048533623	3.41562527777778	0.00430925059267344		26G2A07	8	2	0.123	2023-07-07
H18	0.0974370120422688	0.00104307424582668	0.179762477849548	25.1791753734962	3.85590579776094	2.24627679268848	2.27412513888889	0.00338536332461217		26G2A07	8.3	2	0.101	2023-07-07
H19	0.039	0.00097559284839812	0.0743005525909354	275.533028846661	9.32896400348587	0.458674009405154	0.495875	0.00237882213353189		26G2A07	8.6	2	0.039	2023-07-07
H2	0	0.016	0	-7.57240822974933	1.89310205743733	0.725714817353324	0.702625	0.0012606412356272	questionable fit (k < n0)	26G2A07	3.5	2	0.016	2023-07-07
H20	0	0.0123835102852129	0	-5.45761081773896	44.9279180757713	0.174076766676156	0.135875	0.00289068507433686	questionable fit (k < n0)	26G2A07	8.9	2	0.019	2023-07-07
H21	0	0.00918514675129402	0	-19.5716050545246	17.2585371995943	0.308269178762724	0.25825	0.00154038754854809	questionable fit (k < n0)	26G2A07	9.2	2	0.013	2023-07-07
H22	0	0.0105637818082199	0	-18.5602242198452	15.328580972256	0.357640523193244	0.336749722222222	0.00216543521117346	questionable fit (k < n0)	26G2A07	9.5	2	0.014	2023-07-07
H23	0	0.00855251641160616	0	-10.5771366278809	16.9721023210394	0.214587590600956	0.186125	0.00110877704299622	questionable fit (k < n0)	26G2A07	9.8	2	0.011	2023-07-07
H24	0	0	0	0	0	0	0	0	cannot fit data	26G2A07	10.1	2	0.00800000000000001	2023-07-07
H3	0	0.0143690739038882	0	-6.87907091808718	3.624216513925	0.855851371369848	0.853000138888889	0.00094017699273373	questionable fit	26G2A07	3.8	2	0.02	2023-07-07
H4	0	0.00920397591526074	0	42.5726390149061	23.0461699816926	0.754500717933714	0.752500138888889	0.00055260414279853		26G2A07	4.1	2	0.024	2023-07-07
H5	0.130560363209702	0.00944261801828626	0.0684774582312409	37.2608733581632	10.1222679472019	2.0236763966331	2.026125	0.0013127509770996		26G2A07	4.4	2	0.088	2023-07-07
H6	0.110581358447749	0.00828874076423396	0.0905016351287069	27.7667850301959	7.65894648836107	2.34334577524073	2.34212513888889	0.00167923541088967		26G2A07	4.7	2	0.099	2023-07-07
H7	0.160446729180086	0.00612333747286866	0.141499700300132	22.8052996107386	4.89857702235217	4.06188016251938	4.10462527777778	0.00545231788259459		26G2A07	5	2	0.149	2023-07-07
H8	0.151877804556987	0.0018428251188644	0.259099638843142	16.9802192623933	2.67521476932499	4.73533267887778	4.79850041666667	0.00619768840608406		26G2A07	5.3	2	0.153	2023-07-07
H9	0.184926594850678	0.00235831943933728	0.305832658768674	14.2207669024517	2.26642629780173	6.27679492545278	6.33987569444445	0.00906635709045107		26G2A07	5.6	2	0.201	2023-07-07
I1	0	0	0	0	0	0	0	0	cannot fit data	23G1B05	3.2	1	0.01	2023-07-07
I10	0.307648619071799	0.000963563292943032	0.452584367942599	12.7334014493355	1.53153142188918	10.9105705582389	10.9672516666667	0.0117424589847399		23G1B05	5.9	1	0.346	2023-07-07
I11	0.351650163430133	0.00535582013817355	0.308050715301537	13.5338275926302	2.25010735612626	12.1745320840192	12.1682523611111	0.012633688283361		23G1B05	6.2	1	0.37	2023-07-07
I12	0.304426083512802	0.00438911515004668	0.31068791657347	13.5981408453774	2.23100784930602	10.5209370903416	10.4440018055556	0.0114221072272771		23G1B05	6.5	1	0.319	2023-07-07
I13	0.33359123617399	0.0070590905055257	0.269679476848642	14.217663963117	2.57026299761392	11.3114573534015	11.1936269444444	0.0178115636277429		23G1B05	6.8	1	0.36	2023-07-07
I14	0.325811857389465	0.00332522750557988	0.332792559285014	13.7458709803557	2.08282054757815	11.2170693395704	11.1346268055556	0.015614321165214		23G1B05	7.1	1	0.338	2023-07-07
I15	0.258743193517535	0.000467711261576352	0.522068139381993	12.0940743852607	1.32769485106	9.34248765069756	9.38850097222222	0.0179045889102949		23G1B05	7.4	1	0.291	2023-07-07
I16	0.244791728833035	0.000162473024089957	0.582197081259439	12.5678869835739	1.19057137672434	8.72332334719314	8.79800194444445	0.0200446522905651		23G1B05	7.7	1	0.29	2023-07-07
I17	0.197606156302744	0.000010813809575421	0.702454251715116	13.9698101163936	0.986750637308484	6.76501401614351	6.84137652777778	0.0193941285276902		23G1B05	8	1	0.248	2023-07-07
I18	0.204206579213395	0.000000492555668964547	0.740375951137616	17.4708980796245	0.936209745190802	6.27604842906416	6.38412541666667	0.0240098828652792		23G1B05	8.3	1	0.262	2023-07-07
I19	0.109355481775169	0.00000000989649879233722	0.680417180056581	23.8352789758774	1.01870911093442	2.66493220237474	2.846625	0.0066635650352353		23G1B05	8.6	1	0.114	2023-07-07
I2	0	0	0	0	0	0	0	0	cannot fit data	23G1B05	3.5	1	0.012	2023-07-07
I20	0	0.000000000000645109884292272	0	41.1557948685734	1.1174192188361	0.557533094976115	0.789125	0.00611779287095639		23G1B05	8.9	1	0.076	2023-07-07
I21	0	0.01	0	-1.68788241171636	0.726931387510621	0.387509934920845	0.373375	0.000525718416829413	questionable fit (k < n0)	23G1B05	9.2	1	0.01	2023-07-07
I22	0	0.00876075907574628	0	-0.306126822953353	0.292314964933242	0.624497676440715	0.6045	0.000770783517965504	questionable fit	23G1B05	9.5	1	0.016	2023-07-07
I23	0	0.00829168645975642	0	-47.7011800516043	17.7829587321703	0.363519876399235	0.330375	0.00136070685881273	questionable fit (k < n0)	23G1B05	9.8	1	0.01	2023-07-07
I24	0	0.011	0	-21.1276383646039	11.2712651078998	0.425221465645499	0.393875	0.00143077749259778	questionable fit (k < n0)	23G1B05	10.1	1	0.011	2023-07-07
I3	0.263613715267006	0.0036214597774832	0.168633406958607	25.3435824079681	4.11037879777929	6.03763464188669	6.09700027777778	0.00545094358370344		23G1B05	3.8	1	0.252	2023-07-07
I4	0.265870790343334	0.00349141297337084	0.181476203497871	23.8019357947539	3.81949350493259	6.48599927394919	6.50962527777778	0.00618253080890021		23G1B05	4.1	1	0.274	2023-07-07
I5	0.252470896682747	0.00563922069109161	0.176112891871549	21.4576043231006	3.93581170119847	6.73333001886236	6.69262541666667	0.0134668010507633		23G1B05	4.4	1	0.276	2023-07-07
I6	0.199013712040497	0.00679050460788566	0.182281098334184	18.3405301532982	3.80262784728874	5.91019066724789	5.88175097222222	0.0111902090803092		23G1B05	4.7	1	0.223	2023-07-07
I7	0.197817020299363	0.00135125419661981	0.327710387696956	15.1946816123861	2.1151211758381	6.52582250519146	6.57450097222222	0.0105503421896095		23G1B05	5	1	0.225	2023-07-07
I8	0.218703558498732	0.00123724196319014	0.362235648812068	14.2701562086993	1.91352558157399	7.41818784276098	7.45187583333333	0.022010932462332		23G1B05	5.3	1	0.25	2023-07-07
I9	0.245461164765615	0.000346195907531411	0.543652471705174	12.0710898231716	1.27498211934157	8.86876625003032	8.94912597222222	0.0277779306230314		23G1B05	5.6	1	0.293	2023-07-07
J1	0	0.0145810516828311	0	-179.078963476495	38.5175319675358	0.693371237465127	0.685500000000001	0.000399307386995916	questionable fit (k < n0)	23G1B05	3.2	2	0.015	2023-07-07
J10	0.328914175429806	0.000445371006538969	0.518218999808785	12.7422759369262	1.33755647866193	11.6632412766551	11.7520020833333	0.0150618704553406		23G1B05	5.9	2	0.363	2023-07-07
J11	0.345354141597894	0.00554005103822708	0.320719589041804	12.8348722773633	2.16122495863387	12.1977230527156	12.1815015277778	0.0139342529953034		23G1B05	6.2	2	0.365	2023-07-07
J12	0.315230070079457	0.00397111470496192	0.346107652550654	12.6017970134906	2.00269244396005	11.2115701395366	11.1502522222222	0.00982402219301325		23G1B05	6.5	2	0.326	2023-07-07
J13	0.333656719203061	0.00645576968682656	0.301505010834923	13.0200166151475	2.29895741580046	11.7180191113722	11.6165011111111	0.0161355159283755		23G1B05	6.8	2	0.362	2023-07-07
J14	0.33015188361811	0.00520382143763411	0.30578829266474	13.5200470800134	2.2667551282609	11.4340842981243	11.3517520833333	0.0179449336751294		23G1B05	7.1	2	0.344	2023-07-07
J15	0.282316840644511	0.00048031323480659	0.549237974505653	11.6063424674036	1.26201612549427	10.3314636928659	10.3763761111111	0.0177323538514214		23G1B05	7.4	2	0.315	2023-07-07
J16	0.23292519496484	0.0000288567398710649	0.69572216486624	12.9304564438788	0.996298832441554	8.21622375370966	8.32950347222222	0.0244145822768752		23G1B05	7.7	2	0.286	2023-07-07
J17	0.215548699831256	0.0000386687788480873	0.63800018033807	13.51994948395	1.08643727999051	7.4761970529687	7.55762680555556	0.0194715047460905		23G1B05	8	2	0.267	2023-07-07
J18	0.230292267558949	0.0000677760270897207	0.505187510592366	16.094225296285	1.37205921766986	7.39466501056496	7.60475041666667	0.021815172354729		23G1B05	8.3	2	0.282	2023-07-07
J19	0.129433102740422	0.0000000879500958337838	0.625478661198571	22.7056578667856	1.10818677527976	3.30042290037529	3.43350013888889	0.0065398332921104		23G1B05	8.6	2	0.139	2023-07-07
J2	0	0.0144003781924955	0	-7.13297073885014	3.56614755251831	0.847024630856652	0.831499999999999	0.000536121558485364	questionable fit	23G1B05	3.5	2	0.018	2023-07-07
J20	0	0.00000000000415480616493947	0	40.068632819254	1.16994183051298	0.691010187489543	0.873625	0.00498034383477871		23G1B05	8.9	2	0.086	2023-07-07
J21	0.201	0.000452688717749605	0.122050098942563	185.258719774263	5.67920211917354	1.32792785695869	1.471875	0.00955244430703629		23G1B05	9.2	2	0.201	2023-07-07
J22	0	0.0128923547487654	0	-16.9973955381604	7.84571012164917	0.511259738878349	0.50925	0.000851016466790784	questionable fit (k < n0)	23G1B05	9.5	2	0.018	2023-07-07
J23	0	0.00815825467800499	0	-24.1542313444441	12.5908511751155	0.320668752910428	0.291	0.00115428083364358	questionable fit (k < n0)	23G1B05	9.8	2	0.00900000000000001	2023-07-07
J24	0	0	0	0	0	0	0	0	cannot fit data	23G1B05	10.1	2	0.01	2023-07-07
J3	0.267291874719198	0.00352071823629412	0.164465696405541	26.2450892609575	4.21453954051778	5.89139438405227	5.96775041666667	0.00736262546237001		23G1B05	3.8	2	0.252	2023-07-07
J4	0.2681413531186	0.00341145234903338	0.181714017760036	23.9473652502888	3.8144948260144	6.50337187465348	6.52112513888889	0.0059059912555412		23G1B05	4.1	2	0.277	2023-07-07
J5	0.258991698477236	0.00757441189531159	0.165468941595119	21.1661373457487	4.18898660907608	6.97405489105875	6.92912527777778	0.0128558512836949		23G1B05	4.4	2	0.28	2023-07-07
J6	0.232035389976477	0.00522678678019429	0.201460769149116	18.7148585460481	3.44060624551124	6.81947522655846	6.80237611111111	0.0105552264949214		23G1B05	4.7	2	0.255	2023-07-07
J7	0.195753561967152	0.00159335259194606	0.322993060061323	14.8698033763095	2.14601261224729	6.52048860825428	6.56525083333333	0.01101645089059		23G1B05	5	2	0.223	2023-07-07
J8	0.183882311627048	0.000165790225047743	0.51966315510851	13.4903270521128	1.33383937988678	6.38304405786544	6.47162583333333	0.0134308666831055		23G1B05	5.3	2	0.21	2023-07-07
J9	0.238173525875635	0.000519662036510153	0.497339007652845	12.3163310653124	1.39371167331355	8.54661863858731	8.62512625	0.0242655732938461		23G1B05	5.6	2	0.278	2023-07-07
K1	0	0.0118823348962962	0	0.143182816203505	0.270757964538561	1.38904393998563	1.38637513888889	0.0017192066780241		26G3B03	3.2	1	0.032	2023-07-07
K10	0.244668727088853	0.0420137243446614	0.1867841217335	8.42421020466202	3.71095344790022	9.48703821172693	9.46362597222222	0.00662644343570772		26G3B03	5.9	1	0.248	2023-07-07
K11	0.325119246838204	0.0448206279116584	0.125119050091857	14.6515422853758	5.539901238469	10.5620831097311	10.5558759722222	0.0149968062744141		26G3B03	6.2	1	0.334	2023-07-07
K12	0.200477328654229	0.0224096408161296	0.146904830173386	14.1089471630706	4.71834166202604	6.68274879966467	6.66387541666667	0.00729006097061487		26G3B03	6.5	1	0.205	2023-07-07
K13	0.331998466383725	0.0211730198120629	0.234457872158823	11.4583645412936	2.95638262932969	12.1066765625343	12.0730013888889	0.0109816697625054		26G3B03	6.8	1	0.357	2023-07-07
K14	0.278408843667217	0.00614449070972156	0.408991517712342	9.26967297665455	1.69477153080583	10.8246703399796	10.85400125	0.0158864589986417		26G3B03	7.1	1	0.292	2023-07-07
K15	0.29694263266889	0.0148000658361062	0.343779248099984	8.57463295553321	2.01625660766572	11.7237031100151	11.7563765277778	0.0156806847900863		26G3B03	7.4	1	0.313	2023-07-07
K16	0.22570727984625	0.0189582457679955	0.302495530658025	7.8985189863899	2.29142949336186	9.0319450219261	9.03075069444444	0.00296546132639184		26G3B03	7.7	1	0.229	2023-07-07
K17	0.20261748830746	0.0179674997502116	0.313573643284977	7.43014463353022	2.21047653526802	8.20164366516696	8.20712555555555	0.00409032774298374		26G3B03	8	1	0.21	2023-07-07
K18	0.188880569881036	0.0173676397217	0.269332923951162	8.50267370257491	2.57357017623895	7.43131763525699	7.43437611111111	0.00353512082156257		26G3B03	8.3	1	0.195	2023-07-07
K19	0.180859598200661	0.0195065420759016	0.248746254293787	8.49397698431869	2.78656328927586	7.09912732980682	7.10850125	0.00639942522014328		26G3B03	8.6	1	0.189	2023-07-07
K2	0	0.0319704111767845	0	-35.2601753171709	8.77081986999645	1.46977110880799	1.4365	0.00154214678004926	questionable fit (k < n0)	26G3B03	3.5	1	0.033	2023-07-07
K20	0.149724441303979	0.0260638310405543	0.151348324026162	10.2874758593592	4.57981404828855	5.49111410824625	5.48424708333333	0.00460558548879691		26G3B03	8.9	1	0.15	2023-07-07
K21	0.133753732793137	0.0312765732673369	0.108495387447142	10.9384427151962	6.38872487457256	4.67757049214882	4.67225	0.00365157706131486		26G3B03	9.2	1	0.135	2023-07-07
K22	0.117657756692546	0.0264032013833912	0.0896123413846787	13.8392505532961	7.73495223815739	3.7687266377933	3.76100027777778	0.00300482366275814		26G3B03	9.5	1	0.117	2023-07-07
K23	0.140312577744405	0.030842329751028	0.0485352931336831	26.0998674103835	14.2813020341873	3.23446055894641	3.22950041666667	0.00284912633202118		26G3B03	9.8	1	0.107	2023-07-07
K24	0	0.0283952299523323	0	2.92860185998295	14.9948265712716	2.08373707066244	2.07987513888889	0.00263890879223574		26G3B03	10.1	1	0.053	2023-07-07
K3	0.129850663638988	0.0260876563469015	0.244309016652452	5.65123332778229	2.83717396131146	5.40641218043459	5.40337527777778	0.00507695599091834		26G3B03	3.8	1	0.137	2023-07-07
K4	0.151022812510668	0.0238088487266583	0.266326580618418	6.29232392932496	2.60262110882976	6.23245145348139	6.22600041666667	0.00387293766994928		26G3B03	4.1	1	0.154	2023-07-07
K5	0.197384469549597	0.0222360079902373	0.311603619437912	6.62354632894919	2.22445163445239	8.1317705488952	8.13675097222222	0.0060462561433456		26G3B03	4.4	1	0.203	2023-07-07
K6	0.176327826461266	0.023469761446045	0.307391343258268	6.0958026524982	2.25493396532501	7.34304163149034	7.33950041666667	0.00303622448563976		26G3B03	4.7	1	0.179	2023-07-07
K7	0.20273950504298	0.0274670140523573	0.287188759401705	6.45344219754669	2.41355957664905	8.36186668202347	8.35850097222222	0.00319971710025131		26G3B03	5	1	0.204	2023-07-07
K8	0.18899940203343	0.0271814202791407	0.258428114994961	6.90303557817907	2.68216629825071	7.69245424056488	7.67937611111111	0.00397878343272209		26G3B03	5.3	1	0.192	2023-07-07
K9	0.241670806644052	0.0374451342818367	0.211202993519551	8.03184091007699	3.28190036045006	9.51621212185033	9.50125083333333	0.0040081440100567		26G3B03	5.6	1	0.244	2023-07-07
L1	0	0.0276445418315413	0	-33.6510090683451	8.26554893576978	1.2720142139807	1.263375	0.00157950704298959	questionable fit (k < n0)	26G3B03	3.2	2	0.032	2023-07-07
L10	0.263178217680266	0.0441816497368921	0.186368276643683	8.58915770685234	3.71923372927449	10.1673146083997	10.1411258333333	0.00749750893315269		26G3B03	5.9	2	0.266	2023-07-07
L11	0.257983025806427	0.0417239382317539	0.160007462628903	10.2832837853323	4.33196782932259	9.5023781689208	9.49137597222222	0.00745512400861117		26G3B03	6.2	2	0.259	2023-07-07
L12	0.182475812429679	0.0281426465428369	0.139944752376717	12.1607102456025	4.95300587401852	6.36712885167062	6.34812444444444	0.00897125149954095		26G3B03	6.5	2	0.183	2023-07-07
L13	0.277277383671209	0.0146682014367687	0.280261888987561	10.2938896012867	2.47321240523969	10.4580678502974	10.4720013888889	0.0092526798815443		26G3B03	6.8	2	0.29	2023-07-07
L14	0.309434666997994	0.00408994205147787	0.428328019934142	10.0691768498789	1.61826251914717	11.7908475538953	11.8075016666667	0.0129618052278681		26G3B03	7.1	2	0.328	2023-07-07
L15	0.302053347623741	0.0121031145083586	0.353655948547719	8.98117646397128	1.9599477498013	11.8126767294707	11.85337625	0.0152123879174941		26G3B03	7.4	2	0.32	2023-07-07
L16	0.247882313288687	0.0201920135495567	0.289487260752315	8.36893204700569	2.39439614288589	9.80184001708277	9.80450138888889	0.00269423920229912		26G3B03	7.7	2	0.25	2023-07-07
L17	0.208562542457692	0.0163506014260847	0.296668358559226	8.30669625029703	2.33643784570159	8.26384437850797	8.25825055555556	0.00390877569130222		26G3B03	8	2	0.217	2023-07-07
L18	0.22502954858381	0.0287090421772427	0.200174605493932	9.60429732895118	3.46271285935396	8.53330188780056	8.49537486111111	0.0137765402374883		26G3B03	8.3	2	0.245	2023-07-07
L19	0.17507196908817	0.0146807409407033	0.25556639846996	9.35600112604596	2.71219997898675	6.74135934878112	6.74337555555556	0.00439369145251354		26G3B03	8.6	2	0.184	2023-07-07
L2	0	0.0307514763860566	0	-40.1361205763758	14.8971875567592	1.33787065803306	1.288625	0.00171672554772993	questionable fit (k < n0)	26G3B03	3.5	2	0.033	2023-07-07
L20	0.173331964749495	0.0215340910171442	0.14288164566124	13.6680435106708	4.85119818820773	5.83407456036367	5.83212541666667	0.00742201114539347		26G3B03	8.9	2	0.171	2023-07-07
L21	0.11959973964652	0.0260535110854821	0.115636056637613	11.0545381148495	5.99421322998041	4.20303184712986	4.19875013888889	0.00305485022140605		26G3B03	9.2	2	0.121	2023-07-07
L22	0.114470538465895	0.0248877556641816	0.0891115501965831	14.3728529054628	7.77842130487955	3.61935116869386	3.60875111111111	0.00444872575595606		26G3B03	9.5	2	0.116	2023-07-07
L23	0.108689534620923	0.0287638934627513	0.0593473627855868	17.2202397469655	11.6794942188785	3.07495460859	3.07049986111111	0.0024071575096737		26G3B03	9.8	2	0.095	2023-07-07
L24	0	0.0240919814285893	0	0.745653499388604	7.05165134391079	2.04409729064557	2.04012527777778	0.00312272998050092		26G3B03	10.1	2	0.053	2023-07-07
L3	0.116042894876841	0.0277413549132181	0.224347136797696	5.16090067883014	3.08961901833848	4.85364964262066	4.84875	0.00546726854534388		26G3B03	3.8	2	0.123	2023-07-07
L4	0.154184574764205	0.0222713115293755	0.239713869534345	7.42070219639147	2.89156060058775	6.18795996076719	6.18850055555556	0.00590017209899738		26G3B03	4.1	2	0.163	2023-07-07
L5	0.184685134502669	0.023538657578186	0.29678605221348	6.48167142170599	2.33551130651302	7.62078852912333	7.62125069444445	0.00467673397534617		26G3B03	4.4	2	0.188	2023-07-07
L6	0.184533464061351	0.0243974279890489	0.292478262112839	6.43311386425248	2.36991007657358	7.61879225268706	7.61425069444445	0.0042183134109486		26G3B03	4.7	2	0.188	2023-07-07
L7	0.227218970374951	0.0265954527989296	0.295868855120874	6.8296808403049	2.34275142031008	9.30559773487814	9.30400097222222	0.00390977452330117		26G3B03	5	2	0.229	2023-07-07
L8	0.207350978720011	0.0275990349684866	0.252750384720349	7.41362670942133	2.74241790502857	8.34092205488461	8.32775041666667	0.00362594359744276		26G3B03	5.3	2	0.209	2023-07-07
L9	0.255956074772151	0.036912109227732	0.211734420964381	8.41021878682655	3.27366319280014	9.99765078395195	9.98500097222222	0.00428778698687286		26G3B03	5.6	2	0.259	2023-07-07
M1	0	0.00495131297674127	0	0.252123828843006	0.246908151494555	0.717148447068603	0.70225	0.00208613702290572		28D03	3.2	1	0.017	2023-07-07
M10	0.244266510942421	0.0148024653037291	0.179449451352176	15.2742323323701	3.86263192969936	7.96241166877057	7.94462569444444	0.00327610636071239		28D03	5.9	1	0.247	2023-07-07
M11	0.223282719236567	0.0154525821067933	0.15693666121379	16.5604707116484	4.41673204462845	6.97345989999541	6.95712555555556	0.00254323986713433		28D03	6.2	1	0.222	2023-07-07
M12	0.162175535153712	0.00968929977634566	0.124114416287121	22.2057376879487	5.58474350760713	4.18675142795196	4.16487527777778	0.00375512886178518		28D03	6.5	1	0.155	2023-07-07
M13	0.14999307898142	0.0143545498727447	0.114805917553266	19.5628114362673	6.03755621079678	4.21252972963983	4.17812513888889	0.00702688935922617		28D03	6.8	1	0.151	2023-07-07
M14	0.0898049006209562	0.00619327559360941	0.208759203677916	12.4675626182172	3.32031914448843	3.17887985905204	3.16612527777778	0.00511513789358636		28D03	7.1	1	0.106	2023-07-07
M15	0	0.0111221454867133	0	5.82679481044495	2.92881501089434	2.29049879966137	2.28912472222222	0.00318734334505659		28D03	7.4	1	0.063	2023-07-07
M16	0	0.00864374815067507	0	5.34443070694076	2.32100088618485	2.16654552363481	2.16625013888889	0.00201306376298801		28D03	7.7	1	0.053	2023-07-07
M17	0	0.007626522856748	0	5.45754821671153	2.59966548229492	1.69129958463146	1.69087555555556	0.00303863560062018		28D03	8	1	0.046	2023-07-07
M18	0	0.00624148390116204	0	6.12205344589533	2.60113811618522	1.57952978035671	1.58025013888889	0.00151618259654978		28D03	8.3	1	0.04	2023-07-07
M19	0	0.00771699093801497	0	9.1457670895865	4.90950553483929	1.33721843698247	1.33637472222222	0.000905811050702161		28D03	8.6	1	0.036	2023-07-07
M2	0	0.0156405903046941	0	-2.62121664845489	2.01891371074757	1.03864190514861	1.032625	0.000524331051309613	questionable fit	28D03	3.5	1	0.023	2023-07-07
M20	0	0.00792668480667186	0	7.50087993585763	5.77934101984828	1.03964593284753	1.03849986111111	0.00102408756001819		28D03	8.9	1	0.029	2023-07-07
M21	0	0.00988300672611235	0	13.0243177966441	8.62560265726087	1.2227066578121	1.221875	0.00153149819970771		28D03	9.2	1	0.036	2023-07-07
M22	0	0.0128444167136436	0	4.0467521914639	11.0155886814557	1.05874872593282	1.05700027777778	0.00112486866363889		28D03	9.5	1	0.028	2023-07-07
M23	0	0.0110691742086427	0	-21.90261110611	9.91566980921429	0.612715919879779	0.6105	0.00105788547433413	questionable fit	28D03	9.8	1	0.018	2023-07-07
M24	0	0.00929243438920723	0	-0.636142459647818	0.301282051309712	0.550563306709313	0.548750138888889	0.00128971458836027	questionable fit	28D03	10.1	1	0.015	2023-07-07
M3	0.134730996193156	0.0141894309480937	0.126302264322877	16.9395003064036	5.48800280245169	4.11404959624821	4.11400041666667	0.00102514648057337		28D03	3.8	1	0.133	2023-07-07
M4	0.183581556422761	0.016965503308441	0.121648832986139	18.7795473329755	5.69793530727028	5.29709632559194	5.28562541666667	0.00346342895216546		28D03	4.1	1	0.175	2023-07-07
M5	0.187415944911712	0.0204762264000435	0.127346242858777	16.477661278159	5.44301241245588	5.8015492474308	5.78937541666667	0.00447115884849614		28D03	4.4	1	0.181	2023-07-07
M6	0.180914083238262	0.0139749555232233	0.158412291338157	15.6576385826867	4.37558963830848	5.80297890697869	5.79162555555556	0.00385938860068154		28D03	4.7	1	0.178	2023-07-07
M7	0.20355362556136	0.0222660209241965	0.143365928451032	14.6270664005632	4.8348110883033	6.68185208866205	6.66862555555556	0.00462152597638806		28D03	5	1	0.201	2023-07-07
M8	0.201492542965515	0.0197998082629347	0.140019313377302	15.8309927541214	4.95036837305551	6.38960360834197	6.37100041666667	0.00448845485469632		28D03	5.3	1	0.198	2023-07-07
M9	0.224011950196648	0.0221309362035936	0.148604329989645	14.8764307639652	4.66438077953882	7.319741667201	7.30212555555556	0.0036453178747542		28D03	5.6	1	0.223	2023-07-07
N1	0	0	0	0	0	0	0	0	cannot fit data	28D03	3.2	2	0.016	2023-07-07
N10	0.238011286110901	0.0209519866526081	0.146474805766869	15.9613600660055	4.73219388775408	7.53893248063156	7.50675069444444	0.00549828218874284		28D03	5.9	2	0.24	2023-07-07
N11	0.233522533814771	0.0133200792207742	0.174648457651369	16.0624078589797	3.96881363787132	7.43229389448008	7.42425055555556	0.00196741120855322		28D03	6.2	2	0.233	2023-07-07
N12	0.18384661861564	0.00761424699799256	0.170485673382551	18.4284242643515	4.06572098879299	5.4353687891439	5.40937541666667	0.00310949022596689		28D03	6.5	2	0.183	2023-07-07
N13	0.179457182740649	0.00812885066520447	0.153441615241945	19.8652903735471	4.51733501023826	5.04652209861284	5.00837541666667	0.00628707051241085		28D03	6.8	2	0.185	2023-07-07
N14	0.0895462599178741	0.00658832097142497	0.211657720617139	11.9676011842984	3.27484950012175	3.21276426524811	3.20162527777778	0.00463004055111426		28D03	7.1	2	0.097	2023-07-07
N15	0	0.00672745353611224	0	6.89892425457984	2.45562113198441	2.20042204434057	2.20125013888889	0.00203913548031977		28D03	7.4	2	0.057	2023-07-07
N16	0	0.00821413765852503	0	4.61827824399173	1.95971900166107	2.16633974180289	2.16650027777778	0.00349063612919644		28D03	7.7	2	0.06	2023-07-07
N17	0	0.00942700477345278	0	7.26564524449664	3.37448553333464	2.05185986684228	2.05062513888889	0.00084369125901028		28D03	8	2	0.052	2023-07-07
N18	0	0.00745599778258184	0	4.75111515089907	2.27501021337812	1.67468907389189	1.67612513888889	0.00396666805051751		28D03	8.3	2	0.046	2023-07-07
N19	0	0.0088531425853675	0	8.95233134677686	4.38368112294498	1.71707182053469	1.71550013888889	0.000619742785525861		28D03	8.6	2	0.045	2023-07-07
N2	0	0.0155636609070805	0	-3.71135037072508	1.17959812072388	0.831824978430594	0.828875	0.001132422315126	questionable fit	28D03	3.5	2	0.019	2023-07-07
N20	0	0.00823270916670611	0	6.72496975330782	4.4461886096982	1.2549710201896	1.25362513888889	0.00149740238845353		28D03	8.9	2	0.036	2023-07-07
N21	0	0.00955800057239615	0	11.0373951701114	7.70071836230171	1.20445186181447	1.20312527777778	0.000920908100209673		28D03	9.2	2	0.034	2023-07-07
N22	0	0.0149882167221095	0	3.81885990452686	8.72136961955411	1.33379640005606	1.33112583333333	0.00193893592286118		28D03	9.5	2	0.036	2023-07-07
N23	0.02	0.00960164292784355	0.0117216914826821	1241.85814716927	59.1337164592687	0.62214875550285	0.621	0.00171487619587738		28D03	9.8	2	0.02	2023-07-07
N24	0	0.00473733422528116	0	0.0571537485299295	0.0927182809105513	0.576964769767397	0.558750000000001	0.00161927063205298		28D03	10.1	2	0.016	2023-07-07
N3	0	0.0107931077753487	0	19.4919737326377	7.11267735995705	2.31256966806589	2.31325	0.000930613151360346		28D03	3.8	2	0.077	2023-07-07
N4	0.198425509534697	0.0168988916928495	0.137951909449949	17.2100137484198	5.02455662501307	6.04196699065546	6.03587541666667	0.00263775237865148		28D03	4.1	2	0.196	2023-07-07
N5	0.181793104212192	0.0147240255259487	0.145950450664352	16.6421330767869	4.7491952056661	5.6450335897066	5.63375055555556	0.00346901932072007		28D03	4.4	2	0.178	2023-07-07
N6	0.182122670158388	0.0219665163545295	0.125252021381734	15.8610613112054	5.53401991371796	5.72871042373616	5.71575027777778	0.00478180862480558		28D03	4.7	2	0.176	2023-07-07
N7	0.193593695640524	0.0141397377039054	0.168506808966075	15.0790913347094	4.11346689675605	6.33009694239466	6.31900069444445	0.0038134221415957		28D03	5	2	0.193	2023-07-07
N8	0.217444431825704	0.0218015123329996	0.149606471524606	14.6672252578113	4.63313634427868	7.14857490597909	7.13225055555556	0.00426272105709791		28D03	5.3	2	0.215	2023-07-07
N9	0.227937241827892	0.0197377710642291	0.16258142327733	14.4909698400595	4.26338487256062	7.56346248256704	7.54475055555556	0.00405080224053075		28D03	5.6	2	0.228	2023-07-07
O1	0	0.025	0	-12.9765462073292	10.9559920686782	0.798510854821171	0.745000138888889	0.0026242994111882	questionable fit (k < n0)	23D06	3.2	1	0.025	2023-07-07
O10	0.307701787243996	0.0285106013543598	0.25536141237057	8.93486915110562	2.71437714150045	11.9662931669156	11.9460009722222	0.00457027587606471		23D06	5.9	1	0.311	2023-07-07
O11	0.312051726271267	0.0285858199814842	0.228317898075923	10.0481875719686	3.03588630764922	11.7757248466164	11.7502516666667	0.00572544996792409		23D06	6.2	1	0.315	2023-07-07
O12	0.236854197360437	0.0163565502511464	0.267057331680809	9.74044997625353	2.59549953636324	9.0469901714851	9.01025083333333	0.00822296305168021		23D06	6.5	1	0.245	2023-07-07
O13	0.305955457491944	0.0111139099594147	0.331093651417691	9.90124877874133	2.0935079171467	11.6849674932163	11.6742516666667	0.00584503935270621		23D06	6.8	1	0.313	2023-07-07
O14	0.320741879663467	0.011212502297539	0.303161124966954	10.9447528091855	2.28639862922893	11.9131985421177	11.9412522222222	0.0127457918615693		23D06	7.1	1	0.33	2023-07-07
O15	0.301251353555774	0.0266115457365988	0.244484214194029	9.54710014806193	2.83514084066731	11.5317991738505	11.5327515277778	0.00930090844484019		23D06	7.4	1	0.313	2023-07-07
O16	0.212293645914002	0.0327264510143542	0.22079207432658	7.71026694447263	3.13936622351168	8.4358646155735	8.41887513888889	0.00719251950351886		23D06	7.7	1	0.229	2023-07-07
O17	0.229431454878512	0.0460144636481733	0.120784365024086	11.4485548423644	5.73871610304632	8.0301149178702	7.99424986111111	0.014641055876378		23D06	8	1	0.239	2023-07-07
O18	0.155216379746336	0.0228169035225334	0.18314028685223	9.60095713435729	3.78478811229135	5.85790319548659	5.84375152777778	0.0077403426063681		23D06	8.3	1	0.165	2023-07-07
O19	0.136139147019816	0.0332322141488605	0.125625963518338	8.99738615000478	5.51754717852386	5.04221944396231	5.03625055555556	0.00920919250563142		23D06	8.6	1	0.137	2023-07-07
O2	0	0.0138999778721935	0	-1.17485584895438	0.863977082241454	0.923192096978666	0.920624861111111	0.00164471021444896	questionable fit	23D06	3.5	1	0.022	2023-07-07
O20	0.164163701872709	0.0445746508956206	0.056799662650122	17.3750320405008	12.203367911349	4.60809146310047	4.59887569444444	0.012092357560958		23D06	8.9	1	0.137	2023-07-07
O21	0.181	0.0379466219035723	0.035954649469062	102.195996394037	19.2783740293833	4.65348278791185	4.65462416666667	0.0108964349332704		23D06	9.2	1	0.181	2023-07-07
O22	0	0.0168562182944132	0	3.32259190024333	2.15488898142742	2.89888645615099	2.89500041666667	0.00842790800102821		23D06	9.5	1	0.086	2023-07-07
O23	0	0.0118457780947681	0	4.49638004924348	2.03569628831637	2.87295103901864	2.87550013888889	0.0107175388696085		23D06	9.8	1	0.097	2023-07-07
O24	0	0.0146067125925497	0	2.76515718867146	2.21527565466296	2.18502413279468	2.18587486111111	0.0147927479244032		23D06	10.1	1	0.079	2023-07-07
O3	0.104459236829606	0.0186884416147887	0.247025758408559	6.16847950983298	2.80597126803894	4.30773190720438	4.30987541666667	0.00474015441897408		23D06	3.8	1	0.111	2023-07-07
O4	0.128160157822384	0.014451949901184	0.240322810448729	8.5834808475599	2.88423383225965	5.01409884269517	5.02087569444444	0.00411399955281763		23D06	4.1	1	0.132	2023-07-07
O5	0.18085768240044	0.0177309754740199	0.265238630879346	8.36685854444994	2.61329648046347	7.13464396532285	7.13687583333333	0.00483751931262337		23D06	4.4	1	0.185	2023-07-07
O6	0.191232360611759	0.0181717128097406	0.270925563308298	8.31880139732397	2.55844141134509	7.55701616848267	7.55912583333333	0.00463304797925482		23D06	4.7	1	0.194	2023-07-07
O7	0.233292676015769	0.0181145914639083	0.302981552575263	8.16798314205961	2.28775374166638	9.27804557773629	9.27675125	0.00408858907376508		23D06	5	1	0.238	2023-07-07
O8	0.255034342671365	0.0169674191269488	0.307011599857549	8.60311741803646	2.25772309867628	10.0425829602363	10.0311258333333	0.00438911499004998		23D06	5.3	1	0.259	2023-07-07
O9	0.299304826870497	0.0259378270071782	0.26240245584697	8.97519347224928	2.64154227643426	11.6382305977977	11.6177504166667	0.00442014948505984		23D06	5.6	1	0.302	2023-07-07
