sample	k	n0	r	t_mid	t_gen	auc_l	auc_e	sigma	note	strain	pH	max.OD	date
A1	0	0.0114715483619261	0	3.49300648967441	3.13678025244338	1.56156112479453	1.55775	0.00141380471464589		25G2A02	3.2	0.04	2023-02-27
A10	0.123	0.00365980092314246	0.0704524460764694	285.323858606835	9.83851121091807	1.50222066117009	1.6215	0.00850188503632425		28D03	3.2	0.123	2023-02-27
A11	0.273344921696108	0.00430180705091429	0.282200577563723	14.6556626536175	2.45622169360524	9.16420980717611	9.21625	0.0174702507885218		28D03	5.6	0.305	2023-02-27
A12	0	0.00053504019620145	0	3.46061437694056	0.475203187314149	3.75317419363735	3.76025	0.0362139822666816		28D03	8	0.156	2023-02-27
A2	0.504230828776007	0.00864347400483665	0.303948850443678	13.3211197957636	2.28047311101243	17.5774123759169	17.685125	0.0244681562993237		25G2A02	5.6	0.554	2023-02-27
A3	0.423867060824327	0.0172945830130422	0.189505267539051	16.6611140653654	3.65766709053145	13.2967586976679	13.338875	0.0239513670999169		25G2A02	8	0.451	2023-02-27
A4	0.027	0.0122826830025883	0.0114346817514211	1229.11517793823	60.6179687050583	0.790581908246651	0.78725	0.00207097837835302		35G2B04	3.2	0.027	2023-02-27
A5	0.104317305519956	0.00287857740055799	0.372711787591312	9.55740831650436	1.85974043117735	4.02720017641486	4.059625	0.011876266949112		35G2B04	5.6	0.12	2023-02-27
A6	0.121669642152222	0.000207052907848645	0.762190582890349	8.3632458546581	0.909414516683505	4.8512481436315	4.93625	0.0463486609410135		35G2B04	8	0.255	2023-02-27
B1	0.183228788664724	0.00553456218497989	0.121726055385135	28.4988433226572	5.69432056569041	3.70094049679159	3.738625	0.00528208090450908		25G2A02	3.5	0.164	2023-02-27
B10	0.27861012098462	0.00128422053063646	0.300785185158186	17.8700337397516	2.30445917805231	8.45658136325961	8.531125	0.0102771075770068		28D03	3.5	0.299	2023-02-27
B11	0.280803391022263	0.00376605710068156	0.249824236312748	17.2045905063768	2.77453937532392	8.69953006889455	8.743	0.00905845781059252		28D03	5.9	0.298	2023-02-27
B12	0	0.00763071295552694	0	17.9592254294187	6.73739430454417	1.64094645971414	1.636375	0.00554182580758288		28D03	8.3	0.061	2023-02-27
B2	0.306756177863649	0.0270928564062924	0.225025474108579	10.3735649204428	3.08030538900449	11.4893016589497	11.463625	0.0239590023799617		25G2A02	5.9	0.372	2023-02-27
B3	0.118153458896137	0.0052096833603571	0.484609574267985	6.3481433674708	1.43032085490049	4.93841071980548	4.935625	0.0116712177994342		25G2A02	8.3	0.148	2023-02-27
B4	0.097322410669118	0.000247381800058965	0.62982687370859	9.48245749567432	1.10053605124613	3.7713679186074	3.86175	0.0500572486460648		35G2B04	3.5	0.235	2023-02-27
B5	0.172556359542493	0.0000996078169872338	1.27380472762337	5.85384946559166	0.544154975663498	7.31353815299727	7.3895	0.068410458134639		35G2B04	5.9	0.384	2023-02-27
B6	0.254	0.0723262878449209	0.0123514204543341	1021.80478611727	56.1188231849659	4.7694144150368	4.761	0.0572230673597137		35G2B04	8.3	0.254	2023-02-27
C1	0.209694156137797	0.016409471394017	0.238005454635422	10.3623904930984	2.91231636527705	7.87056154896556	7.84275	0.00909449999841101		25G2A02	3.8	0.226	2023-02-27
C10	0.27105067760626	0.0075125884397046	0.249318952715721	14.269343736479	2.78016241047782	9.17683731046119	9.1885	0.0166182387163362		28D03	3.8	0.297	2023-02-27
C11	0.277459682950549	0.00781709600104562	0.177948792661966	19.8977702901822	3.89520586338936	7.82868055109133	7.808625	0.0135229594128292		28D03	6.2	0.281	2023-02-27
C12	0	0.00632620031486101	0	16.8531090996299	5.62962967005022	1.73501391323696	1.733875	0.00449552341633632		28D03	8.6	0.06	2023-02-27
C2	0.243783029524896	0.0204105547666458	0.282285683975955	8.47647842851405	2.4554811664448	9.61762979395724	9.6035	0.0258226014029021		25G2A02	6.2	0.306	2023-02-27
C3	0.111000468217841	0.00100537726704058	0.826792400178442	5.67865993313839	0.838356981039433	4.7228604701201	4.749625	0.0142351113201855		25G2A02	8.6	0.181	2023-02-27
C4	0.0907888527565518	0.00799428710431149	0.192016376912854	12.1741451952276	3.60983365952441	3.23105883210098	3.2245	0.00680281731525024		35G2B04	3.8	0.113	2023-02-27
C5	0.193268779928708	0.00000422735261391916	1.54598713732392	6.94070414392947	0.44835248872754	7.98143230140635	8.105125	0.0841430563764679		35G2B04	6.2	0.372	2023-02-27
C6	0.0960011979325145	0.000154693423558052	0.905890870523449	7.09694538593666	0.765155277654389	3.94939829197893	4.00625	0.0486983668062791		35G2B04	8.6	0.252	2023-02-27
D1	0.245391457479899	0.0156698954587601	0.25034796928789	10.7255776764032	2.76873498327783	9.14057495676683	9.121125	0.00919992093514551		25G2A02	4.1	0.275	2023-02-27
D10	0.278314900262948	0.0045737971092894	0.269785054997881	15.167033783671	2.56925714645457	9.18712411072468	9.20925	0.0152658862706761		28D03	4.1	0.306	2023-02-27
D11	0.240010228191773	0.022208934547957	0.0778690981970405	29.3195701235672	8.90144096450175	4.87735285168235	4.847875	0.0135205579126301		28D03	6.5	0.197	2023-02-27
D12	0	0.00615585444158473	0	14.4958048474347	4.78309937196739	1.86299488577211	1.867375	0.0037281207631843		28D03	8.9	0.058	2023-02-27
D2	0.311166599559341	0.0286609326696326	0.199166139628301	11.4887181627182	3.48024609932968	11.2851456187092	11.27925	0.0307980022699666		25G2A02	6.5	0.41	2023-02-27
D3	0	0.00163252860400678	0	4.72109890139264	0.833724570089952	3.66777144355261	3.68575	0.02054752458374		25G2A02	8.9	0.199	2023-02-27
D4	0.720183499863339	0.00492708532979828	0.127376801416525	39.080063579441	5.44170659689701	8.0894467733057	8.356625	0.0275353482912625		35G2B04	4.1	0.504	2023-02-27
D5	0.213581050155856	0.00000128334715320364	1.53665996034736	7.82365281768767	0.451073886511145	8.63169041494981	8.7935	0.118879889195051		35G2B04	6.5	0.416	2023-02-27
D6	0	0.000393791744161247	0	6.33986589432207	0.84089860797776	3.08534392991373	3.131125	0.0463016245452972		35G2B04	8.9	0.241	2023-02-27
E1	0.252569287686421	0.0198148223672329	0.236970926082077	10.3960172655233	2.92503047534138	9.47072294802164	9.450375	0.020951568455894		25G2A02	4.4	0.33	2023-02-27
E10	0.28046631801049	0.00415811461257315	0.270883165580926	15.4917532777129	2.55884185004058	9.16883723447743	9.194375	0.015133622563044		28D03	4.4	0.31	2023-02-27
E11	0	0.00242878182325899	0	8.0977254157127	1.91875348757827	1.90780012033409	1.919	0.0115508679951392		28D03	6.8	0.094	2023-02-27
E12	0.108434627500015	0.00900744975444177	0.0446351803110468	53.8000181042531	15.5291672561788	1.19032131016164	1.187	0.00173149721909443		28D03	9.2	0.051	2023-02-27
E2	0.289980818693688	0.0232760042390603	0.221487732599798	11.0106301844895	3.12950596596869	10.6859551351839	10.676875	0.0327243654527137		25G2A02	6.8	0.385	2023-02-27
E3	0.110362638506016	0.00140483355294026	0.622555486092266	6.98900253206627	1.11339020544302	4.55005262645875	4.591875	0.0419345396330211		25G2A02	9.2	0.29	2023-02-27
E4	0.189810538001933	0.000020715862982265	1.06538504323524	8.56288800286053	0.650607200618356	7.53069272779876	7.68625	0.109275817895725		35G2B04	4.4	0.449	2023-02-27
E5	0.226771568770058	0.00000011828447650544	1.7621983450259	8.20926925852908	0.39334231729162	9.07732760530207	9.252625	0.120645257083648		35G2B04	6.8	0.448	2023-02-27
E6	0	0.000483874845500086	0	7.24774495401994	0.97977441526111	3.36293680867108	3.419625	0.0460210220982918		35G2B04	9.2	0.227	2023-02-27
F1	0.289094758418332	0.0302560462733305	0.202792679730794	10.5847464328147	3.4180088821751	10.7283865355745	10.700875	0.0188786844386905		25G2A02	4.7	0.332	2023-02-27
F10	0.271740459683173	0.00502269130160876	0.258977002493727	15.3381385525333	2.67648159444866	8.92079645274464	8.932375	0.0143583635150357		28D03	4.7	0.297	2023-02-27
F11	0.0918621165534384	0.0048465607190221	0.144893678118254	19.930597522065	4.78383314967157	2.57639880982707	2.608625	0.0101952492769299		28D03	7.1	0.103	2023-02-27
F12	0	0.00773739949446782	0	24.9262557657477	12.8255269506409	0.887071697253158	0.88325	0.00219463739276386		28D03	9.5	0.036	2023-02-27
F2	0.168338954044601	0.018195123843296	0.251627567249067	8.38715760864214	2.75465517605172	6.63191709534296	6.634875	0.0230590896937139		25G2A02	7.1	0.236	2023-02-27
F3	0.121693925965216	0.00424877243826315	0.414698139732119	8.00423494810113	1.67144993948537	4.88574921295979	4.913625	0.0265470396403419		25G2A02	9.5	0.209	2023-02-27
F4	0.195868712527838	0.0000896621449751604	0.945318227438227	8.13344450929932	0.733242161677497	7.85508925365971	7.998375	0.130189430276479		35G2B04	4.7	0.498	2023-02-27
F5	0.226778018671953	0.000000479983450926452	1.47615475581236	8.85119152421599	0.469562678188501	8.93201163524185	9.125875	0.0911369761198946		35G2B04	7.1	0.417	2023-02-27
F6	0	0.00209411445217451	0	7.99049511099876	1.54591187981146	3.1113302029078	3.15075	0.0591855149348555		35G2B04	9.5	0.288	2023-02-27
G1	0.251524912204148	0.017590386013262	0.254858029968584	10.15345198412	2.71973843886884	9.50766423770459	9.529375	0.0157669324304431		25G2A02	5	0.296	2023-02-27
G10	0.279659253782592	0.00415226255985218	0.254044356718262	16.5127054114786	2.72844943109149	8.85609074821859	8.870875	0.0123389467305621		28D03	5	0.303	2023-02-27
G11	0	0.00892719700275103	0	8.54292048356658	5.362890897561	1.34557918006506	1.340625	0.00418542644750546		28D03	7.4	0.054	2023-02-27
G12	0	0.00523511181047112	0	14.3545329208899	8.34426523685146	0.705873369029069	0.70425	0.00107730228742137		28D03	9.8	0.023	2023-02-27
G2	0.151259978079326	0.0183353212936346	0.263976542542897	7.50427721117066	2.62579081414897	6.08731828561337	6.08325	0.018058806588751		25G2A02	7.4	0.195	2023-02-27
G3	0	0.0103735961108012	0	4.99016017284944	2.15771526654994	2.64216255510248	2.643	0.0172950555760643		25G2A02	9.8	0.104	2023-02-27
G4	0	0.00898831312734662	0	4.8863257522132	1.67203485378168	3.32057769834117	3.3355	0.0296829686600428		35G2B04	5	0.126	2023-02-27
G5	0	0.00895732431724439	0	4.77137938945799	1.66237973601434	3.2132170924766	3.219	0.0148376959630104		35G2B04	7.4	0.145	2023-02-27
G6	0.10394762241585	0.0000505093746855819	0.574011377621984	13.2906728538706	1.2075495496823	3.6325804524413	3.790625	0.0444767604120704		35G2B04	9.8	0.245	2023-02-27
H1	0.435195704374502	0.0155487655874981	0.264571574548941	12.4557314571894	2.6198853060525	15.5124749501789	15.562875	0.044628552199905		25G2A02	5.3	0.539	2023-02-27
H10	0.270843477049496	0.00464529452810808	0.233165231010078	17.3627357865202	2.97277247365405	8.34307592535829	8.333875	0.0121540448942876		28D03	5.3	0.291	2023-02-27
H11	0	0.00486899566060177	0	8.36361609198574	3.36298867651658	1.25695355383354	1.25725	0.00569682342133954		28D03	7.7	0.059	2023-02-27
H12	0	0.00682628462802761	0	8.03384519164937	10.2758782292989	0.637822963307743	0.63625	0.000974044479928775		28D03	10.1	0.022	2023-02-27
H2	0.155982112837918	0.016773742060345	0.236080882061422	8.96369571062204	2.93605807682304	6.05094727152252	6.032375	0.020263904408407		25G2A02	7.7	0.21	2023-02-27
H3	0	0.00806405229271485	0	8.7987261292711	3.27938195055171	2.31960098258635	2.33025	0.0144314908779357		25G2A02	10.1	0.094	2023-02-27
H4	0.210035254603912	0.00208983067706445	0.839269825659491	5.48118432561823	0.825893126820419	8.9778894628608	9.048875	0.0702981850158878		35G2B04	5.3	0.408	2023-02-27
H5	0	0.0229322826999181	0	6.00858869365476	5.57754311467926	2.79219653545296	2.784875	0.00735604367750511		35G2B04	7.7	0.086	2023-02-27
H6	0.133241892106815	0.00000010628376845805	0.667273233235172	21.0431989427849	1.03877564097593	3.6234569823691	4.155125	0.0595701405381913		35G2B04	10.1	0.268	2023-02-27
