sample	k	n0	r	t_mid	t_gen	auc_l	auc_e	sigma	note	strain	pH	replicate	max.OD	date
A1	0	0.00148681246318959	0	283.029018159723	9.7927687754499	0.615998459332896	0.663125	0.00396105309645689		23G1A07	3.2	1	0.053	2025-10-24
A10	0.0987780002587832	0.0031600346564268	0.282839852872969	12.0555066682262	2.45067013548213	3.55937731400166	3.59187583333333	0.0066781089235762		23G1A07	5.9	1	0.11	2025-10-24
A11	0.105018389543854	0.00536953222524119	0.273092376388694	10.6956914082968	2.53814181752692	3.91894009048028	3.94950083333334	0.00748691408381304		23G1A07	6.2	1	0.116	2025-10-24
A12	0.120197932616618	0.0144573494345185	0.155519499484849	12.7944462011785	4.45697923961922	4.16029355179905	4.16637541666667	0.00457064090572856		23G1A07	6.5	1	0.132	2025-10-24
A13	0	0.00545019731404173	0	16.9949404210218	4.61623151969578	2.31955631995293	2.32962611111111	0.00347901347507771		23G1A07	6.8	1	0.076	2025-10-24
A14	0	0.00839854666008748	0	374.708404980314	13.8833588524073	1.69850609347784	1.70400069444444	0.00402916122266216		23G1A07	7.1	1	0.106	2025-10-24
A15	0.114687754821384	0.0104301803728723	0.0359717477336832	63.9991409130587	19.2692105396618	1.12717188067689	1.12387513888889	0.00266567853038694		23G1A07	7.4	1	0.047	2025-10-24
A16	0	0.00835992321546113	0	465.491464378855	17.1336313230014	1.24598794811322	1.25787513888889	0.00522921181552049		23G1A07	7.7	1	0.075	2025-10-24
A17	0	0.0147286890673033	0	2.41577568351699	9.75067898566586	1.21543489139284	1.21275	0.0025056093692987		23G1A07	8	1	0.033	2025-10-24
A18	0	0.00578658477854988	0	20.950887116364	4.92798917284023	3.13678725075972	3.11500041666667	0.00417186236398413		23G1A07	8.3	1	0.119	2025-10-24
A19	0	0.00272295390835992	0	23.3821262678506	4.61770779953249	2.32438242045378	2.31237541666667	0.00507745363391663		23G1A07	8.6	1	0.099	2025-10-24
A2	0	0.000976246114781701	0	250.754452771913	8.77212098710581	0.54490084764279	0.597500416666667	0.00392942894660942		23G1A07	3.5	1	0.049	2025-10-24
A20	0	0.00353347790064721	0	15.8841292165472	3.03204006234757	4.4111425022827	4.40875027777778	0.00274613658258513		23G1A07	8.9	1	0.143	2025-10-24
A21	0	0.00420210586593607	0	10.5144736880273	2.09997932832724	5.23796781624729	5.24850027777778	0.00524978048154767		23G1A07	9.2	1	0.154	2025-10-24
A22	0	0.000366949108538304	0	26.0280317390288	3.20033804647672	2.29459314831304	2.386375	0.00713067459962884		23G1A07	9.5	1	0.111	2025-10-24
A23	0	0.00000795320788887695	0	18.81590893511	1.31793544004025	4.63967621197775	4.83949777777778	0.0100788554323615		23G1A07	9.8	1	0.169	2025-10-24
A24	0	0.000000599548336926782	0	22.170439365201	1.25334091896554	3.29844138662702	3.41450097222222	0.00884223916036542		23G1A07	10.1	1	0.151	2025-10-24
A3	0.0866203260645949	0.0107369653735633	0.151713312393891	12.8894749399166	4.56879603788716	2.98612036139134	2.98850027777778	0.00283140727681642		23G1A07	3.8	1	0.088	2025-10-24
A4	0.096889633753895	0.00880350004730712	0.148476294256845	15.5120099431606	4.66840302035615	3.11046496472069	3.10737513888889	0.00193972446601207		23G1A07	4.1	1	0.099	2025-10-24
A5	0.104777985876967	0.0121896871131386	0.141918188298764	14.2869107833933	4.88413211068296	3.46846766535126	3.46062541666667	0.00349256928294327		23G1A07	4.4	1	0.111	2025-10-24
A6	0.0962598432507276	0.00822297229655398	0.165657695049158	14.3115837581559	4.1842135999433	3.21274762370342	3.20775069444445	0.00381342273427068		23G1A07	4.7	1	0.104	2025-10-24
A7	0.11364761960825	0.0163591482286926	0.120443805187334	14.8026976442073	5.75494255999175	3.66611606090415	3.65500055555555	0.00381959881316167		23G1A07	5	1	0.116	2025-10-24
A8	0.121571901625444	0.0100322707405994	0.172661805611498	13.9496571458719	4.01447892951831	4.1056765564516	4.10212569444444	0.00408737643000569		23G1A07	5.3	1	0.127	2025-10-24
A9	0.131198752638234	0.0138691708884189	0.158859813236925	13.4415269285381	4.3632632220597	4.47187277626686	4.46237458333334	0.00425232696900567		23G1A07	5.6	1	0.134	2025-10-24
B1	0	0	0	0	0	0	0	0	cannot fit data	23G1A07	3.2	2	0.021	2025-10-24
B10	0.099133924722133	0.00433288583761552	0.251060933849576	12.2900306525936	2.76087231068473	3.54273788813069	3.55937527777778	0.00466564101210612		23G1A07	5.9	2	0.106	2025-10-24
B11	0.0963390319508375	0.0067369383226117	0.264025596782182	9.80122060405896	2.62530295928763	3.67329151425477	3.69212458333333	0.00687336955713955		23G1A07	6.2	2	0.106	2025-10-24
B12	0.111935610331042	0.0112107920194647	0.170621309658367	12.8677674795504	4.0624889232642	3.88777632299512	3.894375	0.00329205097398031		23G1A07	6.5	2	0.113	2025-10-24
B13	0.0921955367531925	0.00947875800044827	0.170427624281973	12.7113734201179	4.06710580799467	3.21488904066087	3.21700013888889	0.00294325453498816		23G1A07	6.8	2	0.097	2025-10-24
B14	0.0864082250614783	0.00964119041385039	0.0592632682880927	35.0087125409293	11.6960674053681	1.51697929110032	1.51362513888889	0.00176411268762883		23G1A07	7.1	2	0.066	2025-10-24
B15	0	0.0114179540552225	0	7.57442238082814	7.34495081790107	1.27324156081029	1.27050013888889	0.00209905208452537		23G1A07	7.4	2	0.04	2025-10-24
B16	0	0.0154827088363457	0	1037.99364962106	54.3574862817805	1.03092445648813	1.02637513888889	0.0039470018481194		23G1A07	7.7	2	0.044	2025-10-24
B17	0	0.000000317847732149348	0	104.241406859951	2.83517601437302	0.170673121142126	0.211500277777778	0.00258372117978715		23G1A07	8	2	0.04	2025-10-24
B18	0	0.00719353884677738	0	560.435708831519	23.8367799257083	0.757534406627451	0.760000138888889	0.00422693789049132		23G1A07	8.3	2	0.04	2025-10-24
B19	0	0.0110389867090403	0	498.082297529261	20.8789554911362	1.31495481477279	1.31137541666667	0.00395495127791288		23G1A07	8.6	2	0.061	2025-10-24
B2	0	0	0	0	0	0	0	0	cannot fit data	23G1A07	3.5	2	0.014	2025-10-24
B20	0	0.00962949503365346	0	22.987862090976	6.49586441304193	3.04576503218541	3.03100027777778	0.00326325194772223		23G1A07	8.9	2	0.116	2025-10-24
B21	0	0.0092524113065086	0	13.9910844470779	3.75234451025646	4.46232499838624	4.44900041666667	0.0037724520769558		23G1A07	9.2	2	0.139	2025-10-24
B22	0	0.00568621280752597	0	7.05250698623638	1.54513705292924	5.75726187770814	5.74775041666667	0.00717744523116595		23G1A07	9.5	2	0.159	2025-10-24
B23	0	0.00284798783583098	0	23.3422955650497	4.17589320050357	3.47706529640478	3.50887555555556	0.00652253361067472		23G1A07	9.8	2	0.148	2025-10-24
B24	0	0.00612740513505028	0	13.2756112756425	2.87721016522116	5.42941333215704	5.40612513888889	0.00625209476223592		23G1A07	10.1	2	0.168	2025-10-24
B3	0.109270614508102	0.0100169187589464	0.165863480437845	13.8270559034956	4.17902228224189	3.69529233010873	3.69525013888889	0.0032284446822303		23G1A07	3.8	2	0.12	2025-10-24
B4	0.0898466841362545	0.00876953262829527	0.18146614435412	12.2563780927133	3.81970522946313	3.17969112556944	3.17650027777778	0.00281770017274838		23G1A07	4.1	2	0.093	2025-10-24
B5	0.0995991498494886	0.0119575622126284	0.172020927863888	11.5793569733836	4.02943519237612	3.57483728957503	3.56887416666667	0.00245901000030373		23G1A07	4.4	2	0.104	2025-10-24
B6	0.091495257935548	0.00639048118775521	0.192079036323352	13.4792096303499	3.60865607110335	3.14330909463528	3.142375	0.00239887606788697		23G1A07	4.7	2	0.095	2025-10-24
B7	0.11604341947232	0.0182913937683402	0.118631419992091	14.1278192466349	5.84286338818299	3.80360027356858	3.78762513888889	0.00457193769525096		23G1A07	5	2	0.12	2025-10-24
B8	0.120975489935469	0.0137535893184589	0.146136533194066	14.0526167433752	4.74314783175719	4.03723617237848	4.02250013888889	0.00382070887727986		23G1A07	5.3	2	0.126	2025-10-24
B9	0.136544464765521	0.0238860922892935	0.104396302941678	14.8574572695155	6.6395759335192	4.34147689890968	4.31950013888889	0.00715573234709531		23G1A07	5.6	2	0.14	2025-10-24
C1	0	0.0144027414406442	0	-8.16365400927961	13.2701324877077	0.337119918349045	0.282124722222222	0.00386291046119274	questionable fit (k < n0)	23G1A04	3.2	1	0.018	2025-10-24
C10	0.10100588851411	0.0133972418232668	0.0994444109188748	18.8832215963751	6.97019746162913	2.87065410186096	2.86612513888889	0.00164136851117971		23G1A04	5.9	1	0.097	2025-10-24
C11	0	0.0145865403289301	0	3.65702788733591	4.08076460369668	1.75359523177777	1.75125013888889	0.00214069198761422		23G1A04	6.2	1	0.044	2025-10-24
C12	0	0.0159956872198476	0	1.41886248256198	2.96061500117086	1.70315334119261	1.70137486111111	0.00448382595083317		23G1A04	6.5	1	0.046	2025-10-24
C13	0	0.00588148797256564	0	6.35965358516897	2.22382553441312	2.01251874483433	2.01425	0.00347722048240242		23G1A04	6.8	1	0.062	2025-10-24
C14	0	0.00572285884214912	0	2.08938776685755	1.42450900786424	0.979678881384005	0.98025	0.00366105377351873		23G1A04	7.1	1	0.028	2025-10-24
C15	0	0.00901461563393193	0	1.0479650962769	1.3087669036791	1.14443570672403	1.14425	0.0055054407966574		23G1A04	7.4	1	0.037	2025-10-24
C16	0	0.00723545118276819	0	1.37397202805335	1.00751658928517	1.19849952278025	1.198625	0.0054575973003559		23G1A04	7.7	1	0.04	2025-10-24
C17	0	0.00397449772196165	0	1.60959420521621	0.854684314109246	0.862864317163868	0.862624861111112	0.00434451780403688		23G1A04	8	1	0.028	2025-10-24
C18	0	0.00356322526808823	0	1.36497009663027	0.663440271361122	0.857809998898634	0.857375138888889	0.00549237226759216		23G1A04	8.3	1	0.036	2025-10-24
C19	0	0.0200731049027253	0	1649.34580916049	102.825311280699	1.14332785967745	1.13875069444444	0.00801673920224797		23G1A04	8.6	1	0.047	2025-10-24
C2	0	0.0127993528493964	0	-7.97015444693676	8.7334441671483	0.345621909728446	0.299499722222223	0.00320724032880034	questionable fit (k < n0)	23G1A04	3.5	1	0.016	2025-10-24
C20	0	0.0148823636383229	0	931.704445139527	40.9474467615176	1.10900104044165	1.106	0.00246747073502459		23G1A04	8.9	1	0.04	2025-10-24
C21	0	0.0196263468960696	0	11.6325155737583	4.5682280693502	4.77441063604697	4.75412555555556	0.00594985497827704		23G1A04	9.2	1	0.143	2025-10-24
C22	0	0.00515155247309448	0	17.4430514787229	3.72642134912482	4.19745247351084	4.20137555555556	0.0046579088210044		23G1A04	9.5	1	0.149	2025-10-24
C23	0	0.0134829779327322	0	10.3445268607682	3.47891778264973	4.44833529415228	4.42837569444445	0.0073553567504128		23G1A04	9.8	1	0.135	2025-10-24
C24	0	0.0052413225783267	0	8.28388605110424	1.73642017439317	5.90739259226379	5.89974986111111	0.00666806797014944		23G1A04	10.1	1	0.165	2025-10-24
C3	0	0.0121859141369748	0	5.71069841426748	4.43632610078001	1.68985039822459	1.688875	0.00246891727315657		23G1A04	3.8	1	0.045	2025-10-24
C4	0	0.0110449752761098	0	7.31130558742112	4.12425724730984	1.92081432852784	1.919375	0.00176805461892544		23G1A04	4.1	1	0.051	2025-10-24
C5	0	0.0131507691244865	0	11.1016426794291	5.84817819189182	2.18857254417356	2.18775027777778	0.00241577602670204		23G1A04	4.4	1	0.063	2025-10-24
C6	0	0.0094781265444184	0	16.267567064284	5.50230004942285	2.58419857587233	2.58975	0.0026763217959919		23G1A04	4.7	1	0.082	2025-10-24
C7	0.0892120682919625	0.0127791081225619	0.107822544777316	16.5883894051663	6.42859229478855	2.71954091429247	2.72125013888889	0.00385056582300962		23G1A04	5	1	0.09	2025-10-24
C8	0.0921530452530184	0.012628668590601	0.111079458074168	16.5655659188744	6.24010228873395	2.81767752339811	2.81900027777778	0.00433180516606722		23G1A04	5.3	1	0.095	2025-10-24
C9	0.127202678725837	0.0202366703181981	0.0519817458586233	32.0307592047983	13.3344344079001	2.51096628380005	2.50387513888889	0.0037262916880641		23G1A04	5.6	1	0.089	2025-10-24
D1	0	0.016	0	-8.79756434834622	12.9743826311235	0.393906864774533	0.329749722222222	0.00355352208934756	questionable fit (k < n0)	23G1A04	3.2	2	0.016	2025-10-24
D10	0.0878447937858119	0.0137871441907108	0.0933600168736841	18.0067154783307	7.42445431964491	2.54658724993627	2.53900013888889	0.00251266570706807		23G1A04	5.9	2	0.086	2025-10-24
D11	0	0.0112414414806179	0	4.70192430563194	3.42727482404311	1.6895836115059	1.68887513888889	0.00265826579921949		23G1A04	6.2	2	0.044	2025-10-24
D12	0	0.0118298355282581	0	3.10778638123186	2.59583356930957	1.70395460421486	1.70449986111111	0.0049044287687464		23G1A04	6.5	2	0.047	2025-10-24
D13	0	0.0048278402068626	0	6.99279169286534	2.24188197352274	1.91124026027629	1.91450013888889	0.00284541643877577		23G1A04	6.8	2	0.056	2025-10-24
D14	0	0.00746317810554517	0	1.51867831029011	1.42538162924683	1.05907723287527	1.05887486111111	0.00410329689926733		23G1A04	7.1	2	0.031	2025-10-24
D15	0	0.0104056186599834	0	0.345840238698129	0.87828577618337	1.13501237972504	1.13437513888889	0.00570434344161612		23G1A04	7.4	2	0.038	2025-10-24
D16	0	0.00609471961172009	0	1.55770058559371	1.02204189533994	1.09157245382611	1.09175	0.00508737263166351		23G1A04	7.7	2	0.036	2025-10-24
D17	0	0.00393583577400477	0	1.61867382550212	0.830442553884396	0.886100285706865	0.887	0.00656201240634542		23G1A04	8	2	0.036	2025-10-24
D18	0	0.00276470479066726	0	2.1118521056238	0.791040321923298	0.934898154257631	0.935375277777777	0.00480326166557881		23G1A04	8.3	2	0.036	2025-10-24
D19	0	0.00315269483799074	0	1.31846181398645	0.551832744342085	0.919469220204253	0.919125694444444	0.00579099526327563		23G1A04	8.6	2	0.031	2025-10-24
D2	0	0.015	0	-5.7566981216462	6.34773163325559	0.386110806478308	0.331	0.00303437446161194	questionable fit (k < n0)	23G1A04	3.5	2	0.015	2025-10-24
D20	0	0.0116771663706212	0	-1.1808949138414	0.488810341183559	0.666694184209422	0.664625277777778	0.00251629759807266	questionable fit	23G1A04	8.9	2	0.023	2025-10-24
D21	0	0.00000178830516450319	0	0.192315816102251	0.0152738724213423	0.529883816559741	0.530250138888889	0.00546315179798		23G1A04	9.2	2	0.024	2025-10-24
D22	0	0.0143248538813512	0	18.7155490742982	6.5494660506291	3.38803192967653	3.374	0.00415616983428519		23G1A04	9.5	2	0.119	2025-10-24
D23	0	0.015618432186541	0	15.1105346181335	4.82686482988631	4.93774276874883	4.90950041666667	0.00689110815376642		23G1A04	9.8	2	0.168	2025-10-24
D24	0	0.013208218162639	0	12.755043915071	3.72181356761052	5.43156696467973	5.400875	0.00675364021161383		23G1A04	10.1	2	0.166	2025-10-24
D3	0	0.0105321068296471	0	6.14513940593414	3.70726645890853	1.77615705126793	1.7775	0.00379820978646905		23G1A04	3.8	2	0.049	2025-10-24
D4	0	0.00947848599389626	0	8.92920960687306	4.15125196264689	1.96332781240595	1.96350013888889	0.00306570701703645		23G1A04	4.1	2	0.054	2025-10-24
D5	0	0.0121014992740421	0	15.2272429626754	6.0114129653097	2.61108286193216	2.61125027777778	0.00177361447991645		23G1A04	4.4	2	0.079	2025-10-24
D6	0	0.00749154000628085	0	15.7462750030208	4.96184458335598	2.38624723478599	2.3915	0.00271534597909156		23G1A04	4.7	2	0.075	2025-10-24
D7	0	0.014422851846499	0	15.5042453048044	6.86949076607572	2.59895296174725	2.59525013888889	0.00345634240658993		23G1A04	5	2	0.088	2025-10-24
D8	0.0861443104894517	0.0133530559750898	0.111391726261787	15.2242056385951	6.22260919927702	2.7301906661904	2.72775027777778	0.00431729181981163		23G1A04	5.3	2	0.089	2025-10-24
D9	0.116869455844523	0.0189689768611358	0.0687124522520195	23.8842675584414	10.0876501688174	2.83412012175388	2.82912513888889	0.0021701659727449		23G1A04	5.6	2	0.099	2025-10-24
E1	0	0.00525177566913853	0	0.743976055248824	5.28204543481284	0.469913450379182	0.468624861111112	0.00220436098032567		28G4B06	3.2	1	0.015	2025-10-24
E10	0.112336332956021	0.00312484473823448	0.264474582859885	13.4375924696347	2.62084610575666	3.89364105328939	3.90862527777778	0.00400885857759826		28G4B06	5.9	1	0.119	2025-10-24
E11	0.120799534952493	0.00537944465346826	0.221737650506172	13.8271208342469	3.12597873648278	4.12821397001236	4.132	0.00225370808060462		28G4B06	6.2	1	0.122	2025-10-24
E12	0.129532544989771	0.0101095920932424	0.111976415540147	22.0509535023879	6.19011759946388	3.35398692618857	3.34987541666667	0.00245830781977512		28G4B06	6.5	1	0.125	2025-10-24
E13	0	0.00716201559185987	0	17.6785131223246	5.4970320597245	2.20270980780271	2.19137527777778	0.00406549766312221		28G4B06	6.8	1	0.081	2025-10-24
E14	0	0.00414986006112241	0	45.8553656630212	11.2640456134613	0.852872837308924	0.850625138888889	0.00236258757378405		28G4B06	7.1	1	0.04	2025-10-24
E15	0	0.00729248069492108	0	27.3429531933054	11.0925293687443	1.04823578315768	1.04399902777778	0.00490136881213403		28G4B06	7.4	1	0.042	2025-10-24
E16	0	0.00587066691315825	0	37.9021580232731	12.7827964915309	0.849232059052967	0.850875	0.0036206130090634		28G4B06	7.7	1	0.036	2025-10-24
E17	0	0.00412075915717979	0	10.4472495125746	5.11163882878727	0.764253329002083	0.763249444444444	0.00286887816778374		28G4B06	8	1	0.028	2025-10-24
E18	0	0.00554712292815322	0	-18.2074202519008	63.4878966350687	0.144475608088614	0.128	0.00312065506077342	questionable fit (k < n0)	28G4B06	8.3	1	0.016	2025-10-24
E19	0	0.000119390502223729	0	2.83043746227944	0.505839709179067	0.267266305499816	0.268749722222222	0.00470204546734693		28G4B06	8.6	1	0.016	2025-10-24
E2	0	0.00586006530608559	0	1.38019995019799	2.91119713223769	0.623654719415877	0.603000000000001	0.00301197543745471		28G4B06	3.5	1	0.017	2025-10-24
E20	0	0	0	0	0	0	0	0	cannot fit data	28G4B06	8.9	1	0.019	2025-10-24
E21	0	0.00959968273928665	0	702.490338088236	31.1924353174973	0.828927524032985	0.829124861111111	0.00464381526205839		28G4B06	9.2	1	0.036	2025-10-24
E22	0	0.00777920565332621	0	553.287707693928	23.0472082325274	0.843763281215404	0.847250416666666	0.00391681940820592		28G4B06	9.5	1	0.039	2025-10-24
E23	0	0.00725239690812897	0	14.4152545334212	5.36646766670609	1.76719685029234	1.76200041666667	0.00383978781148813		28G4B06	9.8	1	0.056	2025-10-24
E24	0	0.00656558235088464	0	17.3103506910907	4.0666034953	4.04476811574757	4.02975027777778	0.00434785915458625		28G4B06	10.1	1	0.134	2025-10-24
E3	0	0.00461676418083085	0	12.6726676381898	3.11528561848599	2.89397145806004	2.90350013888889	0.00491576098414196		28G4B06	3.8	1	0.088	2025-10-24
E4	0	0.00307643234954899	0	12.8049936572771	2.73017697954087	2.90801516962022	2.91525013888889	0.00434720721044354		28G4B06	4.1	1	0.088	2025-10-24
E5	0.101189889850241	0.00427350011879266	0.242212021146741	12.8871202967955	2.86173732120426	3.55580961081802	3.56312541666667	0.00280996672195885		28G4B06	4.4	1	0.104	2025-10-24
E6	0.110107202198028	0.00399346317047239	0.211713894514844	15.4919105290374	3.27398058662298	3.58318305215104	3.58650027777778	0.00305821180645471		28G4B06	4.7	1	0.112	2025-10-24
E7	0.113588597234512	0.00660544421437268	0.209067467981305	13.3199928739468	3.31542342408781	3.93029462700775	3.932125	0.00186588191746885		28G4B06	5	1	0.116	2025-10-24
E8	0.116176983341532	0.00504069065299409	0.224501458153917	13.7781474943707	3.08749522724582	3.97681649278445	3.98675013888889	0.00239377843129012		28G4B06	5.3	1	0.118	2025-10-24
E9	0.118164090908297	0.00809758170432314	0.21907032945138	11.9117881305963	3.16403952235705	4.25038789044966	4.25312513888889	0.00192265194128476		28G4B06	5.6	1	0.12	2025-10-24
F1	0	0.00401201637291289	0	4.4057716415663	6.29934780532735	0.415925012930625	0.415	0.0020155572027101		28G4B06	3.2	2	0.013	2025-10-24
F10	0.110825322625091	0.00241895498791881	0.280855023632769	13.539195975218	2.46798925507655	3.83310246448022	3.85487486111111	0.00377694868802319		28G4B06	5.9	2	0.116	2025-10-24
F11	0.120742057152036	0.00472272078818749	0.219925871154503	14.5565948267237	3.15173097608418	4.04114065100879	4.05237513888889	0.00238029141053341		28G4B06	6.2	2	0.121	2025-10-24
F12	0.117689875824686	0.00716058092510756	0.125580634734201	21.7922890050258	5.5195387571263	3.0830012572339	3.08037513888889	0.00247913696989012		28G4B06	6.5	2	0.116	2025-10-24
F13	0	0.0075756581766364	0	23.2208539373861	6.92765484933642	2.10934748138318	2.101375	0.00322988677536041		28G4B06	6.8	2	0.087	2025-10-24
F14	0	0.00346234776856329	0	32.8622999910084	7.99812697130662	1.09967097000594	1.09962513888889	0.00339785576276352		28G4B06	7.1	2	0.052	2025-10-24
F15	0	0.00885628478593077	0	9.30083219246023	5.98134573772343	1.27203759522894	1.27050138888889	0.00357422362089817		28G4B06	7.4	2	0.04	2025-10-24
F16	0	0.00427794806014773	0	10.7504352624904	5.22089025934273	0.793277930777849	0.793750555555556	0.0033376709112404		28G4B06	7.7	2	0.03	2025-10-24
F17	0	0.00132536501548411	0	9.59089177087356	3.45863644283513	0.393940513343074	0.393625833333333	0.00356928481134211		28G4B06	8	2	0.02	2025-10-24
F18	0	0.00270347138605375	0	563.808466075227	26.477309208771	0.261504702049654	0.264500833333333	0.00436449504770681		28G4B06	8.3	2	0.016	2025-10-24
F19	0	0.000750139390267149	0	1.94827240318019	0.738022915148765	0.250104232624573	0.251001388888889	0.00473270423788638		28G4B06	8.6	2	0.017	2025-10-24
F2	0	0.00508875689157677	0	2.21739322035483	3.48322980949344	0.565392453167546	0.557500138888888	0.00284352213400991		28G4B06	3.5	2	0.015	2025-10-24
F20	0	0.00365418680204276	0	733.005203660108	40.0757242153431	0.275060433659144	0.275375833333333	0.00332627204489747		28G4B06	8.9	2	0.016	2025-10-24
F21	0	0.00768589746090949	0	-0.935309439806991	0.616629470744902	0.242934654244285	0.227625833333333	0.00329104792833019	questionable fit (k < n0)	28G4B06	9.2	2	0.014	2025-10-24
F22	0	0.0139747878548894	0	1475.50947963576	84.7879783602828	0.825677404197106	0.822249305555555	0.00612113284534089		28G4B06	9.5	2	0.032	2025-10-24
F23	0	0.00732743800489061	0	17.0828475285751	8.61471891557598	1.06323553572432	1.06112513888889	0.00384360334892504		28G4B06	9.8	2	0.036	2025-10-24
F24	0	0.00969759686188584	0	19.9392439583082	5.3367668006812	3.87638139429976	3.8575	0.00486678345386119		28G4B06	10.1	2	0.139	2025-10-24
F3	0	0.00461504732436481	0	12.8680871228729	3.15337461182599	2.9010787189488	2.91275013888889	0.00477354736528149		28G4B06	3.8	2	0.089	2025-10-24
F4	0.0911069937806558	0.00316142199386309	0.234691134095972	14.1705233522196	2.95344425016285	3.08715025416244	3.09887513888889	0.00373431536841231		28G4B06	4.1	2	0.096	2025-10-24
F5	0.101238408539967	0.00299700941478975	0.275267419518071	12.6778998494715	2.51808652754287	3.58561961853137	3.604375	0.00339305120939246		28G4B06	4.4	2	0.103	2025-10-24
F6	0.108799180586443	0.00271181450054021	0.238930712888103	15.3460597444442	2.90103843152455	3.56364898164491	3.57862513888889	0.00300010384267567		28G4B06	4.7	2	0.112	2025-10-24
F7	0.115902001155362	0.00470371479960179	0.233635488751406	13.5380220218662	2.96678892519394	3.99750575713355	4.01312472222223	0.00304892883071773		28G4B06	5	2	0.117	2025-10-24
F8	0.114758951518016	0.00361115314603254	0.254054541449517	13.4885747783573	2.72834005094012	3.96958102608477	3.992125	0.00392101926403639		28G4B06	5.3	2	0.118	2025-10-24
F9	0.115816636960042	0.00542231926524166	0.243719644991762	12.3647604600094	2.84403491800333	4.12812227385743	4.14074986111111	0.00309575768561369		28G4B06	5.6	2	0.119	2025-10-24
G1	0	0.01	0	-1.98618737647914	3.58594186198108	0.172536651473557	0.171499861111111	0.00187728666044372	questionable fit (k < n0)	28G4B05	3.2	1	0.01	2025-10-24
G10	0	0.00185693951702206	0	11.9252549322145	2.85328962310176	1.28022194570119	1.295625	0.00318343855577305		28G4B05	5.9	1	0.039	2025-10-24
G11	0	0.00498033915326351	0	10.2911560029529	3.59826474992006	1.53230791160179	1.542625	0.00414863622183974		28G4B05	6.2	1	0.047	2025-10-24
G12	0	0.00292151390422606	0	15.3446897779341	5.11405359905229	0.843661273193861	0.855375	0.00364202842573861		28G4B05	6.5	1	0.029	2025-10-24
G13	0	0.0069725103641832	0	20.566404693749	10.1936956698259	0.932269561334488	0.933749861111112	0.00297829675274637		28G4B05	6.8	1	0.03	2025-10-24
G14	0	0.00805546200990007	0	-1.00585592531808	9.16472158127875	0.61849128460999	0.617625833333333	0.0025984956309984	questionable fit	28G4B05	7.1	1	0.021	2025-10-24
G15	0	0.0102024630755644	0	-1.50656049391194	3.54064950042106	0.807398810997803	0.805999999999999	0.00245641404116125	questionable fit	28G4B05	7.4	1	0.024	2025-10-24
G16	0	0.00591859770166285	0	0.519547293944674	1.08411568980501	0.66367015296971	0.662874861111111	0.00303972992424655		28G4B05	7.7	1	0.025	2025-10-24
G17	0	0.00193140767472505	0	2.66691624438582	1.53695264717102	0.37589459340475	0.376250277777778	0.00331494007472807		28G4B05	8	1	0.016	2025-10-24
G18	0	0.000201786779378355	0	0.643571305923575	0.129593817182005	0.30952827724458	0.310250416666666	0.00584260017792101		28G4B05	8.3	1	0.022	2025-10-24
G19	0	0.00388336245228437	0	-0.00121956365064745	0.65604841000065	0.369062272581928	0.36925	0.00677123216830815	questionable fit	28G4B05	8.6	1	0.02	2025-10-24
G2	0	0.011	0	-0.283756827795238	0.249455779143255	0.290535515278783	0.275875	0.00271285701525564	questionable fit (k < n0)	28G4B05	3.5	1	0.011	2025-10-24
G20	0	0.00778332256418063	0	-1.52956177549416	0.571277828719965	0.432762655891035	0.423876111111111	0.0051407024894009	questionable fit	28G4B05	8.9	1	0.02	2025-10-24
G21	0	0.000000306434791706967	0	0.210568330908146	0.0141274512858653	0.451192404123971	0.451751805555555	0.00569677682688094		28G4B05	9.2	1	0.023	2025-10-24
G22	0	0	0	0	0	0	0	0	cannot fit data	28G4B05	9.5	1	0.03	2025-10-24
G23	0	0.00795415846903685	0	4.11991053411844	2.96775404039272	1.22866016237749	1.22687347222222	0.00500415499543847		28G4B05	9.8	1	0.04	2025-10-24
G24	0	0.00939929113557558	0	15.2867323523623	6.53276015566723	1.79521703104077	1.79137486111111	0.00524423543586901		28G4B05	10.1	1	0.061	2025-10-24
G3	0	0.00153882599382741	0	10.6719323098004	2.2196171400487	1.6706405840864	1.693625	0.0044350242792149		28G4B05	3.8	1	0.049	2025-10-24
G4	0	0.00277480795312404	0	5.04203151992434	1.92761276677511	0.845525339864152	0.85	0.00411892505857269		28G4B05	4.1	1	0.028	2025-10-24
G5	0	0.0050772123022952	0	4.1888136900394	2.2824296691453	1.00204364588924	1.00475013888889	0.00464485608684119		28G4B05	4.4	1	0.032	2025-10-24
G6	0	0.00329619866255006	0	5.57936415221083	2.35398879995094	0.854681856003054	0.857999722222222	0.0033291475510133		28G4B05	4.7	1	0.027	2025-10-24
G7	0	0.00685401215330321	0	3.55201169844404	2.51614731869852	1.0912236998255	1.09125	0.00365367123504775		28G4B05	5	1	0.032	2025-10-24
G8	0	0.00589025869018197	0	5.51249873504567	2.81303590862938	1.20283352605883	1.204	0.00348988833485983		28G4B05	5.3	1	0.034	2025-10-24
G9	0	0.00703524427872595	0	7.3932921702079	3.47491073017219	1.50283152129499	1.50424986111111	0.00176099739965404		28G4B05	5.6	1	0.039	2025-10-24
H1	0	0.013	0	-1.58130634400427	2.06761473450247	0.272016418152044	0.269999861111111	0.00187962699877915	questionable fit (k < n0)	28G4B05	3.2	2	0.013	2025-10-24
H10	0.104871551332926	0.00951988205951753	0.060076969307237	38.3539550220874	11.5376522576422	1.63569610933203	1.62475111111111	0.00476140445081345		28G4B05	5.9	2	0.073	2025-10-24
H11	0.150441835834879	0.00994264620368573	0.0665391417120205	39.8016633511183	10.4171343772342	2.13186722996577	2.12237458333333	0.00407329411086644		28G4B05	6.2	2	0.11	2025-10-24
H12	0	0.00544407410842853	0	10.494753576865	5.59159244029864	0.911788591302013	0.916999861111111	0.00367044419928744		28G4B05	6.5	2	0.032	2025-10-24
H13	0	0.0107220821350704	0	13.5066704566197	13.1438367110193	0.975818607440306	0.973750277777777	0.0036207612787248		28G4B05	6.8	2	0.041	2025-10-24
H14	0	0.00987742446595321	0	35.9796643741166	37.1146304011494	0.627703014944377	0.626250138888889	0.00330580653658781		28G4B05	7.1	2	0.024	2025-10-24
H15	0	0.00755769589886718	0	0.391061027295747	0.707602659263929	0.881500903298433	0.88	0.0027922906638015		28G4B05	7.4	2	0.027	2025-10-24
H16	0	0.00421562030308734	0	1.85347191957302	1.13691521351008	0.792363874307298	0.792375277777777	0.00348262481597118		28G4B05	7.7	2	0.029	2025-10-24
H17	0	0.00238898210652435	0	2.83586633174234	2.66613595755702	0.323831799208903	0.324375277777778	0.00259756857480031		28G4B05	8	2	0.013	2025-10-24
H18	0	0.00000232669256877636	0	0.794788257420653	0.0717733989625149	0.237840419037263	0.238250277777778	0.00511761346674285		28G4B05	8.3	2	0.02	2025-10-24
H19	0	0.00136776255382402	0	0.758992989233188	0.349979189441819	0.355903519434466	0.356500416666666	0.00618438310816345		28G4B05	8.6	2	0.021	2025-10-24
H2	0	0.00867892829343002	0	-1.94504625455089	0.820702832732902	0.339212966845683	0.303500138888889	0.0030763394255055	questionable fit (k < n0)	28G4B05	3.5	2	0.011	2025-10-24
H20	0	0.00701568025173475	0	-0.870099669971525	1.13641005594917	0.528653266595461	0.528251388888889	0.00430403092291604	questionable fit	28G4B05	8.9	2	0.019	2025-10-24
H21	0	0.000000347442925935425	0	0.197997633979143	0.0135669031210272	0.412555880907296	0.41250125	0.00538336262206755		28G4B05	9.2	2	0.023	2025-10-24
H22	0	0.00550026948808847	0	-0.392839002001499	0.845455407566757	0.450962584346387	0.450878194444444	0.00674995375207537	questionable fit	28G4B05	9.5	2	0.028	2025-10-24
H23	0	0.0073134884345629	0	5.15728401562626	3.06222949392185	1.28964856432857	1.28925097222222	0.00531149648317993		28G4B05	9.8	2	0.042	2025-10-24
H24	0	0.00306594815164044	0	2.19122427120343	1.16014194748852	0.65772438614708	0.658	0.00453322855245262		28G4B05	10.1	2	0.026	2025-10-24
H3	0	0.0015162582246156	0	10.8002024897026	2.25815373882134	1.61284823455382	1.63537513888889	0.0046534538816436		28G4B05	3.8	2	0.047	2025-10-24
H4	0	0.00353744313337235	0	4.71040482335247	2.21830608615351	0.811726353985923	0.81475	0.00374202112923379		28G4B05	4.1	2	0.027	2025-10-24
H5	0	0.00550781707027332	0	3.94160982428964	2.42601493385515	0.973494130887754	0.975250277777777	0.00450266363101934		28G4B05	4.4	2	0.032	2025-10-24
H6	0	0.00393396591025997	0	4.59936265646379	2.51224704918937	0.76566388518601	0.767375138888889	0.00341945425692748		28G4B05	4.7	2	0.026	2025-10-24
H7	0	0.00769509372858245	0	3.20855273948432	2.87583236735816	1.05820031791655	1.05787486111111	0.00349376716921748		28G4B05	5	2	0.031	2025-10-24
H8	0	0.00718661782392386	0	4.57791823448294	3.20025448264308	1.11991955767307	1.12012486111111	0.00369453081088642		28G4B05	5.3	2	0.033	2025-10-24
H9	0	0.0084109192115961	0	7.10745120664513	3.96973037238064	1.48697967657837	1.48687486111111	0.00192098044046061		28G4B05	5.6	2	0.039	2025-10-24
I1	0	0	0	0	0	0	0	0	cannot fit data	33G2A09	3.2	1	0.033	2025-10-24
I10	0.261475380959309	0.0432903185759122	0.141942431806001	11.3948631960682	4.88329790986885	9.30126775181377	9.27449902777779	0.0109538125990189		33G2A09	5.9	1	0.282	2025-10-24
I11	0.161825368737105	0.0177083624479667	0.395238247519105	5.30461953968342	1.7537452028259	6.8948293579342	6.90174666666667	0.0261292086982201		33G2A09	6.2	1	0.211	2025-10-24
I12	0.167357349711653	0.012102096786223	0.398348976039187	6.40566935849483	1.74005011247163	6.96379714428025	6.98412541666666	0.021247404803601		33G2A09	6.5	1	0.229	2025-10-24
I13	0.201074958774922	0.0170958559168893	0.346933279913783	6.84853897622332	1.9979264622068	8.26413856755638	8.27275055555556	0.0128622724000431		33G2A09	6.8	1	0.244	2025-10-24
I14	0.119770508912559	0.0169266085825205	0.358028908402035	5.03960828147258	1.93600897663158	5.11890412007305	5.12474986111111	0.0119003104982363		33G2A09	7.1	1	0.14	2025-10-24
I15	0.112208152120218	0.0210104402682323	0.304744274237137	4.8171875953552	2.27452076760127	4.79206631732193	4.78912555555556	0.00587144765150894		33G2A09	7.4	1	0.123	2025-10-24
I16	0.10261079967549	0.0197149157234182	0.222428981746368	6.45693697960165	3.11626288587846	4.18536182285402	4.18437527777778	0.00443630877356765		33G2A09	7.7	1	0.109	2025-10-24
I17	0	0.0185976252965629	0	4.31560150420816	2.49560267484297	3.44636818539855	3.44262569444445	0.00279983755995002		33G2A09	8	1	0.085	2025-10-24
I18	0	0.00385662421590021	0	0.81199611324922	0.283183506898809	1.51487939446609	1.46875069444445	0.0134590514658563		33G2A09	8.3	1	0.05	2025-10-24
I19	0	0.0181451487105213	0	0.633835239491785	2.21023606046281	1.83927380370248	1.84087583333333	0.0178806196797547		33G2A09	8.6	1	0.068	2025-10-24
I2	0	0.0287207796966705	0	1.16247487907606	2.55047259575254	3.06689172755806	3.060125	0.00349959269012		33G2A09	3.5	1	0.073	2025-10-24
I20	0	0.0103495497985449	0	0.0322088931110213	0.053984146499752	1.25145026650315	1.18837597222222	0.0079262504411505		33G2A09	8.9	1	0.036	2025-10-24
I21	0	0.0146743245809706	0	-0.0551157963038079	0.396272932214693	1.33938183527772	1.19362638888889	0.0130849546359225	questionable fit	33G2A09	9.2	1	0.043	2025-10-24
I22	0	0.041	0	-0.0996450107537807	0.103233983353456	0.966227120547597	0.864000972222222	0.0128828520198333	questionable fit (k < n0)	33G2A09	9.5	1	0.041	2025-10-24
I23	0	0.0181120368694927	0	-0.647788497607235	1.44302684223183	1.47678958835875	1.47362611111111	0.00774118241108175	questionable fit	33G2A09	9.8	1	0.047	2025-10-24
I24	0	0.0235668468096986	0	-18.4360688860561	8.85571842534712	0.92839790475301	0.874874583333333	0.00445665667527579	questionable fit (k < n0)	33G2A09	10.1	1	0.033	2025-10-24
I3	0.164183570491341	0.027843488494766	0.205584505219153	7.7270085744509	3.37159252260306	6.49751469532233	6.497375	0.00449852346635001		33G2A09	3.8	1	0.168	2025-10-24
I4	0.180111624397051	0.0268902602884401	0.223382191405315	7.78987590308886	3.10296526414796	7.14885824863204	7.14062527777778	0.00255176431020871		33G2A09	4.1	1	0.184	2025-10-24
I5	0.167618081230926	0.0289051187632113	0.221502473232645	7.08067976697825	3.12929770238695	6.74993499924489	6.74312527777778	0.00176953464645017		33G2A09	4.4	1	0.169	2025-10-24
I6	0.184219084418686	0.0302591981475181	0.199849834913224	8.14057155054408	3.4683400207006	7.21543738728699	7.20025013888889	0.00440243023206602		33G2A09	4.7	1	0.189	2025-10-24
I7	0.181499571660653	0.0362062015450443	0.189945407037822	7.31538890416189	3.64919158283161	7.20914569257538	7.19425013888888	0.0045612794187089		33G2A09	5	1	0.189	2025-10-24
I8	0.210383935658975	0.0445705327162296	0.144429836707668	9.09639010996378	4.79919659511148	7.88604297580685	7.86262513888889	0.00730018599620502		33G2A09	5.3	1	0.215	2025-10-24
I9	0.244322968632972	0.052688439598766	0.125615232667922	10.2789603379389	5.51801852242202	8.81014497016346	8.77937486111111	0.0110614354782549		33G2A09	5.6	1	0.248	2025-10-24
J1	0	0	0	0	0	0	0	0	cannot fit data	33G2A09	3.2	2	0.032	2025-10-24
J10	0.145436083141474	0.0141091850721529	0.416909881365032	5.35094923583024	1.66258275839005	6.1968460915569	6.21387541666667	0.0342627199092659		33G2A09	5.9	2	0.2	2025-10-24
J11	0.122062853609083	0.0133713252272498	0.556244717104268	3.76704943924973	1.2461191257121	5.39869521203603	5.41324972222222	0.0370747005226115		33G2A09	6.2	2	0.19	2025-10-24
J12	0.143125540756435	0.00824480404367114	0.509007745510759	5.49069791536885	1.36176155799832	6.09674500466477	6.12399986111111	0.0409940624605826		33G2A09	6.5	2	0.235	2025-10-24
J13	0.194155090220991	0.0176967237744716	0.328525684847529	7.00007806239038	2.1098721120744	7.94355606280693	7.94937527777778	0.0102860994291693		33G2A09	6.8	2	0.227	2025-10-24
J14	0.139565400451019	0.0189426166422635	0.30760373366069	6.0183078156537	2.25337700655005	5.82154444561951	5.82837513888889	0.0136934244221084		33G2A09	7.1	2	0.164	2025-10-24
J15	0.110555203586475	0.0236463925348524	0.300594822119942	4.33024375859723	2.30591856397103	4.762011623884	4.75987541666667	0.00792901549420851		33G2A09	7.4	2	0.126	2025-10-24
J16	0.097520910073677	0.0198223003400941	0.304248480739333	4.48984914377025	2.27822725318325	4.19025368947382	4.18725041666667	0.00356928705747772		33G2A09	7.7	2	0.104	2025-10-24
J17	0	0.0189356504342504	0	3.9479639613922	2.49298540268708	3.27140131427021	3.26637527777778	0.00398425136401745		33G2A09	8	2	0.082	2025-10-24
J18	0	0.00237389045619945	0	1.12805355327636	0.280313907658087	1.92914309329658	1.86625041666667	0.0164841156750793		33G2A09	8.3	2	0.063	2025-10-24
J19	0	0.0152020943920495	0	0.838137230162869	1.38170021646549	1.7778941713163	1.77925097222222	0.017331752019387		33G2A09	8.6	2	0.065	2025-10-24
J2	0	0.0249715571441183	0	1.31280499732692	2.00346661686979	2.92373883143373	2.91850013888889	0.00374084997111616		33G2A09	3.5	2	0.07	2025-10-24
J20	0	0.0220480622834647	0	-0.713573051228258	0.287728777235161	1.2515361390553	1.14287555555556	0.009812591441713	questionable fit	33G2A09	8.9	2	0.041	2025-10-24
J21	0	0.0107134674980595	0	0.230430373224449	0.38134688339766	1.28778944693562	1.09937611111111	0.0118348550254664		33G2A09	9.2	2	0.039	2025-10-24
J22	0	0.0224609318871702	0	-0.601885035290821	0.111857775645405	1.10861419353699	0.98012625	0.0126559077166158	questionable fit	33G2A09	9.5	2	0.04	2025-10-24
J23	0	0.0183962490014411	0	-0.728472385137876	1.48255701493008	1.48141618327749	1.47887638888889	0.00757849993041982	questionable fit	33G2A09	9.8	2	0.046	2025-10-24
J24	0	0.0183302921615548	0	-3.08440961623054	0.532313929180429	0.867931354238541	0.815626111111111	0.00613512568470957	questionable fit (k < n0)	33G2A09	10.1	2	0.032	2025-10-24
J3	0.167053491813369	0.024758336235231	0.220512356960351	7.93035472029215	3.14334847314055	6.60651039698732	6.61187513888889	0.00584397082459677		33G2A09	3.8	2	0.171	2025-10-24
J4	0.165640127756363	0.0215491463151264	0.263602557911215	7.20823321695868	2.62951613995114	6.70305272890054	6.700875	0.00187221145745658		33G2A09	4.1	2	0.168	2025-10-24
J5	0.169764606585025	0.0269776814724404	0.229808395406016	7.25101260940866	3.01619607645457	6.82466085803122	6.8183751388889	0.00149796216842559		33G2A09	4.4	2	0.171	2025-10-24
J6	0.180404764208713	0.0296997311380524	0.201949432438276	8.04254060155197	3.43228090414069	7.08497858273003	7.06675027777778	0.00552546994143087		33G2A09	4.7	2	0.189	2025-10-24
J7	0.193333850460015	0.0387313256619762	0.160895209497191	8.60316941860181	4.30806599354996	7.38968524576552	7.37437486111112	0.0084542244335021		33G2A09	5	2	0.206	2025-10-24
J8	0.175012874165962	0.0260893914695021	0.266113026294573	6.54572940208372	2.60470969877539	7.18465692123012	7.18124944444445	0.0160677902095868		33G2A09	5.3	2	0.204	2025-10-24
J9	0.222226128733428	0.0442747492801545	0.16304103648059	8.53218228369026	4.25136637697017	8.51548707653728	8.48900166666667	0.0128560325603727		33G2A09	5.6	2	0.264	2025-10-24
K1	0	0.0311880168240565	0	-19.6673928020212	8.42848723620874	1.27119465994411	1.23162486111111	0.00172587937986839	questionable fit (k < n0)	18G4A01	3.2	1	0.034	2025-10-24
K10	0	0.0170026631744241	0	6.27527861092652	11.6183842635724	1.43858576493919	1.43775125	0.00613207413092338		18G4A01	5.9	1	0.049	2025-10-24
K11	0	0.0273281711066295	0	-1.91692256604022	18.5242386998324	1.81684021188101	1.81100194444444	0.00476455103889976	questionable fit	18G4A01	6.2	1	0.052	2025-10-24
K12	0	0.0210269970298066	0	2.97418851590151	35.2798514429305	1.25398964687105	1.24987513888889	0.00353032591516799		18G4A01	6.5	1	0.036	2025-10-24
K13	0	0.0250045517110216	0	-15.0516463265257	5.99375323297227	1.02817487795088	1.02312527777778	0.00254496380218729	questionable fit (k < n0)	18G4A01	6.8	1	0.03	2025-10-24
K14	0.150577015264459	0.0000114709945435716	0.361317478155875	26.2437681986282	1.9183881834272	3.30689053120426	3.77487569444445	0.0190433421866		18G4A01	7.1	1	0.166	2025-10-24
K15	0	0.0224614982118615	0	1032.32663239122	44.8155336860452	1.60855189418359	1.60637583333333	0.00619902355830073		18G4A01	7.4	1	0.066	2025-10-24
K16	0	0.0332312380200354	0	-18.3350102486524	6.166369288931	1.43291996486814	1.39225013888889	0.00332975340977484	questionable fit (k < n0)	18G4A01	7.7	1	0.038	2025-10-24
K17	0	0	0	0	0	0	0	0	cannot fit data	18G4A01	8	1	0.037	2025-10-24
K18	0	0.025580246673015	0	-24.9214618919021	8.78475385377347	1.10166665896634	1.08100152777778	0.00450149874858056	questionable fit (k < n0)	18G4A01	8.3	1	0.034	2025-10-24
K19	0	0.0236084125326941	0	-2.12239829913652	0.402113514707995	1.10905059126946	1.08275083333333	0.00956427235637045	questionable fit (k < n0)	18G4A01	8.6	1	0.041	2025-10-24
K2	0	0.018981939153668	0	-24.9825461598732	12.0180913063905	1.05107102834047	1.04699986111111	0.00247993387690199	questionable fit	18G4A01	3.5	1	0.026	2025-10-24
K20	0	0	0	0	0	0	0	0	cannot fit data	18G4A01	8.9	1	0.035	2025-10-24
K21	0	0	0	0	0	0	0	0	cannot fit data	18G4A01	9.2	1	0.044	2025-10-24
K22	0	0.0304080416614207	0	-1.40075834384152	0.905611431385005	0.975036878134524	0.913875833333333	0.0120121629217822	questionable fit (k < n0)	18G4A01	9.5	1	0.041	2025-10-24
K23	0	0.029828616025442	0	-0.947922472674385	0.474266634837458	1.79196250985971	1.78662541666667	0.00611423185875508	questionable fit	18G4A01	9.8	1	0.055	2025-10-24
K24	0	0	0	0	0	0	0	0	cannot fit data	18G4A01	10.1	1	0.036	2025-10-24
K3	0	0.0204592013675768	0	7.46886415168334	6.70354989301432	2.40891428501316	2.40775	0.0040958947243367		18G4A01	3.8	1	0.066	2025-10-24
K4	0.125335331439551	0.00902164232052882	0.111234405192292	22.9844746368477	6.23140996134867	3.14295441233863	3.16975055555555	0.00512814584179937		18G4A01	4.1	1	0.113	2025-10-24
K5	0	0.0222371748995827	0	10.928671805831	10.276555528818	2.24220981883101	2.23837513888889	0.00283395508395115		18G4A01	4.4	1	0.063	2025-10-24
K6	0	0.0183417893421368	0	24.7782077178462	14.308556400286	1.88215932899845	1.88012541666667	0.00289682285886163		18G4A01	4.7	1	0.058	2025-10-24
K7	0	0.0266188372880514	0	1.35680712605371	11.8565784987567	2.03599822181912	2.031875	0.00389206854893315		18G4A01	5	1	0.054	2025-10-24
K8	0	0.0194483317593742	0	-0.634321673290236	8.6211138950176	1.52246613072778	1.51899986111111	0.00370005381698189	questionable fit	18G4A01	5.3	1	0.041	2025-10-24
K9	0	0.0304057887670627	0	-5.52326461917474	3.87808353575032	1.93789976970185	1.93199986111111	0.00294545861573718	questionable fit	18G4A01	5.6	1	0.048	2025-10-24
L1	0	0.057	0	-2.90028909289188	0.892966077871878	2.46573443162528	2.43300000000001	0.00242415247670032	questionable fit (k < n0)	23G1A09	3.2	1	0.057	2025-10-24
L10	0	0.0448055650289188	0	-11.3049915581053	6.4044180103396	2.65790995867948	2.64949986111111	0.00420712426525923	questionable fit	23G1A09	5.9	1	0.067	2025-10-24
L11	0	0.0488837490096209	0	-8.34498529044824	6.3581389191474	3.09368739191681	3.08487513888889	0.00589865855188927	questionable fit	23G1A09	6.2	1	0.078	2025-10-24
L12	0	0.047141858453146	0	-15.2770685115544	11.9015417344943	2.84087947250652	2.83212527777778	0.0045193707191983	questionable fit	23G1A09	6.5	1	0.071	2025-10-24
L13	0	0.0494765473041138	0	1780.48617189028	92.8439427698961	2.8706126853379	2.86200055555556	0.00778368073083756		23G1A09	6.8	1	0.076	2025-10-24
L14	0	0.0450374883666542	0	2013.6272846782	101.238101154978	2.57216058766348	2.56362527777778	0.00674221114155777		23G1A09	7.1	1	0.071	2025-10-24
L15	0	0.0505790449170219	0	-3394.17187536496	1067.19872056002	2.43346371495132	2.40800013888889	0.0112649556485743	questionable fit (k < n0)	23G1A09	7.4	1	0.078	2025-10-24
L16	0	0.072	0	-8.64941156127174	9.77861930932098	1.94560018384944	1.85975027777778	0.0071008227889161	questionable fit (k < n0)	23G1A09	7.7	1	0.072	2025-10-24
L17	0	0.0752666618600728	0	-9.22750195285553	12.0496442699034	1.95219617621101	1.78450013888889	0.00682414035167863	questionable fit (k < n0)	23G1A09	8	1	0.076	2025-10-24
L18	0	0.0556509638066461	0	-16.1471865597446	16.8582154797974	1.72814737547318	1.51050055555556	0.00896832330412027	questionable fit (k < n0)	23G1A09	8.3	1	0.067	2025-10-24
L19	0	0.0723157487800707	0	-8.57817046057312	11.601243142603	1.82483905132354	1.63287555555556	0.0108979224184816	questionable fit (k < n0)	23G1A09	8.6	1	0.075	2025-10-24
L2	0	0.0440637996953319	0	8055.85231957056	691.355449478145	2.17621872204006	2.16649986111111	0.00249221658334239		23G1A09	3.5	1	0.052	2025-10-24
L20	0	0.0446105087113967	0	-73.391900208632	42.8525150318484	1.90308885188917	1.67275055555555	0.0127950152463378	questionable fit (k < n0)	23G1A09	8.9	1	0.076	2025-10-24
L21	0	0.0615389338345415	0	-13.7045904510494	14.2109911910741	1.85725548075095	1.60275069444445	0.0101111413258955	questionable fit (k < n0)	23G1A09	9.2	1	0.067	2025-10-24
L22	0	0.0626855070546978	0	-11.9427173201687	13.3288673651373	1.80280571566644	1.49487569444445	0.014668324487984	questionable fit (k < n0)	23G1A09	9.5	1	0.064	2025-10-24
L23	0	0.069	0	-17.2648115614424	11.7875234620631	2.44155074644976	2.26737583333334	0.00837892435056433	questionable fit (k < n0)	23G1A09	9.8	1	0.069	2025-10-24
L24	0	0.067	0	-7.73187378724513	8.62774241820518	1.78738754404455	1.64962472222222	0.00584487723589487	questionable fit (k < n0)	23G1A09	10.1	1	0.067	2025-10-24
L3	0	0.0484284432516929	0	-8.46142211336453	5.14897684010005	2.95011142567562	2.94062486111111	0.0047300414393862	questionable fit	23G1A09	3.8	1	0.068	2025-10-24
L4	0	0.0427205661120763	0	-12.2359077676732	6.11991916508911	2.46962218124038	2.461	0.00307069473152307	questionable fit	23G1A09	4.1	1	0.057	2025-10-24
L5	0	0.04901430014669	0	-17.1722471313528	6.86572919236643	2.68790217187508	2.678625	0.00335880690977445	questionable fit	23G1A09	4.4	1	0.062	2025-10-24
L6	0	0.0466298325542476	0	-17.5347252605094	5.8527226589652	2.4773768579492	2.46849986111111	0.00361843823187473	questionable fit	23G1A09	4.7	1	0.059	2025-10-24
L7	0	0.0471779678681128	0	-1.17579192167205	0.486079277995834	2.69271690543627	2.68299986111111	0.00413250437750692	questionable fit	23G1A09	5	1	0.064	2025-10-24
L8	0	0.0499429956353334	0	-12.514559121108	4.26217590355875	2.67939803576878	2.6695	0.0038583189104127	questionable fit	23G1A09	5.3	1	0.065	2025-10-24
L9	0	0.0545451044973283	0	-4.689555211636	1.63548092084889	2.97083128859731	2.96074972222222	0.00575512720257178	questionable fit	23G1A09	5.6	1	0.072	2025-10-24
M1	0	0.0249954413509004	0	-9.79570620045449	3.5375927620719	1.36162921504536	1.35624972222222	0.00236680565961277	questionable fit	24G2B08	3.2	1	0.034	2025-10-24
M10	0.136702090082489	0.0180105173439359	0.0457313670664908	41.2314903226456	15.1569311180256	2.16412128854309	2.16262527777778	0.00248710820526945		24G2B08	5.9	1	0.077	2025-10-24
M11	0.166102673260981	0.0237406718846347	0.0423096537597773	42.3351001332768	16.3827192842429	2.63335505208689	2.63050027777778	0.00305483215318571		24G2B08	6.2	1	0.09	2025-10-24
M12	0.16193521222651	0.0176044285751533	0.0496820816608728	42.3484123375968	13.9516533403598	2.39265613173897	2.39175013888889	0.00275343335249799		24G2B08	6.5	1	0.09	2025-10-24
M13	0.374825221448852	0.0184569883080018	0.0339888916729125	87.1026192516131	20.393344603006	2.04919759602025	2.046625	0.00488300080488314		24G2B08	6.8	1	0.087	2025-10-24
M14	0	0.0150867301090088	0	429.900618724009	16.8851890694092	2.29116910306018	2.31912513888889	0.012229326122008		24G2B08	7.1	1	0.108	2025-10-24
M15	0	0.0344806097114651	0	4836.21550445009	296.721255918815	1.75931394413731	1.75287541666667	0.00792116195685351		24G2B08	7.4	1	0.06	2025-10-24
M16	0	0	0	0	0	0	0	0	cannot fit data	24G2B08	7.7	1	0.056	2025-10-24
M17	0	0	0	0	0	0	0	0	cannot fit data	24G2B08	8	1	0.05	2025-10-24
M18	0	0	0	0	0	0	0	0	cannot fit data	24G2B08	8.3	1	0.042	2025-10-24
M19	0	0.056	0	-7.96320302840461	8.3878467719827	1.53670833588497	1.324875	0.0121168065114504	questionable fit (k < n0)	24G2B08	8.6	1	0.056	2025-10-24
M2	0.129	0.0520560423361567	4.78208902722095	0.0817125019248108	0.144946523708439	6.19389315185585	5.83474916666667	0.0554192773180658		24G2B08	3.5	1	0.196	2025-10-24
M20	0	0	0	0	0	0	0	0	cannot fit data	24G2B08	8.9	1	0.036	2025-10-24
M21	0	0.0454212626382783	0	-9.1232613796402	14.562067733419	1.09929552997574	0.966750833333334	0.00891981032663656	questionable fit (k < n0)	24G2B08	9.2	1	0.047	2025-10-24
M22	0	0.0337853468781926	0	-16.642512902974	16.4908741027007	1.06985848564618	0.943374722222222	0.0084162815435033	questionable fit (k < n0)	24G2B08	9.5	1	0.041	2025-10-24
M23	0	0.0315171986215048	0	2225.88156396578	144.154951270096	1.70976470032967	1.70374916666667	0.00474896741986485		24G2B08	9.8	1	0.047	2025-10-24
M24	0	0	0	0	0	0	0	0	cannot fit data	24G2B08	10.1	1	0.034	2025-10-24
M3	0	0.01846353448182	0	4.12721322742181	4.94725846521759	2.10227350068976	2.10024986111111	0.00348620559098861		24G2B08	3.8	1	0.056	2025-10-24
M4	0	0.0180130280028589	0	9.28081644870792	9.63082236639942	1.80640239457946	1.80225	0.00323038534987791		24G2B08	4.1	1	0.051	2025-10-24
M5	0	0.0229406444199236	0	10.0348258480759	12.2683198340976	2.03806893396235	2.03300041666667	0.00329294128643899		24G2B08	4.4	1	0.057	2025-10-24
M6	0	0.0176753889912296	0	13.4382515544719	10.0338172699058	1.94685464906402	1.94400013888889	0.00274456247513634		24G2B08	4.7	1	0.056	2025-10-24
M7	0	0.0250582198235517	0	17.1263656329728	15.253620405811	2.19446739066155	2.18987513888889	0.00213965902651339		24G2B08	5	1	0.062	2025-10-24
M8	0.10661000958476	0.0238200015269851	0.0371469857066137	33.5365501870175	18.6595807809121	2.15065813372194	2.14600013888889	0.00244700218983638		24G2B08	5.3	1	0.065	2025-10-24
M9	0	0.0291662199636156	0	228.1246619626	32.2843157193048	2.44914263442116	2.44362513888889	0.00216831165056901		24G2B08	5.6	1	0.078	2025-10-24
N1	0	0.0528592982992586	0	14906.0820022274	1223.4681501513	2.58315785121189	2.57187472222222	0.00258386371299788		24G4B02	3.2	1	0.06	2025-10-24
N10	0.0995477076096739	0.0391519450945518	0.0858429120457026	5.04955890687291	8.07460003443167	3.74466720365892	3.73712513888889	0.00291540136804168		24G4B02	5.9	1	0.097	2025-10-24
N11	0.122724916022494	0.0510744915995407	0.0990730144513579	3.41681226753466	6.99632674344699	4.84450564641844	4.83600027777777	0.00408920660846324		24G4B02	6.2	1	0.121	2025-10-24
N12	0.123890614566982	0.0426711063763989	0.0799540404060543	8.05004272656342	8.66932023747306	4.3817516196115	4.37350013888889	0.00298254197462978		24G4B02	6.5	1	0.121	2025-10-24
N13	0	0.0602747870732263	0	3019.34617970042	171.135701047367	3.208545790214	3.19825013888889	0.00508393785753637		24G4B02	6.8	1	0.076	2025-10-24
N14	0	0.0655030962345079	0	-8.15548608077993	3.32093265601927	2.6336278434186	2.62375236111111	0.00761687454736989	questionable fit (k < n0)	24G4B02	7.1	1	0.079	2025-10-24
N15	0	0.0796997914892673	0	-11.3803873061443	9.16416072352746	2.54492263217443	2.39625013888889	0.00705975972534446	questionable fit (k < n0)	24G4B02	7.4	1	0.086	2025-10-24
N16	0	0.076	0	-15.9777356632339	11.9144636890593	2.59527799084744	2.38474944444444	0.00667131872881613	questionable fit (k < n0)	24G4B02	7.7	1	0.076	2025-10-24
N17	0	0	0	0	0	0	0	0	cannot fit data	24G4B02	8	1	0.061	2025-10-24
N18	0	0.0504088883100388	0	-18.8039637843744	17.9723550850487	1.64676463035934	1.47412541666667	0.00910393770189089	questionable fit (k < n0)	24G4B02	8.3	1	0.056	2025-10-24
N19	0	0.0870023671032565	0	-9.73934968059863	15.32387939014	2.14981988803508	1.83275041666667	0.0134760383811261	questionable fit (k < n0)	24G4B02	8.6	1	0.093	2025-10-24
N2	0	0.0393643085218691	0	3847.40186036283	195.181306909604	2.06963099680129	2.06024986111111	0.00407146564008759		24G4B02	3.5	1	0.05	2025-10-24
N20	0	0	0	0	0	0	0	0	cannot fit data	24G4B02	8.9	1	0.05	2025-10-24
N21	0	0.088	0	-10.70320097877	18.5565414242086	2.16859651553681	1.95575013888889	0.0106524576536647	questionable fit (k < n0)	24G4B02	9.2	1	0.088	2025-10-24
N22	0	0.0471126901125979	0	-12.1033229613096	15.1832926249639	1.31060775120848	1.166625	0.01119121036097	questionable fit (k < n0)	24G4B02	9.5	1	0.048	2025-10-24
N23	0	0	0	0	0	0	0	0	cannot fit data	24G4B02	9.8	1	0.093	2025-10-24
N24	0	0.042942524586257	0	-57.2641108445222	55.2757512886072	1.69025440739486	1.45212527777778	0.0139980296165032	questionable fit (k < n0)	24G4B02	10.1	1	0.062	2025-10-24
N3	0	0.0533360858472708	0	-6.33306731204707	2.93576899167622	3.09149729589827	3.08124986111111	0.00883019680649608	questionable fit	24G4B02	3.8	1	0.079	2025-10-24
N4	0	0.0399960292498438	0	-3.70225880924178	10.0516261486584	2.85944194653785	2.85112513888889	0.00320408427887605	questionable fit	24G4B02	4.1	1	0.073	2025-10-24
N5	0	0.051520312699972	0	-8.20901533674889	9.56840808582605	3.38724965492374	3.37650055555556	0.00236248918623002	questionable fit	24G4B02	4.4	1	0.08	2025-10-24
N6	0.0905613754907521	0.0572495319900321	0.0800696446529558	-6.76294337841716	8.65680350605075	3.8605446379884	3.84837499999999	0.00273642880744244	questionable fit	24G4B02	4.7	1	0.089	2025-10-24
N7	0	0.0537968403340448	0	-6.82692728188982	7.56181693687281	3.60009005042452	3.5895	0.00240192927792782	questionable fit	24G4B02	5	1	0.082	2025-10-24
N8	0	0.043515556985793	0	-2.49063086099647	8.90251102249766	3.2325556794906	3.22312513888889	0.00251478297537042	questionable fit	24G4B02	5.3	1	0.078	2025-10-24
N9	0	0.0595251370677676	0	-11.0105782945356	8.04653751977417	3.67274811753975	3.66025	0.00190121772736193	questionable fit	24G4B02	5.6	1	0.084	2025-10-24
O1	0	0.0302325232506481	0	-24.9394528280482	27.7965452596636	1.00826843728249	0.942749861111111	0.00941229671156649	questionable fit (k < n0)	Pine-43	3.2	1	0.043	2025-10-24
O10	0	0.00343558669449039	0	0.180331077113197	0.136842738097729	0.575490295791162	0.572875	0.00374875501263061		Pine-43	5.9	1	0.019	2025-10-24
O11	0	0.023	0	-0.0751063606944682	0.0463357818096501	0.748638776783553	0.745499861111111	0.00328154700593685	questionable fit (k < n0)	Pine-43	6.2	1	0.023	2025-10-24
O12	0	0	0	0	0	0	0	0	cannot fit data	Pine-43	6.5	1	0.019	2025-10-24
O13	0	0	0	0	0	0	0	0	cannot fit data	Pine-43	6.8	1	0.013	2025-10-24
O14	0	0	0	0	0	0	0	0	cannot fit data	Pine-43	7.1	1	0.021	2025-10-24
O15	0	0	0	0	0	0	0	0	cannot fit data	Pine-43	7.4	1	0.026	2025-10-24
O16	0	0	0	0	0	0	0	0	cannot fit data	Pine-43	7.7	1	0.026	2025-10-24
O17	0	0.00578642836395602	0	2320.52338468159	130.827511982372	0.317786548190314	0.316624583333334	0.00379558452405036		Pine-43	8	1	0.013	2025-10-24
O18	0	0.017	0	-3.73474429214745	368512.765483608	0.167134720181278	0.144375	0.00265701802798056	questionable fit (k < n0)	Pine-43	8.3	1	0.017	2025-10-24
O19	0	0.00985468014220861	0	-8.73617729134267	8.55286542737647	0.282269204660265	0.211374722222222	0.00392005746133037	questionable fit (k < n0)	Pine-43	8.6	1	0.013	2025-10-24
O2	0	0.0139019545009352	0	-1.43526633536396	0.63501995365513	0.532608385698335	0.516250000000001	0.00248168335740984	questionable fit (k < n0)	Pine-43	3.5	1	0.014	2025-10-24
O20	0	0.0153099821437149	0	-7.2557044339985	16.6081572059957	0.311487608960847	0.263	0.00427962155059582	questionable fit (k < n0)	Pine-43	8.9	1	0.024	2025-10-24
O21	0	0	0	0	0	0	0	0	cannot fit data	Pine-43	9.2	1	0.025	2025-10-24
O22	0	0.026	0	-3.38035343714989	6.3718372568149	0.472045641614686	0.357625277777777	0.00569268687480018	questionable fit (k < n0)	Pine-43	9.5	1	0.026	2025-10-24
O23	0	0.0246820184232309	0	-2.21154060390065	1.82416363195307	0.697173994982692	0.69325	0.00355265154550027	questionable fit (k < n0)	Pine-43	9.8	1	0.026	2025-10-24
O24	0	0	0	0	0	0	0	0	cannot fit data	Pine-43	10.1	1	0.027	2025-10-24
O3	0	0.0159058038657369	0	-1.22857514279908	0.420013510835337	0.866330922793971	0.840625	0.0041130685057271	questionable fit	Pine-43	3.8	1	0.024	2025-10-24
O4	0	0.0118656840633041	0	1.14580331178182	8.16098006455399	0.989559713634885	0.987625138888888	0.00205076810528266		Pine-43	4.1	1	0.027	2025-10-24
O5	0	0.012997670732957	0	-5.0887874820198	2.71677420678242	0.78193113363488	0.779125138888889	0.00162281327133334	questionable fit	Pine-43	4.4	1	0.019	2025-10-24
O6	0	0.0084769589736971	0	5.90003892125791	7.5556645661504	0.864690563115449	0.863375	0.00200222970211974		Pine-43	4.7	1	0.024	2025-10-24
O7	0	0.0154623884476581	0	-10.5670577583692	7.41682518170034	0.95202495960289	0.949500138888888	0.00195194671139334	questionable fit	Pine-43	5	1	0.023	2025-10-24
O8	0	0.0120503306181528	0	-2.79487570075425	4.26749416562991	0.890183523682961	0.888375	0.00428218010451242	questionable fit	Pine-43	5.3	1	0.026	2025-10-24
O9	0	0.0158724647617597	0	-4.22013664847014	3.44558677549863	1.05236421865767	1.04974986111111	0.00310672024205734	questionable fit	Pine-43	5.6	1	0.028	2025-10-24
