sample	k	n0	r	t_mid	t_gen	auc_l	auc_e	sigma	note	strain	pH	replicate	max.OD	date
A1	0	0.0070160150755149	0	-10328.2989907419	1177.00374329423	0.338159100722357	0.336625	0.000124647895474745	questionable fit (k < n0)	23G1B10	3.2	1	0.00800000000000001	2023-05-12
A10	0	0.00000642159198185746	0	11.6939615217959	1.06478142806799	0.474538502784621	0.475625	0.00189971884584299		23G1B10	5.9	1	0.016	2023-05-12
A11	0	0.0103690698127385	0	4.71681920055889	3.6835786136426	1.48106689620583	1.481375	0.00253851402029308		23G1B10	6.2	1	0.038	2023-05-12
A12	0	0.00203859965424879	0	23.5607169970608	5.87555085244071	0.857389617408073	0.8595	0.000536746529982721		23G1B10	6.5	1	0.032	2023-05-12
A13	0	0.00636835097062071	0	31.8494952084964	15.6139638092328	0.662073451311718	0.660875	0.001426059238242		23G1B10	6.8	1	0.025	2023-05-12
A14	0	0.00436375534592656	0	4.21474610099486	11.0070459226141	0.361049528399221	0.36025	0.000641668599368228		23G1B10	7.1	1	0.01	2023-05-12
A15	0	0.0229034066475882	0	-12.5251921360269	7.08795049307377	1.35101833781274	1.346625	0.000571577469251212	questionable fit	23G1B10	7.4	1	0.03	2023-05-12
A16	0	0.00219159113993618	0	2.27430456452359	5.50000419310317	0.212119536704192	0.211875	0.000962897885880103		23G1B10	7.7	1	0.00700000000000001	2023-05-12
A17	0	0.001	0	-10.8526269462301	198243.691635212	0.0183851019499358	0.016875	0.00033890288200005	questionable fit (k < n0)	23G1B10	8	1	0.001	2023-05-12
A18	0	0.0068836783002201	0	-11.954350833484	3.46283256832927	0.358824854354248	0.357625	0.00110620019335615	questionable fit	23G1B10	8.3	1	0.00900000000000001	2023-05-12
A19	0	0.001	0	-10.8611372731275	240165.900738912	0.0183924715718755	0.016875	0.000338368714846119	questionable fit (k < n0)	23G1B10	8.6	1	0.001	2023-05-12
A2	0	0.00311213912453659	0	-583.222991187964	121.643033623083	0.149304428605401	0.147875	0.000274397917394246	questionable fit (k < n0)	23G1B10	3.5	1	0.004	2023-05-12
A20	0	0.00255011926420086	0	0.51219536716506	1.1748091448159	0.280497242531733	0.27825	0.00139482503790873		23G1B10	8.9	1	0.00800000000000001	2023-05-12
A21	0	0	0	0	0	0	0	0	cannot fit data	23G1B10	9.2	1	0.00700000000000001	2023-05-12
A22	0	0.00291308009880187	0	-0.441535757718352	0.727828478926229	0.0493224306771373	0.0315	0.000698317916991459	questionable fit (k < n0)	23G1B10	9.5	1	0.004	2023-05-12
A23	0	0.012	0	-6.38019145403507	1.77970939800671	0.532654437824512	0.52275	0.000411830250874267	questionable fit (k < n0)	23G1B10	9.8	1	0.012	2023-05-12
A24	0	0.0115320763797959	0	-10.1413071192398	3.48248150454326	0.489158570456865	0.485125	0.00069362134207043	questionable fit (k < n0)	23G1B10	10.1	1	0.014	2023-05-12
A3	0.015	0.00667846230562935	0.0184765182672014	822.859260964589	37.5150323527343	0.519232942437303	0.518	0.000812359554086754		23G1B10	3.8	1	0.015	2023-05-12
A4	0	0.0000745182391501899	0	21.3950852320269	2.73879884634275	0.450598992403014	0.468125	0.00109259669841614		23G1B10	4.1	1	0.017	2023-05-12
A5	0	0.00268407757231366	0	14.468008146381	4.89386805101777	0.774532055018114	0.782375	0.00215061094348154		23G1B10	4.4	1	0.024	2023-05-12
A6	0	0.0118214227289615	0	7.74566790735757	6.22393048842268	1.48931212329914	1.490125	0.00287891396125936		23G1B10	4.7	1	0.04	2023-05-12
A7	0	0.00109556779040388	0	12.1256128758872	2.92191474377407	0.736368739962993	0.7475	0.00214208460896948		23G1B10	5	1	0.023	2023-05-12
A8	0	0.000475136816274282	0	14.2894851661065	2.44213720685506	0.94455784634406	0.972	0.00362012201636541		23G1B10	5.3	1	0.033	2023-05-12
A9	0	0.00111058278259294	0	7.23730897176512	1.93837833490289	0.647460040091486	0.654125	0.00278085367365987		23G1B10	5.6	1	0.02	2023-05-12
B1	0	0.00122246790229607	0	-129.815514788635	52.8107332748648	0.055758235115678	0.053125	0.000301097409014505	questionable fit (k < n0)	23G1B10	3.2	2	0.002	2023-05-12
B10	0	0.0000601406693536313	0	11.1889500940794	1.37855722399721	0.619812890774026	0.62725	0.00271455783705866		23G1B10	5.9	2	0.021	2023-05-12
B11	0	0.00502715099266839	0	6.77509264460126	3.74045669199948	0.908497634395692	0.910375	0.00181142874000705		23G1B10	6.2	2	0.024	2023-05-12
B12	0	0.00194822260697674	0	19.8560362734836	5.34071971147688	0.771530543337519	0.775125	0.000797182245494945		23G1B10	6.5	2	0.027	2023-05-12
B13	0	0.00687009348484874	0	24.5090234629214	10.4116869287998	1.00058417150872	1	0.0015263429692382		23G1B10	6.8	2	0.036	2023-05-12
B14	0.00800000000000001	0.00194263292609049	0.0248916355344814	611.98712136636	27.8465904580579	0.181010623119934	0.18075	0.00144842061133558		23G1B10	7.1	2	0.00800000000000001	2023-05-12
B15	0	0.00305852961696888	0	1.98477486273175	6.47194534977849	0.27878127634654	0.278125	0.00101286917817138		23G1B10	7.4	2	0.00900000000000001	2023-05-12
B16	0	0.00261965475801745	0	-2.64886852794335	6.20864264156508	0.19758781737006	0.197	0.000837670346669498	questionable fit	23G1B10	7.7	2	0.00700000000000001	2023-05-12
B17	0	0.00476466938997056	0	-3.09126503850758	4.57902624219054	0.348615586770601	0.34775	0.000878981640708745	questionable fit	23G1B10	8	2	0.011	2023-05-12
B18	0	0.00803688075457598	0	-8.45468478663974	3.26431355303019	0.44493036748413	0.443375	0.000447700519496381	questionable fit	23G1B10	8.3	2	0.01	2023-05-12
B19	0.002	0.000375645409767915	0.0175726642488917	713.145053986234	39.4446266509452	0.028487208210278	0.028375	0.000758573139271121		23G1B10	8.6	2	0.002	2023-05-12
B2	0	0.00209954991027025	0	-521.297699775598	118.516715445306	0.100555368769154	0.0993750000000001	0.000258412545573604	questionable fit (k < n0)	23G1B10	3.5	2	0.003	2023-05-12
B20	0	0.005	0	-0.0664768388358747	0.147254832263127	0.0651284839607802	0.0647500000000001	0.000779317843129087	questionable fit (k < n0)	23G1B10	8.9	2	0.005	2023-05-12
B21	0	0.00125512058419652	0	-155.937324324003	67.8408754527974	0.0574579729817415	0.054	0.000579046022658799	questionable fit (k < n0)	23G1B10	9.2	2	0.003	2023-05-12
B22	0	0.00243026169189998	0	2.33246491927767	2.56033505261976	0.31004430157208	0.301375	0.000712513992750466		23G1B10	9.5	2	0.00800000000000001	2023-05-12
B23	0	0.00273249066407343	0	-424.264881338919	223.375570915337	0.128384905233927	0.128125	0.00180762193983155	questionable fit (k < n0)	23G1B10	9.8	2	0.00600000000000001	2023-05-12
B24	0	0.00231973307169806	0	2.08382272099063	2.05782822076264	0.314445510823154	0.308	0.000758332704000885		23G1B10	10.1	2	0.00800000000000001	2023-05-12
B3	0.191509977589567	0.00369930061826148	0.0297075329630388	132.198477848528	23.3323709990438	0.385077597965168	0.384875	0.000881635184751927		23G1B10	3.8	2	0.013	2023-05-12
B4	0	0.0000360679405348252	0	22.2979912783217	2.51241557621	0.439511421181563	0.459875	0.00113624753121708		23G1B10	4.1	2	0.018	2023-05-12
B5	0	0.00392196160313413	0	14.5979547119205	5.62039759191301	0.898527783393603	0.906	0.00252261075238267		23G1B10	4.4	2	0.028	2023-05-12
B6	0	0.00247620176393519	0	15.0345325686412	4.79177706038212	0.788167849125735	0.79775	0.00227689866190338		23G1B10	4.7	2	0.025	2023-05-12
B7	0	0.00012507111659175	0	14.8729995491965	2.05170128746962	0.637883132320185	0.6565	0.00212671807785495		23G1B10	5	2	0.022	2023-05-12
B8	0	0.00000781466604746279	0	13.5163274326122	1.22305682003443	0.575425451083251	0.58075	0.00235560595132925		23G1B10	5.3	2	0.021	2023-05-12
B9	0	0.00208593575969172	0	6.17590949462466	1.98667813149056	0.837476845869171	0.8435	0.00405643820874692		23G1B10	5.6	2	0.027	2023-05-12
C1	0	0.0193080713973697	0	-4.87093129717419	1.38974997768391	1.00906686438864	1.00525	0.000159199949219098	questionable fit	23G1B10	3.2	3	0.022	2023-05-12
C10	0	0.0000231878682294264	0	12.0960826820494	1.2907621285206	0.555222656030469	0.557625	0.00247744833781601		23G1B10	5.9	3	0.02	2023-05-12
C11	0	0.00846567202214249	0	6.19239924823089	3.68525647549737	1.44405014578453	1.446125	0.00279919982022443		23G1B10	6.2	3	0.039	2023-05-12
C12	0	0.00671635254188194	0	16.7087257734962	7.99595656772655	1.05155531345995	1.052625	0.00120293952829585		23G1B10	6.5	3	0.032	2023-05-12
C13	0	0.0065614145553075	0	14.0002370044772	9.05394170468781	0.804505946408727	0.803375	0.00109183045092145		23G1B10	6.8	3	0.025	2023-05-12
C14	0	0.00642481621187213	0	19.6832740957792	23.125843783985	0.461664551633487	0.46075	0.00118440092778625		23G1B10	7.1	3	0.015	2023-05-12
C15	0	0.00476683401344925	0	-3.67678494227982	7.73128423099422	0.346339698105769	0.3455	0.000911484887934468	questionable fit	23G1B10	7.4	3	0.01	2023-05-12
C16	0	0.00751506046218516	0	-1.89027379806056	9.7165947899663	0.560248340868174	0.558875	0.00116314616251948	questionable fit	23G1B10	7.7	3	0.015	2023-05-12
C17	0	0.00204685577751446	0	7.37580630546275	6.21227724190934	0.252592343396228	0.252625	0.000851454711422801		23G1B10	8	3	0.00700000000000001	2023-05-12
C18	0.00600000000000001	0.00321718176710635	0.0076204551196197	1647.02494037592	90.9587642312022	0.187377474381948	0.186625	0.000914438230294094		23G1B10	8.3	3	0.00600000000000001	2023-05-12
C19	0	0.002	0	-11.2784326180726	11.2784326180726	0.0590519868857148	0.0577500000000001	0.000250097232100225	questionable fit (k < n0)	23G1B10	8.6	3	0.002	2023-05-12
C2	0	0.00254902190808345	0	-8.72254747404995	12.1384841205941	0.0638937759180618	0.0592500000000001	0.00024809317608559	questionable fit (k < n0)	23G1B10	3.5	3	0.003	2023-05-12
C20	0	0.00156046894406435	0	-0.511578023394486	0.279865469305644	0.0961990493767265	0.0833750000000001	0.000584636453461945	questionable fit	23G1B10	8.9	3	0.005	2023-05-12
C21	0	0.000734391972778647	0	2.14831046952736	3.08706666820315	0.0844850513522833	0.0845000000000001	0.00116951637298733		23G1B10	9.2	3	0.005	2023-05-12
C22	0	0.00209992507384913	0	-15.4199508656101	16.5284725239947	0.0641758794806947	0.0598750000000001	0.000442873679861268	questionable fit (k < n0)	23G1B10	9.5	3	0.004	2023-05-12
C23	0	0	0	0	0	0	0	0	cannot fit data	23G1B10	9.8	3	0.001	2023-05-12
C24	0	0.00258408614067613	0	-1.13744841552421	1.61110903720223	0.0504063848031977	0.0455	0.000869293411859576	questionable fit (k < n0)	23G1B10	10.1	3	0.003	2023-05-12
C3	0.263588067257978	0.00440761164580196	0.0298463782650743	136.505392945267	23.2238288479729	0.462421015250301	0.462125	0.000986020571240584		23G1B10	3.8	3	0.016	2023-05-12
C4	0	0.000115024962292937	0	20.5675212535834	2.75575370384493	0.563767850461345	0.586625	0.00150386632186052		23G1B10	4.1	3	0.021	2023-05-12
C5	0	0.00277426882234516	0	15.1680161432091	4.79834656502797	0.892723998467695	0.903625	0.00251517210481921		23G1B10	4.4	3	0.029	2023-05-12
C6	0	0.0000763690063339925	0	17.4041101180007	2.18084933056123	0.596070197642832	0.619125	0.00182759386860016		23G1B10	4.7	3	0.021	2023-05-12
C7	0	0.000266663466880048	0	13.7537959407284	2.11553080479928	0.840517431088045	0.862625	0.00314504688713344		23G1B10	5	3	0.029	2023-05-12
C8	0	0.00000158818080505426	0	14.2067191184382	1.07868689456473	0.497753871661157	0.49825	0.00188916047912252		23G1B10	5.3	3	0.018	2023-05-12
C9	0	0.0045259260258877	0	5.64405008100333	2.44211532626676	1.13098938545825	1.135375	0.00418771891875094		23G1B10	5.6	3	0.034	2023-05-12
D1	0	0	0	0	0	0	0	0	cannot fit data	26G4B12	3.2	1	0.044	2023-05-12
D10	0.205043622119591	0.00988197124459979	0.202461297827102	14.7342539807358	3.42360336518183	6.8130116026217	6.742125	0.0109550273543851		26G4B12	5.9	1	0.221	2023-05-12
D11	0.186530453610192	0.0113447523724993	0.214787831477713	12.7432324793426	3.22712499954574	6.55965001939876	6.525875	0.0087346981334679		26G4B12	6.2	1	0.207	2023-05-12
D12	0.143705586061287	0.0117337354245109	0.195639153057888	12.3703284684215	3.54298804572543	5.08698011386146	5.07025	0.00647901824357472		26G4B12	6.5	1	0.154	2023-05-12
D13	0.165142136240342	0.0060845008249331	0.209537847149774	15.5748566592853	3.30798082536611	5.35900000905716	5.343125	0.00419157563297988		26G4B12	6.8	1	0.177	2023-05-12
D14	0	0.00695810574517653	0	13.4465603874414	5.68640227056299	1.43001239541775	1.426875	0.00131201454005188		26G4B12	7.1	1	0.044	2023-05-12
D15	0	0.00504671416129278	0	4.9653154607202	2.60096019231579	1.01636621339204	1.016	0.00242205990051208		26G4B12	7.4	1	0.026	2023-05-12
D16	0	0.00809989457343142	0	8.68779814929878	7.7907165174179	0.912347656576952	0.909625	0.00326192623403345		26G4B12	7.7	1	0.028	2023-05-12
D17	0	0.00564650169234768	0	11.4446869999943	5.34281431615621	1.07747172622972	1.075625	0.00529888185737681		26G4B12	8	1	0.036	2023-05-12
D18	0	0.00358948854147313	0	3.24982258381232	2.01107883206767	0.643947283431006	0.644	0.00352369546225223		26G4B12	8.3	1	0.031	2023-05-12
D19	0	0.00401906732695745	0	6.3546284154117	2.51640478036376	1.12056639795421	1.120875	0.00278783028990553		26G4B12	8.6	1	0.031	2023-05-12
D2	0	0	0	0	0	0	0	0	cannot fit data	26G4B12	3.5	1	0.059	2023-05-12
D20	0	0.00234996541637636	0	5.99099474033228	2.2138779109747	0.738403021859462	0.741875	0.00682438989994957		26G4B12	8.9	1	0.034	2023-05-12
D21	0	0.00579750303476361	0	-4.03253130532937	6.71469169458662	0.416943380685791	0.415625	0.00218455751668265	questionable fit	26G4B12	9.2	1	0.025	2023-05-12
D22	0.562046227902374	0.0019145683000933	0.0318591771135134	178.243137788433	21.756593966325	0.217644726886895	0.21725	0.0022675867927647		26G4B12	9.5	1	0.02	2023-05-12
D23	0.00900000000000001	0.00130559081975886	0.0286849925370247	546.966557958952	24.1641053127442	0.135874498925391	0.135875	0.00133810011616		26G4B12	9.8	1	0.00900000000000001	2023-05-12
D24	0.01	0.000671875700943072	0.0302318046970535	504.982417361285	22.9277473675761	0.0732011078998539	0.0746250000000001	0.00116132138958401		26G4B12	10.1	1	0.01	2023-05-12
D3	0.165645733647516	0.00487541590257294	0.181469468027367	19.2636886656938	3.81963527030019	4.77063351209179	4.789875	0.0039391096285602		26G4B12	3.8	1	0.164	2023-05-12
D4	0.191951759654067	0.00572514959684661	0.230038295539338	15.1370256768403	3.01318169192144	6.32159139194024	6.27575	0.00971634488996105		26G4B12	4.1	1	0.201	2023-05-12
D5	0.211300211180935	0.00804985816088477	0.250161950013315	12.9067750456103	2.77079380186736	7.42472330240186	7.384875	0.00933828153701154		26G4B12	4.4	1	0.223	2023-05-12
D6	0.21631387849976	0.00865996818082487	0.226905802744324	14.0021176826362	3.05477943788409	7.35887262196151	7.29425	0.0118317427156867		26G4B12	4.7	1	0.229	2023-05-12
D7	0.223079727359512	0.00989471159001188	0.234204157830948	13.1089046589165	2.95958529079688	7.78509295942417	7.720875	0.0118057501171878		26G4B12	5	1	0.235	2023-05-12
D8	0.221227758187325	0.00901014910749581	0.22477804099911	14.055023219842	3.08369615412161	7.51328827929474	7.44025	0.0116918532639088		26G4B12	5.3	1	0.235	2023-05-12
D9	0.219334635344486	0.0137475500349919	0.198356535519854	13.6371059361003	3.49445093272748	7.51036848918346	7.455125	0.0107181117097475		26G4B12	5.6	1	0.234	2023-05-12
E1	0	0	0	0	0	0	0	0	cannot fit data	26G4B12	3.2	2	0.013	2023-05-12
E10	0.198560737374897	0.00912026949560069	0.225295860351055	13.4648522310257	3.07660859582544	6.85589282708509	6.79225	0.010311222624737		26G4B12	5.9	2	0.215	2023-05-12
E11	0.200710823645272	0.0228644295038033	0.168247713758042	12.1923666686753	4.1198014824544	7.08557161014934	7.05425	0.00818279291364511		26G4B12	6.2	2	0.217	2023-05-12
E12	0.148208095115158	0.0133130223405529	0.197650391068522	11.7164177892945	3.50693553811205	5.33709865509916	5.314125	0.0104809274339576		26G4B12	6.5	2	0.177	2023-05-12
E13	0.150141100738673	0.00335786776963653	0.244377684294428	15.4582474400878	2.83637674430549	4.90215040134674	4.903125	0.00485560399532229		26G4B12	6.8	2	0.162	2023-05-12
E14	0	0.010551246719212	0	9.39139016285949	6.92006832977356	1.34241388929684	1.33825	0.00400915223380831		26G4B12	7.1	2	0.037	2023-05-12
E15	0	0.00791769169835186	0	2.51059255409951	3.79776312615238	0.878927119746035	0.877	0.00209761572214084		26G4B12	7.4	2	0.026	2023-05-12
E16	0	0.0054241924701802	0	5.6842632230288	2.2129078674612	1.58005984044114	1.58	0.00125317840055406		26G4B12	7.7	2	0.039	2023-05-12
E17	0	0.00846023192513176	0	6.50829373714958	6.70727527385934	0.947135045237534	0.94425	0.00238780612994111		26G4B12	8	2	0.034	2023-05-12
E18	0	0.00488914205611986	0	7.43555192577026	2.82607386528495	1.41247722175917	1.411625	0.00217246409918554		26G4B12	8.3	2	0.037	2023-05-12
E19	0	0.00578712068556709	0	7.72623132366596	5.47254994428274	0.805055237790638	0.8035	0.00315224698664801		26G4B12	8.6	2	0.037	2023-05-12
E2	0	0	0	0	0	0	0	0	cannot fit data	26G4B12	3.5	2	0.00600000000000001	2023-05-12
E20	0	0.00257353849048595	0	7.64647185800484	2.29565697534733	1.14555445989498	1.14925	0.0020509248573192		26G4B12	8.9	2	0.032	2023-05-12
E21	0	0.00511555580073436	0	4.37293176959412	3.43296593488719	0.736346393060979	0.7365	0.0042463667558419		26G4B12	9.2	2	0.026	2023-05-12
E22	0	0.00586882027081992	0	5.84116117774489	3.68774266029128	0.957960816609211	0.95825	0.00239443290585256		26G4B12	9.5	2	0.027	2023-05-12
E23	0.00900000000000001	0.00127536726544201	0.0173496852111978	755.590990142365	39.9515710009871	0.0961280605728018	0.0957500000000001	0.00148343865869942		26G4B12	9.8	2	0.00900000000000001	2023-05-12
E24	0	0.00286455813481143	0	12.4754845005498	8.32454377847882	0.358184159807826	0.358875	0.00208217674455542		26G4B12	10.1	2	0.017	2023-05-12
E3	0.147384853164902	0.00584830031361357	0.15141967942612	21.0435456308663	4.57765584491374	3.97880867777064	3.9655	0.00324574607815499		26G4B12	3.8	2	0.147	2023-05-12
E4	0.185604437000353	0.004061635292406	0.244760226226857	15.5250133269768	2.83194369953514	6.04804733028593	6.01075	0.00867019877228704		26G4B12	4.1	2	0.195	2023-05-12
E5	0.21681341781635	0.00930065829829658	0.224887912359109	13.8073568047445	3.08218958186203	7.41487787662614	7.3645	0.0102335741227717		26G4B12	4.4	2	0.227	2023-05-12
E6	0.208957235321091	0.00911475730025816	0.225564978240234	13.6884488409881	3.07293794439011	7.17044929745259	7.115375	0.0110528915762413		26G4B12	4.7	2	0.222	2023-05-12
E7	0.235671728329273	0.0137730163337585	0.197253315443109	14.0910670088395	3.51399508293619	7.96792738774072	7.8995	0.0121641421746567		26G4B12	5	2	0.245	2023-05-12
E8	0.219053122737276	0.0128599262040654	0.199816289851506	13.8862431997503	3.46892228393921	7.45130292442713	7.378125	0.0130109907672839		26G4B12	5.3	2	0.231	2023-05-12
E9	0.230113493716379	0.0144723398890155	0.185097147755933	14.594371119382	3.74477504901331	7.65475998587883	7.593	0.0111577036395027		26G4B12	5.6	2	0.243	2023-05-12
F1	0	0.00674975920562427	0	-199.136722334396	62.8124817368419	0.316526762375251	0.308	0.000612959533443186	questionable fit (k < n0)	26G4B12	3.2	3	0.00900000000000001	2023-05-12
F10	0.202665553961822	0.0120207123293522	0.19544518131766	14.1409525740355	3.54650432354923	6.84046777089031	6.7755	0.0113251832612412		26G4B12	5.9	3	0.22	2023-05-12
F11	0.1865202270508	0.0133519158538194	0.193956397525123	13.2122691859208	3.57372682419595	6.45552521519757	6.41275	0.0105342453388652		26G4B12	6.2	3	0.211	2023-05-12
F12	0.145041235427178	0.0178866190855942	0.160363398406282	12.2306643584655	4.3223527778069	5.10078016408658	5.07	0.0109142886225134		26G4B12	6.5	3	0.171	2023-05-12
F13	0.15753164451799	0.00911155930657353	0.166119356340858	16.7981797379261	4.17258527740552	4.89536932324072	4.860375	0.00754746188907742		26G4B12	6.8	3	0.175	2023-05-12
F14	0	0.00800027148138774	0	16.1757927030314	6.32520430920498	1.70020166680807	1.692625	0.00276447828828423		26G4B12	7.1	3	0.056	2023-05-12
F15	0	0.00603251681095687	0	2.62432513609702	1.85281992898466	0.989956298964209	0.988875	0.00144080664761806		26G4B12	7.4	3	0.024	2023-05-12
F16	0	0.00715422312442905	0	2.49432786748413	1.83518276480799	1.14360101427782	1.142	0.00112441747414695		26G4B12	7.7	3	0.028	2023-05-12
F17	0	0.00349854205322066	0	4.65214056427149	1.89327177831274	0.978619983094055	0.978	0.00534601404081171		26G4B12	8	3	0.034	2023-05-12
F18	0	0.00560589770685866	0	5.30704731329439	2.3225221611182	1.39176726979318	1.39275	0.00200407785667256		26G4B12	8.3	3	0.037	2023-05-12
F19	0	0.0031308972310365	0	5.95455258783711	2.83171408382377	0.686230303433496	0.68675	0.00261024605047983		26G4B12	8.6	3	0.028	2023-05-12
F2	0	0.00606539171361244	0	-1339.22931613754	204.920851096571	0.292104292515289	0.2905	0.000233157526660525	questionable fit (k < n0)	26G4B12	3.5	3	0.00700000000000001	2023-05-12
F20	0	0.00445403268417718	0	6.90249067519173	2.83240285547202	1.16019705494699	1.159875	0.00179464734074851		26G4B12	8.9	3	0.032	2023-05-12
F21	0	0.00382687035983249	0	2.20120468492149	2.16556971338211	0.517611960041851	0.5175	0.00430047667561476		26G4B12	9.2	3	0.028	2023-05-12
F22	0	0.00363368470358497	0	9.65286066315345	5.33320398392015	0.600411982371756	0.602	0.00662766042636474		26G4B12	9.5	3	0.031	2023-05-12
F23	0	0.0033555998703669	0	3.88248858682981	14.6392737590702	0.251011106945992	0.250375	0.00191356172559032		26G4B12	9.8	3	0.014	2023-05-12
F24	0.01	0.00117217061507418	0.0340556771024315	341.548885101978	20.3533519088497	0.143276906046566	0.1435	0.00192774705354507		26G4B12	10.1	3	0.01	2023-05-12
F3	0.163043920654672	0.0040144376208025	0.177841707960234	20.6880173782958	3.89755130284138	4.46961171504024	4.475	0.00372996372732186		26G4B12	3.8	3	0.164	2023-05-12
F4	0.182784726228319	0.00393594338066705	0.273519765163129	13.9528858686891	2.53417583971142	6.24530856076665	6.20825	0.00896359604988218		26G4B12	4.1	3	0.192	2023-05-12
F5	0.20847820351192	0.00917588289439939	0.241354868874234	12.7540176329014	2.87190054956435	7.3509428754456	7.3105	0.00906742712638981		26G4B12	4.4	3	0.22	2023-05-12
F6	0.21558507027177	0.00989062958865031	0.230826025620043	13.1475814266783	3.00289873595501	7.51314137046887	7.460875	0.0103700761063386		26G4B12	4.7	3	0.227	2023-05-12
F7	0.223582556899465	0.0128930585283641	0.212185743681682	13.1662776278548	3.26670005502252	7.770904281709	7.70925	0.0117248996694465		26G4B12	5	3	0.235	2023-05-12
F8	0.226909189923965	0.01219518139528	0.210223677129846	13.6438772396477	3.29718892763833	7.78216647555203	7.7225	0.0109809213563788		26G4B12	5.3	3	0.24	2023-05-12
F9	0.230503491803448	0.0150898449006689	0.202462135705268	13.1310386265948	3.42358919679178	8.00730966657826	7.95925	0.010928508053019		26G4B12	5.6	3	0.246	2023-05-12
G1	0	0	0	0	0	0	0	0	cannot fit data	28G1A01	3.2	1	0.00600000000000001	2023-05-12
G10	0	0.0000316826347354337	0	31.4585465091531	2.83448283233006	1.16813578137614	1.200875	0.00218527601219659		28G1A01	5.9	1	0.068	2023-05-12
G11	0.639528519692226	0.00488506460679896	0.0621490836204648	78.3097764065427	11.1529750751096	1.39430915328975	1.4055	0.00219544362434869		28G1A01	6.2	1	0.081	2023-05-12
G12	0.054	0.00638942543355911	0.0435531120091809	446.932273099675	15.9149862910791	1.05040668701784	1.060375	0.00184546629329174		28G1A01	6.5	1	0.054	2023-05-12
G13	0.033	0.00538871066173188	0.0360912076832352	531.45760077371	19.2054304927546	0.700999603092187	0.703875	0.000937414244249574		28G1A01	6.8	1	0.033	2023-05-12
G14	0	0.00279195015347375	0	11.1825026827394	16.5309717727842	0.217690987159841	0.217125	0.000751486623080657		28G1A01	7.1	1	0.00800000000000001	2023-05-12
G15	0	0.00400245703140288	0	-18.7134753597349	25.502941880838	0.233350116585208	0.232625	0.00129871070917795	questionable fit	28G1A01	7.4	1	0.01	2023-05-12
G16	0	0.00400322259130239	0	-54.9730732231551	15.126108365433	0.202013150716468	0.20125	0.000822978971013189	questionable fit	28G1A01	7.7	1	0.00800000000000001	2023-05-12
G17	0	0.00638810770507006	0	-5.90154011269835	1.82055461732849	0.338593638584175	0.337125	0.000375318717959922	questionable fit	28G1A01	8	1	0.01	2023-05-12
G18	0	0.00605276728062333	0	-321.188999086733	46.9450510050763	0.291013964392886	0.28975	0.000237562460455744	questionable fit (k < n0)	28G1A01	8.3	1	0.00800000000000001	2023-05-12
G19	0	0.00392686270246157	0	-72.1883805910909	34.6568060949471	0.170834271444275	0.165625	0.000371786248840592	questionable fit (k < n0)	28G1A01	8.6	1	0.004	2023-05-12
G2	0	0.00157308546709273	0	-37.1872267094969	25.5270929357748	0.0610686916554112	0.055	0.000423635182459864	questionable fit (k < n0)	28G1A01	3.5	1	0.002	2023-05-12
G20	0	0.00379448217752994	0	-2.3252241060341	2.21152620431294	0.26407154199405	0.263625	0.000906090225555579	questionable fit	28G1A01	8.9	1	0.00800000000000001	2023-05-12
G21	0	0.00543032818613166	0	-39.5669646021587	20.5575439057	0.222748432616188	0.22075	0.00101654073572882	questionable fit (k < n0)	28G1A01	9.2	1	0.00800000000000001	2023-05-12
G22	0	0.00388321008817419	0	-6.49743466002251	3.7575710036083	0.236403154695422	0.235375	0.00120414520037234	questionable fit	28G1A01	9.5	1	0.00700000000000001	2023-05-12
G23	0	0	0	0	0	0	0	0	cannot fit data	28G1A01	9.8	1	0.003	2023-05-12
G24	0	0.0038196535391873	0	-6.15000594297261	14.0435500739305	0.0739168445925137	0.0670000000000001	0.00098397879502858	questionable fit (k < n0)	28G1A01	10.1	1	0.00600000000000001	2023-05-12
G3	0	0.00448809849582843	0	103.285457499069	35.9745056069361	0.327379952904532	0.326375	0.000312246308367562		28G1A01	3.8	1	0.01	2023-05-12
G4	0.021	0.00234377558311884	0.0422458275573594	452.294108315104	16.4074707642742	0.369588880635504	0.374625	0.00103793950429628		28G1A01	4.1	1	0.021	2023-05-12
G5	0.054	0.00360172838611182	0.0539446530913356	367.156458779787	12.8492286230176	0.832273155216716	0.86375	0.00339771056330326		28G1A01	4.4	1	0.054	2023-05-12
G6	0.062	0.00282940259928	0.064408129733619	310.66112381116	10.7617964289086	0.935563585286386	0.9725	0.00311378144282789		28G1A01	4.7	1	0.062	2023-05-12
G7	0.308800727022342	0.00246260684263314	0.0773180451792871	62.3847766411221	8.96488237581094	1.11884616539602	1.14675	0.00348980346144766		28G1A01	5	1	0.069	2023-05-12
G8	0.109646619095872	0.000297952206429399	0.159782642538336	36.9587312392471	4.33806306835638	1.33602500850393	1.403625	0.00331471885077526		28G1A01	5.3	1	0.092	2023-05-12
G9	0.0978316753557974	0.000725427395789542	0.153120252717846	31.9800935429546	4.52681580820798	1.63324563242997	1.699	0.00407212866438342		28G1A01	5.6	1	0.089	2023-05-12
H1	0	0.00401300914102232	0	-12951.4603418725	1566.26399362766	0.193419264311767	0.192375	0.000102082059027878	questionable fit (k < n0)	28G1A01	3.2	2	0.005	2023-05-12
H10	0	0.0000744562827906473	0	31.8245049335394	3.18707906710369	1.24659953456276	1.296125	0.00292305559317566		28G1A01	5.9	2	0.074	2023-05-12
H11	0.074	0.00506203536724953	0.0566263958756158	310.996498688025	12.2407080627645	1.28041338263193	1.290375	0.00206080109707026		28G1A01	6.2	2	0.074	2023-05-12
H12	0.049	0.00438619617342062	0.0503168548440364	389.200885938615	13.7756460078525	0.898315514957225	0.906	0.00125229812383827		28G1A01	6.5	2	0.049	2023-05-12
H13	0.110140809630794	0.0033178658748713	0.052263615499854	66.4295979518306	13.2625187509632	0.622951693035876	0.622875	0.000468956725491596		28G1A01	6.8	2	0.031	2023-05-12
H14	0.011	0.00315214978613915	0.0207605342120948	795.114299998159	33.3877333539966	0.261162338746606	0.260875	0.000673882114071761		28G1A01	7.1	2	0.011	2023-05-12
H15	0	0.00647291426008717	0	-23.7512918527677	12.6001476245299	0.363465504072504	0.36225	0.000971401049728744	questionable fit	28G1A01	7.4	2	0.01	2023-05-12
H16	0	0.00227406772330577	0	-4.46225526062235	5.36284405603506	0.158960788902861	0.1585	0.000615784134209291	questionable fit	28G1A01	7.7	2	0.005	2023-05-12
H17	0	0.00435668682295874	0	-30.6943804620195	44.5248073731247	0.237890191936734	0.236875	0.000490186194500214	questionable fit	28G1A01	8	2	0.00600000000000001	2023-05-12
H18	0	0.00538308920156458	0	-5.04185928186473	1.666490593005	0.289646190625107	0.2885	0.000230442961321516	questionable fit	28G1A01	8.3	2	0.00700000000000001	2023-05-12
H19	0	0.00600000000000001	0	-27.9959556325733	10.8303140276747	0.254644507646963	0.252125	0.000272151970786363	questionable fit (k < n0)	28G1A01	8.6	2	0.00600000000000001	2023-05-12
H2	0	0.001	0	-7.84098461110561	102098.642144248	0.0154218460447132	0.013375	0.000311403830015999	questionable fit (k < n0)	28G1A01	3.5	2	0.001	2023-05-12
H20	0	0.00535327860823882	0	-16.7493504947934	8.44236676909813	0.206760370636883	0.198	0.000603786871576681	questionable fit (k < n0)	28G1A01	8.9	2	0.00600000000000001	2023-05-12
H21	0	0.00421453297562803	0	-1.55249511746456	3.68606439528396	0.333012240984965	0.332	0.000786271473907991	questionable fit	28G1A01	9.2	2	0.00900000000000001	2023-05-12
H22	0	0.0027606095624613	0	-33.8002792165008	14.0255971470122	0.147798820312876	0.147375	0.00193710393349996	questionable fit	28G1A01	9.5	2	0.00800000000000001	2023-05-12
H23	0	0	0	0	0	0	0	0	cannot fit data	28G1A01	9.8	2	0.00600000000000001	2023-05-12
H24	0	0.00429033539995975	0	-6.77351909586928	3.90777471301969	0.150648916714353	0.1365	0.000754086404538484	questionable fit (k < n0)	28G1A01	10.1	2	0.005	2023-05-12
H3	0	0.00467557323523298	0	126.950800128427	41.4191018185847	0.325437809247909	0.3245	0.00028176729787715		28G1A01	3.8	2	0.00900000000000001	2023-05-12
H4	0.025	0.00273481788576455	0.0420076341467889	438.97645985788	16.5005050781449	0.428003549385656	0.434375	0.00132663082147842		28G1A01	4.1	2	0.025	2023-05-12
H5	0.054	0.00559338912332929	0.0438065081331478	421.944279616769	15.8229270055755	0.927024588555524	0.95	0.00375209325698905		28G1A01	4.4	2	0.054	2023-05-12
H6	0.063	0.00225338538751088	0.0685375720107442	303.062112816601	10.1133897835086	0.861652227150962	0.901	0.00285911134370614		28G1A01	4.7	2	0.063	2023-05-12
H7	0.071	0.00250743760846579	0.0716095466738362	255.333750199183	9.67953593837229	1.06970584921842	1.09675	0.00328462091573647		28G1A01	5	2	0.071	2023-05-12
H8	0.0878158859050804	0.000339754820827369	0.158665920857795	34.9848094363688	4.36859520187188	1.22246584486163	1.281375	0.00307469030157873		28G1A01	5.3	2	0.076	2023-05-12
H9	0.0935686331635941	0.000563137013546083	0.159595491508054	31.998967255744	4.34315013544707	1.55493657221291	1.63025	0.00434374504337809		28G1A01	5.6	2	0.083	2023-05-12
I1	0	0	0	0	0	0	0	0	cannot fit data	28G1A01	3.2	3	0.005	2023-05-12
I10	0	0.000291694679129816	0	32.2667088353561	3.99509481227532	1.28544311116451	1.341875	0.00328240425791504		28G1A01	5.9	3	0.071	2023-05-12
I11	0.378590449610148	0.00351443411717788	0.0673221134786759	69.3717108782066	10.2959806925773	1.15917782270923	1.170125	0.00180628478990019		28G1A01	6.2	3	0.07	2023-05-12
I12	0.051	0.00627263357875114	0.0431575539744082	465.928684471773	16.0608541663638	1.01826000692655	1.027625	0.00176588715204173		28G1A01	6.5	3	0.051	2023-05-12
I13	0.026	0.00315007150092852	0.0436381869755905	447.777009834945	15.8839591788647	0.519275201962453	0.5215	0.000584286562946946		28G1A01	6.8	3	0.026	2023-05-12
I14	0.089	0.000258038672094051	0.121493420223196	183.205372108635	5.70522403012904	0.739764213430206	0.795	0.00225063438187992		28G1A01	7.1	3	0.089	2023-05-12
I15	0.00800000000000001	0.00611499584707433	0.00340347084680926	3616.80497732215	203.658915195283	0.320294591186156	0.319125	0.000654942177165798		28G1A01	7.4	3	0.00800000000000001	2023-05-12
I16	0	0.0042127607365544	0	-36.5780775334313	15.5764584825911	0.225196455678257	0.223875	0.000980396353848196	questionable fit	28G1A01	7.7	3	0.00800000000000001	2023-05-12
I17	0	0.0042502311645503	0	-29.2102548854146	47.73481366639	0.231403169471158	0.230625	0.000413438088712944	questionable fit	28G1A01	8	3	0.00600000000000001	2023-05-12
I18	0	0.00347359377846752	0	-1.21786562497902	1.43875877072381	0.255577770959758	0.254875	0.000724340585756015	questionable fit	28G1A01	8.3	3	0.00800000000000001	2023-05-12
I19	0	0.00324156939768389	0	-267.742361802337	71.4707136535454	0.153763009115225	0.15075	0.000337678657669363	questionable fit (k < n0)	28G1A01	8.6	3	0.004	2023-05-12
I2	0	0.002	0	-1.17955224526606	1.17955224526606	0.0493792746788251	0.03525	0.000582324159974109	questionable fit (k < n0)	28G1A01	3.5	3	0.002	2023-05-12
I20	0	0.000739949497820213	0	0.615445447454466	0.217504327912298	0.285257854762598	0.268875	0.00190807114702793		28G1A01	8.9	3	0.00800000000000001	2023-05-12
I21	0	0.00515874917905046	0	-1.16416757514287	1.35290435082846	0.37874690069784	0.366625	0.000916109431480658	questionable fit	28G1A01	9.2	3	0.01	2023-05-12
I22	0	0.00410332104281503	0	-15.0694038167657	15.6301679710753	0.12599732973599	0.124	0.00072913883152139	questionable fit (k < n0)	28G1A01	9.5	3	0.00700000000000001	2023-05-12
I23	0	0	0	0	0	0	0	0	cannot fit data	28G1A01	9.8	3	0.004	2023-05-12
I24	0	0	0	0	0	0	0	0	cannot fit data	28G1A01	10.1	3	0.004	2023-05-12
I3	0	0.00535987858248325	0	48.9017001375379	34.5218861570891	0.360429110255953	0.35925	0.000316117925278261		28G1A01	3.8	3	0.01	2023-05-12
I4	0.025	0.00405181917133171	0.0333216835676779	565.714580279044	20.8016854596237	0.484359775575617	0.487875	0.00134656276661135		28G1A01	4.1	3	0.025	2023-05-12
I5	0.051	0.00495082289511922	0.0450860806732792	418.566084647146	15.3738619593685	0.85494471718919	0.87725	0.00343395033915189		28G1A01	4.4	3	0.051	2023-05-12
I6	0.064	0.00321116654473574	0.0620035986174012	328.357060494017	11.1791443725238	0.976603699282975	1.016125	0.00339352513518505		28G1A01	4.7	3	0.064	2023-05-12
I7	0.066	0.00274321366569357	0.068132453195638	283.24536353048	10.1735244813454	1.03400743290524	1.058125	0.00300255095756442		28G1A01	5	3	0.066	2023-05-12
I8	0.0910714729506666	0.000638828060331023	0.139503701701891	35.5024647719738	4.96866514726002	1.25431940220933	1.308875	0.00332508284003309		28G1A01	5.3	3	0.075	2023-05-12
I9	0.0905699787642349	0.000522850212987349	0.159131941535697	32.3554994034103	4.35580169430947	1.47570432024912	1.542	0.0038251331713823		28G1A01	5.6	3	0.082	2023-05-12
J1	0	0.014239915456407	0	-19.9135481499741	8.77309470445654	0.788673973739243	0.78575	0.000264454659636248	questionable fit	26G3B03	3.2	1	0.017	2023-05-12
J10	0.18385622664385	0.000969106239692604	0.349832583369161	14.9793084402825	1.98136827017197	6.10500711322781	6.151875	0.00469723014552835		26G3B03	5.9	1	0.187	2023-05-12
J11	0.172430144209487	0.00162234692364347	0.310372943294291	15.0034505691134	2.23327192506826	5.71880469882324	5.798625	0.00693999245950087		26G3B03	6.2	1	0.176	2023-05-12
J12	0.149740687757839	0.00349553007821474	0.247418123049449	15.091050315513	2.80152145694442	4.94358734935902	4.984125	0.00750072049215871		26G3B03	6.5	1	0.159	2023-05-12
J13	0.176935215526506	0.00095507792209463	0.37339732451915	13.9699273123617	1.85632605014661	6.05389273834239	6.10825	0.0102028251683585		26G3B03	6.8	1	0.194	2023-05-12
J14	0.192606136697117	0.00132759474520521	0.310677620134391	15.9984547829546	2.23108178909092	6.19790172694268	6.208875	0.00342186100402942		26G3B03	7.1	1	0.196	2023-05-12
J15	0.217158696627396	0.00403635897669503	0.224808447746831	17.6440136193121	3.08327906494215	6.61831767615704	6.6185	0.00576752675189922		26G3B03	7.4	1	0.221	2023-05-12
J16	0.128756598459807	0.00242616764148971	0.215439580016734	18.346619644545	3.21736229018877	3.83337643154984	3.844625	0.0065605336382432		26G3B03	7.7	1	0.144	2023-05-12
J17	0.104958056050206	0.00131758681624528	0.198328505788897	22.0095743267559	3.49494480283	2.74510965213742	2.787	0.00379730891110197		26G3B03	8	1	0.107	2023-05-12
J18	0.134908960827301	0.000245674121295994	0.196718279441374	32.0586721254474	3.52355247579582	2.20439523155367	2.309625	0.00555062723574192		26G3B03	8.3	1	0.131	2023-05-12
J19	0.05	0.00273755704692571	0.059936685816618	334.438666153656	11.5646564556588	0.775277354142247	0.8105	0.00323929238793132		26G3B03	8.6	1	0.05	2023-05-12
J2	0	0.00956359664571893	0	-55.8096126473462	57.3597602567241	0.503059030389276	0.500875	0.000357808991013383	questionable fit	26G3B03	3.5	1	0.012	2023-05-12
J20	0	0.00889580322929206	0	-14.0613347279537	8.68433225640851	0.318278934337881	0.295875	0.00126840309368096	questionable fit (k < n0)	26G3B03	8.9	1	0.011	2023-05-12
J21	0	0.00583124090372529	0	-95.3408568928553	33.9235244666419	0.265244241716562	0.245375	0.00135849115485421	questionable fit (k < n0)	26G3B03	9.2	1	0.012	2023-05-12
J22	0	0.00895437702063794	0	-10.7522070706195	9.11866532938794	0.278578473890637	0.26575	0.000856402689812053	questionable fit (k < n0)	26G3B03	9.5	1	0.013	2023-05-12
J23	0	0.0104899953986364	0	-24.0365530952956	11.585002864088	0.420043657501983	0.387375	0.00122654414144163	questionable fit (k < n0)	26G3B03	9.8	1	0.014	2023-05-12
J24	0	0	0	0	0	0	0	0	cannot fit data	26G3B03	10.1	1	0.01	2023-05-12
J3	0	0.0146307256551639	0	-31.4457368455253	9.68204371938857	0.757577687919475	0.754625	0.000231680906466149	questionable fit	26G3B03	3.8	1	0.017	2023-05-12
J4	0	0.0137678029671661	0	113.484223375494	53.9446392245283	0.851775541558029	0.849	0.000300513595626673		26G3B03	4.1	1	0.022	2023-05-12
J5	0.255267874297969	0.0157883199682155	0.0560096158514113	48.5487639861213	12.3755032064281	2.82375635952922	2.8305	0.00366658819822708		26G3B03	4.4	1	0.122	2023-05-12
J6	0.152161760843968	0.00716221701113416	0.0895314235564173	33.5961487652292	7.74194302990353	2.54705291483833	2.561	0.0027693864282747		26G3B03	4.7	1	0.12	2023-05-12
J7	0.163020057246608	0.00429234739845573	0.15051129840579	23.9872786517061	4.60528337674137	3.9461632273591	3.995125	0.00511238785929998		26G3B03	5	1	0.157	2023-05-12
J8	0.149514746014235	0.00130366752568749	0.255355607921672	18.5367223230208	2.71443884158816	4.43022868539599	4.493125	0.00575761075493513		26G3B03	5.3	1	0.152	2023-05-12
J9	0.173280247968693	0.00181860024489657	0.319061205729667	14.2489667266064	2.17245835003593	5.87727608800573	5.932875	0.00557480194295302		26G3B03	5.6	1	0.178	2023-05-12
K1	0	0.0128074380749847	0	-47.9048778655578	25.1588744380996	0.683062672922835	0.680625000000001	0.00028758229256403	questionable fit	26G3B03	3.2	2	0.015	2023-05-12
K10	0.186242160371711	0.000727742769383446	0.379038432264916	14.6184127050775	1.82869894331848	6.25233335760771	6.302125	0.00451490659754707		26G3B03	5.9	2	0.19	2023-05-12
K11	0.173270842170736	0.001451346326599	0.311288841884966	15.3360873051005	2.22670101620955	5.6896477608484	5.76225	0.00592033926104501		26G3B03	6.2	2	0.177	2023-05-12
K12	0.149931657252671	0.00254228486795159	0.261129190081105	15.5479157439218	2.65442243490534	4.88583401196467	4.9325	0.00586551587021773		26G3B03	6.5	2	0.155	2023-05-12
K13	0.187981120891405	0.0008126733986489	0.329090314525945	16.5286996725525	2.10625214406089	5.95109650558916	5.993625	0.0101874714141057		26G3B03	6.8	2	0.202	2023-05-12
K14	0.198030848893891	0.00164612905808772	0.299851761339439	15.9467100143377	2.31163284638934	6.38162029105613	6.408375	0.00499220468209705		26G3B03	7.1	2	0.204	2023-05-12
K15	0.214672729165861	0.0028471058087607	0.242889659939787	17.7424614672115	2.85375334928534	6.5270843487022	6.533375	0.00662462909320525		26G3B03	7.4	2	0.252	2023-05-12
K16	0.132815267777683	0.00334226651662415	0.203897780864133	17.9345904835174	3.39948369041752	4.00442934851379	4.00925	0.00586527473912586		26G3B03	7.7	2	0.144	2023-05-12
K17	0.114609495222768	0.00206816626928309	0.168115327675885	23.7733121868603	4.12304571000383	2.7982181180962	2.8225	0.00363592351428071		26G3B03	8	2	0.114	2023-05-12
K18	0.125020666952946	0.00130160911530162	0.132290935999872	34.4272418819653	5.23956668173106	1.85360643671286	1.918125	0.00454814949981604		26G3B03	8.3	2	0.105	2023-05-12
K19	0.046	0.00209428103381886	0.0638818590266801	315.415242687927	10.850454121419	0.679886006178918	0.715625	0.00297341670012018		26G3B03	8.6	2	0.046	2023-05-12
K2	0	0.0140569772342849	0	-6297.55372289618	792.475561146518	0.677485087573385	0.674125	0.000320047436236891	questionable fit (k < n0)	26G3B03	3.5	2	0.017	2023-05-12
K20	0	0.0100194854532171	0	-22.8893141081902	17.3703179162865	0.357216576250346	0.33875	0.0021403254178901	questionable fit (k < n0)	26G3B03	8.9	2	0.012	2023-05-12
K21	0	0	0	0	0	0	0	0	cannot fit data	26G3B03	9.2	2	0.011	2023-05-12
K22	0	0.00857892489053909	0	-17.0190404217766	13.4935679176157	0.290071626389477	0.270875	0.00150919373304485	questionable fit (k < n0)	26G3B03	9.5	2	0.012	2023-05-12
K23	0	0.00557841248978947	0	-15.8485378814035	14.2347252323016	0.180028924349267	0.162875	0.000885037684680011	questionable fit (k < n0)	26G3B03	9.8	2	0.00800000000000001	2023-05-12
K24	0	0	0	0	0	0	0	0	cannot fit data	26G3B03	10.1	2	0.011	2023-05-12
K3	0	0.0146389313764256	0	-34.3569071580524	6.5427190357663	0.720466205613774	0.7175	0.000202384420401538	questionable fit	26G3B03	3.8	2	0.015	2023-05-12
K4	0.025	0.0129812319966916	0.0106669049796851	1569.52123105162	64.9810963798808	0.818046247731378	0.815125	0.000652876454262086		26G3B03	4.1	2	0.025	2023-05-12
K5	0.788729958642007	0.0129976200715322	0.0447762109748043	91.3217348645264	15.4802553737738	2.09284987692462	2.09625	0.00260410349399838		26G3B03	4.4	2	0.095	2023-05-12
K6	0.175087733677584	0.0078196284828815	0.0847182182351218	36.154689798695	8.18179601743071	2.650658328384	2.663125	0.00264264574826651		26G3B03	4.7	2	0.128	2023-05-12
K7	0.161164636458417	0.00420513976505978	0.149794485035675	24.1643092378147	4.62732109526505	3.87420574992189	3.922625	0.0049688573149589		26G3B03	5	2	0.153	2023-05-12
K8	0.144126463248965	0.00116180869229745	0.263189358345237	18.2857675201451	2.63364440309442	4.30716879364188	4.35975	0.00524313799998935		26G3B03	5.3	2	0.147	2023-05-12
K9	0.16891119264483	0.00171448918448647	0.311694309736403	14.6940629219165	2.22380440998789	5.65396800867525	5.706375	0.00537923564804422		26G3B03	5.6	2	0.173	2023-05-12
L1	0.013	0.0116842116009943	0.00220865886083544	5914.55786594232	313.831707037708	0.594245284296571	0.591875	0.00028385549277166		26G3B03	3.2	3	0.013	2023-05-12
L10	0.193387206195856	0.00131650879454128	0.356575779697	13.9742529454556	1.94389866061275	6.6150658901043	6.65725	0.004368202301077		26G3B03	5.9	3	0.199	2023-05-12
L11	0.184186961859341	0.00262760993992798	0.278990629119018	15.1815419626216	2.48448194388725	6.07209813058673	6.136125	0.00608935064778303		26G3B03	6.2	3	0.187	2023-05-12
L12	0.154954889543307	0.00193997622928955	0.277682419556428	15.7296946497497	2.49618676496404	5.02442686669796	5.0765	0.00714275835192258		26G3B03	6.5	3	0.173	2023-05-12
L13	0.180539249039298	0.00123927528071921	0.317658190637231	15.660019552939	2.18205354368314	5.87079717672868	5.922125	0.0070357213751117		26G3B03	6.8	3	0.191	2023-05-12
L14	0.192819130184347	0.00210859730101627	0.294856276682683	15.2777273535764	2.35079676226765	6.34083953864717	6.367625	0.00353159406091488		26G3B03	7.1	3	0.196	2023-05-12
L15	0.226395983906862	0.00275403274980399	0.244816905093071	17.9602795282239	2.83128806115915	6.83533336577017	6.84375	0.00454089918787249		26G3B03	7.4	3	0.228	2023-05-12
L16	0.132993018625918	0.00234727135813031	0.219299417177142	18.3276178444613	3.16073425767496	3.96284810871166	3.985625	0.00607412614773765		26G3B03	7.7	3	0.145	2023-05-12
L17	0.113339975473728	0.0016482030626025	0.190534880132549	22.127483435165	3.63790178511014	2.95043842472148	2.990625	0.00443278292926608		26G3B03	8	3	0.116	2023-05-12
L18	0.150658110612357	0.00314528400425148	0.105729203174125	36.3949677765266	6.55587254751557	2.10800429545146	2.154	0.00479321956889843		26G3B03	8.3	3	0.114	2023-05-12
L19	0.046	0.00196493916113785	0.0647446446447693	310.222048779738	10.7058612239359	0.657410596211244	0.689625	0.00279803227270923		26G3B03	8.6	3	0.046	2023-05-12
L2	0	0.00630749517395708	0	-53.72931585491	20.7074488799305	0.327830221656128	0.326125	0.000460474815242256	questionable fit	26G3B03	3.5	3	0.01	2023-05-12
L20	0	0.00897352044799099	0	-27.7508989421445	17.4150376745489	0.342357641339135	0.325625	0.00235337982155446	questionable fit (k < n0)	26G3B03	8.9	3	0.011	2023-05-12
L21	0	0.00658511762333019	0	-55.5194140570455	27.0217522840776	0.280548097748456	0.24675	0.00157354085313911	questionable fit (k < n0)	26G3B03	9.2	3	0.012	2023-05-12
L22	0	0.00567865198606025	0	-18.3708977251978	16.9466762914224	0.186418308360021	0.1725	0.00184213069635505	questionable fit (k < n0)	26G3B03	9.5	3	0.01	2023-05-12
L23	0	0.00853507822275686	0	-5.47863709427828	8.76861591052195	0.183731017872508	0.17825	0.000432992616097981	questionable fit (k < n0)	26G3B03	9.8	3	0.011	2023-05-12
L24	0	0.00656572946053431	0	-59.6120944959854	43.9751395500072	0.267330517952397	0.243125	0.00149130267244965	questionable fit (k < n0)	26G3B03	10.1	3	0.011	2023-05-12
L3	0	0.017	0	-1.90407968351047	0.465834126807138	0.771847446396233	0.74825	0.000660812687912909	questionable fit (k < n0)	26G3B03	3.8	3	0.017	2023-05-12
L4	0.024	0.0122093591512311	0.0113623517799042	1473.47466216796	61.0038479697369	0.783564433387297	0.780875	0.0006400689249619		26G3B03	4.1	3	0.024	2023-05-12
L5	0.096	0.0112253217362528	0.045283580320454	411.95222971589	15.306810452151	1.95084855156902	1.95975	0.00271272187106565		26G3B03	4.4	3	0.096	2023-05-12
L6	0.172307186655282	0.00879515730611498	0.0847064241934415	34.5037029431271	8.18293520426533	2.80796641078265	2.819125	0.00273698065075007		26G3B03	4.7	3	0.131	2023-05-12
L7	0.176378731122804	0.00400040112612045	0.156810656897056	23.9989876396135	4.42028108469049	4.26770014121041	4.308875	0.00389818361518798		26G3B03	5	3	0.17	2023-05-12
L8	0.153514035558012	0.00167222867969581	0.257508448481144	17.5088700421461	2.69174539572709	4.70516734875651	4.767125	0.00593467542140943		26G3B03	5.3	3	0.157	2023-05-12
L9	0.180347986218266	0.00257331891047979	0.301216680382643	14.0607099127034	2.30115802245554	6.14831798123727	6.20075	0.00609826710324271		26G3B03	5.6	3	0.185	2023-05-12
M1	0	0	0	0	0	0	0	0	cannot fit data	23G4B11	3.2	1	0.013	2023-05-12
M10	0	0.00771338600060524	0	24.536779347495	9.06803453300201	1.38031015796955	1.376875	0.00069869127331289		23G4B11	5.9	1	0.052	2023-05-12
M11	0.122	0.0139766629468949	0.0436283923747236	458.580333908124	15.8875251374498	2.30326875168582	2.313	0.00365494082702918		23G4B11	6.2	1	0.122	2023-05-12
M12	0.098	0.00904550030841799	0.0477007957524653	423.966673349766	14.5311450181441	1.70019544264672	1.722375	0.00395678818502052		23G4B11	6.5	1	0.098	2023-05-12
M13	0.164828447087272	0.019207800668127	0.0472092826247938	42.9086894375792	14.6824340896871	2.45070823828618	2.446125	0.00105155926118119		23G4B11	6.8	1	0.093	2023-05-12
M14	0.084	0.0100555576091406	0.0412417371756336	491.454951617403	16.8069346256702	1.53600492863283	1.540375	0.00274651990017893		23G4B11	7.1	1	0.084	2023-05-12
M15	0	0.00677491123989148	0	14.1819310556133	8.38584352307692	0.90140556389472	0.900125	0.000576051797903459		23G4B11	7.4	1	0.028	2023-05-12
M16	0	0.00636321947067016	0	4.58984571780154	9.05792207798648	0.571537485437943	0.570125	0.000696825361635803		23G4B11	7.7	1	0.016	2023-05-12
M17	0	0.00827115116573232	0	13.2647539772328	11.155265397612	0.836188767448905	0.834375	0.000360098091442461		23G4B11	8	1	0.025	2023-05-12
M18	0	0.00616897741248105	0	13.5572757371635	12.2050396522032	0.589560272408908	0.587875	0.000863141432305633		23G4B11	8.3	1	0.018	2023-05-12
M19	0	0.00379933057025183	0	8.35086837964868	9.0764986262015	0.38352767804993	0.382625	0.000551323407437789		23G4B11	8.6	1	0.012	2023-05-12
M2	0	0.00740408560042946	0	-185.815988160114	44.2884182006559	0.350869145474335	0.346125	0.000372680378184996	questionable fit (k < n0)	23G4B11	3.5	1	0.00800000000000001	2023-05-12
M20	0	0.00517454777798602	0	10.6152858495456	12.5738452817027	0.458588860636768	0.457625	0.000671113907872409		23G4B11	8.9	1	0.014	2023-05-12
M21	0	0.005558307682416	0	-12.5734480990161	12.3937595475097	0.345658889862066	0.344625	0.000424129007799351	questionable fit	23G4B11	9.2	1	0.00900000000000001	2023-05-12
M22	0	0.00350547700582458	0	-1.85129029432878	6.45139694597991	0.272183337417686	0.2715	0.000454209731978352	questionable fit	23G4B11	9.5	1	0.00700000000000001	2023-05-12
M23	0	0.00199271599530352	0	-4.44861054884016	4.96460888925014	0.138237653653102	0.13775	0.000342924026864996	questionable fit	23G4B11	9.8	1	0.005	2023-05-12
M24	0	0.00471271502218192	0	-26.6947224272163	20.6193798686445	0.267580000084572	0.266625	0.000576455148573326	questionable fit	23G4B11	10.1	1	0.00700000000000001	2023-05-12
M3	0	0.0128800387478382	0	-5.63644371160537	2.1653418979941	0.715855872208568	0.709125	0.000333064974549548	questionable fit	23G4B11	3.8	1	0.015	2023-05-12
M4	0	0.00941349555393022	0	-2.8589650203821	1.11292320202735	0.527446119026733	0.5235	0.000769392863372937	questionable fit	23G4B11	4.1	1	0.012	2023-05-12
M5	0	0.0148709715120507	0	-0.999623336642328	0.495289343478632	0.89079386370198	0.888	0.00161023557105563	questionable fit	23G4B11	4.4	1	0.021	2023-05-12
M6	0	0.00729425065963385	0	-2.28835877545892	1.22990824073512	0.444378280575701	0.443	0.000662457414045538	questionable fit	23G4B11	4.7	1	0.01	2023-05-12
M7	0	0.0120726971093386	0	-3.43089219885114	3.39647901010074	0.835128548796304	0.832625	0.000210398081013778	questionable fit	23G4B11	5	1	0.018	2023-05-12
M8	0	0.00765844946775724	0	3.87420661640787	7.65719327428426	0.716049499218937	0.71425	0.000492144950899996		23G4B11	5.3	1	0.019	2023-05-12
M9	0	0.0139815357117002	0	24.2776415306107	11.6645232468926	1.75493129365769	1.751625	0.000493634769536583		23G4B11	5.6	1	0.06	2023-05-12
N1	0	0.0127797871345446	0	-199.20610555025	42.2801557673914	0.623074696802044	0.6205	0.000250178770538547	questionable fit	23G4B11	3.2	2	0.013	2023-05-12
N10	0	0.00547373428498968	0	25.9991161182236	9.1005715177893	1.02549570529327	1.023125	0.000538258820369043		23G4B11	5.9	2	0.039	2023-05-12
N11	0	0.0116646671923469	0	11.9936313122134	8.22900290889798	1.44509579178031	1.44275	0.000394980911875616		23G4B11	6.2	2	0.042	2023-05-12
N12	0	0.00682134055316829	0	10.0739587980189	7.21711182565579	0.867886248680456	0.866625	0.00034311403634152		23G4B11	6.5	2	0.024	2023-05-12
N13	0	0.0122551720885205	0	24.6935891385623	12.0072781639676	1.50138384776841	1.498375	0.000482517554769723		23G4B11	6.8	2	0.051	2023-05-12
N14	0	0.00857271023627879	0	15.4437358542205	9.21217005019302	1.08726003856705	1.08475	0.000732848349613603		23G4B11	7.1	2	0.034	2023-05-12
N15	0	0.00784745421201345	0	16.7891334964609	9.32529214582774	1.02935104597576	1.027625	0.000592120023992962		23G4B11	7.4	2	0.033	2023-05-12
N16	0	0.00621250143088494	0	4.39849159184551	6.44549477408712	0.637275517428116	0.635625	0.000782538200983922		23G4B11	7.7	2	0.018	2023-05-12
N17	0	0.00160613344548186	0	18.4192101260382	7.23117601481901	0.315711620710373	0.31525	0.000310615109117225		23G4B11	8	2	0.011	2023-05-12
N18	0	0.00962090267090582	0	-0.320249094994081	8.92068929302826	0.755110419500198	0.753125	0.000492848913853283	questionable fit	23G4B11	8.3	2	0.02	2023-05-12
N19	0	0.00365841962262864	0	15.1621847585	12.7301918029565	0.35047324085272	0.34975	0.000289307552312247		23G4B11	8.6	2	0.01	2023-05-12
N2	0	0	0	0	0	0	0	0	cannot fit data	23G4B11	3.5	2	0.004	2023-05-12
N20	0	0.00496501842662199	0	2.63245153459871	7.02105297435767	0.454879562937016	0.453875	0.00071689757829718		23G4B11	8.9	2	0.012	2023-05-12
N21	0	0.00220025846244936	0	0.857887282195481	4.79086551716594	0.201602965620274	0.201125	0.000522145827978581		23G4B11	9.2	2	0.00600000000000001	2023-05-12
N22	0	0.00478017011888811	0	-2.95332527204393	5.25193963136596	0.355090330779586	0.354125	0.000484324781712896	questionable fit	23G4B11	9.5	2	0.00900000000000001	2023-05-12
N23	0	0.0030715721681513	0	-7.3814328990861	4.411100621238	0.187467216574601	0.186875	0.00026280257461976	questionable fit	23G4B11	9.8	2	0.005	2023-05-12
N24	0.00800000000000001	0.0046286307340538	0.00646911668191995	1777.35423070213	107.147113685114	0.261795869404564	0.26075	0.000630966979886147		23G4B11	10.1	2	0.00800000000000001	2023-05-12
N3	0	0.0140094632707253	0	-3.6071486681262	1.28132430282962	0.767266088167341	0.763	0.000409178239650977	questionable fit	23G4B11	3.8	2	0.017	2023-05-12
N4	0	0	0	0	0	0	0	0	cannot fit data	23G4B11	4.1	2	0.00700000000000001	2023-05-12
N5	0	0.0121158581281342	0	-1.07729604778891	0.543912146291859	0.729257071398549	0.727	0.00133919125783989	questionable fit	23G4B11	4.4	2	0.017	2023-05-12
N6	0	0.00638510146886962	0	-2.44549196720132	1.26550244750438	0.384966335798679	0.38375	0.000696058720985246	questionable fit	23G4B11	4.7	2	0.00900000000000001	2023-05-12
N7	0	0.0124154335608541	0	-2.81975674046788	3.08178795403776	0.879851379137881	0.87325	0.000395008940635539	questionable fit	23G4B11	5	2	0.019	2023-05-12
N8	0	0.00321497714354127	0	7.24334235042505	6.5435815918208	0.380020437511426	0.379	0.000385501519144014		23G4B11	5.3	2	0.011	2023-05-12
N9	0	0.0148082233012924	0	26.0821823776649	12.7454373687737	1.74445042788024	1.741125	0.000470917311377313		23G4B11	5.6	2	0.059	2023-05-12
O1	0	0.0161509968356211	0	-86.5270076736054	12.5165771963114	0.782672375734132	0.779375	0.000428052452028344	questionable fit	23G4B11	3.2	3	0.017	2023-05-12
O10	0	0.00799192403433308	0	25.688864507851	8.71203358158258	1.59726503958585	1.59275	0.00091037467292712		23G4B11	5.9	3	0.062	2023-05-12
O11	0	0.0140878325517335	0	21.0654917809351	10.0245848005125	1.95044155845488	1.94625	0.000866738652250647		23G4B11	6.2	3	0.067	2023-05-12
O12	0	0.0153552766981394	0	17.6894493834434	9.80544160609943	1.96557059799182	1.96175	0.000652979561258166		23G4B11	6.5	3	0.063	2023-05-12
O13	0	0.0102004967979609	0	14.0100684647149	8.45869839057592	1.33607897959945	1.3335	0.000538763127285095		23G4B11	6.8	3	0.04	2023-05-12
O14	0	0.010264789234681	0	28.1343326976119	10.4838472203875	1.63375160199848	1.629375	0.00104981418794039		23G4B11	7.1	3	0.062	2023-05-12
O15	0	0.00936788624407182	0	12.3758017030548	8.93154610409981	1.09737692483432	1.0955	0.000567513045171768		23G4B11	7.4	3	0.032	2023-05-12
O16	0	0.00551299340476	0	16.6135811511374	7.88921916226141	0.874300794586711	0.8725	0.000499588420814467		23G4B11	7.7	3	0.029	2023-05-12
O17	0	0.00866741379642493	0	19.320050389485	14.6172749946645	0.805654249940432	0.803875	0.000739668101329888		23G4B11	8	3	0.024	2023-05-12
O18	0	0.00979053929197923	0	4.93118183233287	18.1532117513482	0.692733109687543	0.69075	0.000331663312000353		23G4B11	8.3	3	0.018	2023-05-12
O19	0	0.00478120034121342	0	12.1096163105246	11.4876769259264	0.461193186792203	0.46025	0.000366087552651237		23G4B11	8.6	3	0.013	2023-05-12
O2	0	0.00936705674141366	0	-242.973060906948	51.9892969982705	0.446725046734016	0.440875	0.000366600776856281	questionable fit (k < n0)	23G4B11	3.5	3	0.01	2023-05-12
O20	0	0.006839817999169	0	-1.28090636263393	8.26763883855105	0.528963415762009	0.527625	0.000865119949732001	questionable fit	23G4B11	8.9	3	0.015	2023-05-12
O21	0	0.00373249062461814	0	1.20591576473899	5.27434572321401	0.342998289968292	0.34225	0.000423094795680566		23G4B11	9.2	3	0.00900000000000001	2023-05-12
O22	0	0.00360446345106639	0	-5.26302382084141	11.9276358830164	0.246962926956104	0.246375	0.000778172926748913	questionable fit	23G4B11	9.5	3	0.00700000000000001	2023-05-12
O23	0	0.00544050838020091	0	-9.28278201793034	7.90725257271279	0.346170885373514	0.345	0.000811140687978535	questionable fit	23G4B11	9.8	3	0.00900000000000001	2023-05-12
O24	0	0.00273012018257275	0	6.67858512161452	24.639577663788	0.178864286582316	0.178125	0.000649975698783832		23G4B11	10.1	3	0.005	2023-05-12
O3	0	0.0134447177999806	0	-4.3540729918279	1.94151087582437	0.776217690463282	0.773625	0.000481602305608905	questionable fit	23G4B11	3.8	3	0.017	2023-05-12
O4	0	0.0074448858906932	0	-3.01973656510615	1.34183740848992	0.430928156451174	0.4295	0.000700999723674597	questionable fit	23G4B11	4.1	3	0.01	2023-05-12
O5	0	0.0121150779800057	0	-0.831961140721671	0.510030722604021	0.769152927734986	0.766875	0.00139365877822378	questionable fit	23G4B11	4.4	3	0.018	2023-05-12
O6	0	0.0104024077893503	0	-1.79686742634207	1.17303243688451	0.667758936351353	0.654625000000001	0.00102365628522742	questionable fit	23G4B11	4.7	3	0.015	2023-05-12
O7	0	0.0123729937757253	0	-3.93976620256385	3.46580016874555	0.833860036147246	0.824375	0.000459856167122495	questionable fit	23G4B11	5	3	0.018	2023-05-12
O8	0	0.00990436026805171	0	-0.213708910470418	7.98892120287144	0.794660634158337	0.792625	0.000396380138036729	questionable fit	23G4B11	5.3	3	0.02	2023-05-12
O9	0.366802553867288	0.0482857614294338	0.0385123576755315	48.9852761092908	17.9980458843819	5.11440906717496	5.106125	0.0020970613136891		23G4B11	5.6	3	0.18	2023-05-12
