sample	k	n0	r	t_mid	t_gen	auc_l	auc_e	sigma	note	strain	pH	replicate	max.OD	date
A1	0	0	0	0	0	0	0	0	cannot fit data	23G1A07	3.2	1	0.0172	2025-10-24
A10	0.156002697366964	0.0228238253488203	0.0789073727682775	22.3539081756689	8.78431452274388	3.96109849083619	3.9379875	0.00791708106959607		23G1A07	5.9	1	0.1455	2025-10-24
A11	0.10454886944254	0.00883613588364649	0.222871317810002	10.6900327337276	3.1100779919597	3.88028238886707	3.9008	0.00604048474573648		23G1A07	6.2	1	0.1093	2025-10-24
A12	0.104482258636788	0.0114597010268165	0.153199235531083	13.6685107395772	4.52448198032496	3.53209647367808	3.5403	0.00282511074188465		23G1A07	6.5	1	0.1024	2025-10-24
A13	0	0.0100072761630257	0	13.5670694009127	4.74978843980393	2.78692885202472	2.7818875	0.0029397853014822		23G1A07	6.8	1	0.0851	2025-10-24
A14	0	0.00607488453361903	0	11.5087190846147	3.82007678094803	1.98671660014205	1.9886625	0.0043643399590693		23G1A07	7.1	1	0.0679	2025-10-24
A15	0	0.0126443697784989	0	13.946269330458	7.48421877564924	1.88130870423665	1.879	0.00153678497179824		23G1A07	7.4	1	0.0612	2025-10-24
A16	0	0.0116434427878043	0	7.67771149488384	6.37701724858574	1.43545822409769	1.4343625	0.00182412027821781		23G1A07	7.7	1	0.0421	2025-10-24
A17	0	0.0272880510405757	0	-3.30808660627923	6.765155014438	2.00939736969115	2.0044375	0.00201949544227392	questionable fit	23G1A07	8	1	0.0501	2025-10-24
A18	0	0.0110289114592692	0	2.50451117232277	6.851890575682	1.0123744618864	1.0099375	0.00291740217278624		23G1A07	8.3	1	0.0291	2025-10-24
A19	0	0.0127177573261868	0	5.73334733012981	10.8641057105908	1.09361951854134	1.09245	0.00264854478315517		23G1A07	8.6	1	0.0327	2025-10-24
A2	0	0	0	0	0	0	0	0	cannot fit data	23G1A07	3.5	1	0.0152	2025-10-24
A20	0	0.00448699835499149	0	7.44166741684829	3.56600494025605	0.934223361546089	0.9360625	0.00217137148923369		23G1A07	8.9	1	0.0277	2025-10-24
A21	0	0.0108425542354195	0	-3.35582181462449	6.86408276424119	0.797081320323526	0.794724999999999	0.00238842975583869	questionable fit	23G1A07	9.2	1	0.0271	2025-10-24
A22	0	0.00745277841631314	0	20.665456659437	16.4116629961001	0.650223488884103	0.648787499999999	0.00314193132666125		23G1A07	9.5	1	0.0253	2025-10-24
A23	0	0.00972927647662903	0	3.2759454917779	19.5973170653183	0.664416332404679	0.662625	0.00110768322551868		23G1A07	9.8	1	0.0187	2025-10-24
A24	0	0.00849585096844449	0	1660.10678835516	86.9101525092193	0.49934018186351	0.4975625	0.00188582160656649		23G1A07	10.1	1	0.0157	2025-10-24
A3	0.107401416982529	0.0109942710325318	0.163223578895319	13.3020365058347	4.2466118268641	3.67920776494832	3.68195	0.00229193661127455		23G1A07	3.8	1	0.1066	2025-10-24
A4	0.116573571009104	0.0186899354172309	0.115192058979264	14.3742045235168	6.01731739758832	3.78667436088345	3.771475	0.00434482349286746		23G1A07	4.1	1	0.1208	2025-10-24
A5	0.114004249649179	0.0203091380985204	0.123995742084306	12.3308676048215	5.59008857004676	3.91952194107932	3.907375	0.00411316470459021		23G1A07	4.4	1	0.1192	2025-10-24
A6	0.121888523250245	0.019035120724177	0.110187646087282	15.3104184165257	6.29060702513683	3.85011701122397	3.83165	0.00563017338301501		23G1A07	4.7	1	0.1268	2025-10-24
A7	0.12403658421878	0.0207876712967844	0.105610930210053	15.1762948696483	6.56321442469375	3.91604520857636	3.897575	0.00599018904150423		23G1A07	5	1	0.1282	2025-10-24
A8	0.140733277315514	0.0156482820548381	0.122941257956472	16.9075244939115	5.63803553080088	4.29309500953378	4.2654125	0.00690063661266981		23G1A07	5.3	1	0.147	2025-10-24
A9	0.125911896044215	0.0156433068423689	0.118016157650707	16.5475304469108	5.87332441894488	3.86900788793536	3.850675	0.00530895308528088		23G1A07	5.6	1	0.1324	2025-10-24
B1	0	0	0	0	0	0	0	0	cannot fit data	23G1A07	3.2	2	0.0167	2025-10-24
B10	0.102155466224685	0.0174100706515179	0.108086770801389	14.6419639670878	6.41287713029758	3.27632146303732	3.256275	0.00789685326284674		23G1A07	5.9	2	0.1148	2025-10-24
B11	0.0938857013312384	0.0102527655264233	0.226861136383336	9.25187085048776	3.05538088898888	3.60884902539382	3.6251	0.00688875631320446		23G1A07	6.2	2	0.102	2025-10-24
B12	0.0863411151149436	0.0113341193238898	0.166882723157034	11.3239031878144	4.15349874119508	3.11219015639205	3.1219	0.00419557056442084		23G1A07	6.5	2	0.0884	2025-10-24
B13	0	0.00973600907888505	0	12.0618608025317	4.78441211954866	2.3010876764946	2.2988625	0.00112435529008828		23G1A07	6.8	2	0.0669	2025-10-24
B14	0	0.00673926236594485	0	10.4574089710691	4.26142906744781	1.60359749409788	1.603175	0.00239818350475675		23G1A07	7.1	2	0.0475	2025-10-24
B15	0	0.012410656340024	0	5.71818948422748	6.24821605998688	1.3869912713829	1.3852125	0.00282336127055497		23G1A07	7.4	2	0.0449	2025-10-24
B16	0	0.0119619066169105	0	-0.621632606058481	8.00215368918084	0.947506084848507	0.94355	0.00164836692158219	questionable fit	23G1A07	7.7	2	0.0271	2025-10-24
B17	0	0.014500620077046	0	-5.00570649015312	3.89331050417354	0.946133821142775	0.942862499999999	0.00212979347612744	questionable fit	23G1A07	8	2	0.0245	2025-10-24
B18	0	0.00760070355101513	0	0.688169645173812	2.06033220294329	0.786489546416632	0.7844625	0.00145687434908492		23G1A07	8.3	2	0.02	2025-10-24
B19	0	0.0176729051027696	0	-3.51095808063309	1.52228762980531	0.686610083415251	0.6363375	0.00321825084918391	questionable fit (k < n0)	23G1A07	8.6	2	0.0243	2025-10-24
B2	0	0	0	0	0	0	0	0	cannot fit data	23G1A07	3.5	2	0.0126	2025-10-24
B20	0	0.00636495534811015	0	624.800390520883	27.1383870539184	0.604299035766224	0.605725	0.00217437696039725		23G1A07	8.9	2	0.0222	2025-10-24
B21	0	0.00641145584025863	0	9.72674808397271	16.8923830377832	0.487525101679713	0.4871875	0.00341978165378015		23G1A07	9.2	2	0.0191	2025-10-24
B22	0	0.00507675163097682	0	10.7633433914284	9.50608954482709	0.537178678747536	0.5372	0.00218199060411437		23G1A07	9.5	2	0.0224	2025-10-24
B23	0	0.00805230126021415	0	2109.24233326126	122.534870541945	0.446184357265449	0.444525	0.00234884445381569		23G1A07	9.8	2	0.0145	2025-10-24
B24	0	0.0053136082397261	0	838.69535600584	44.1629516022457	0.382836887892488	0.381325	0.00234192436862144		23G1A07	10.1	2	0.0132	2025-10-24
B3	0.098955690163672	0.00556579175264776	0.159455254809685	17.6861147691562	4.34696982164206	2.98833484830671	3.0028875	0.00287218776808127		23G1A07	3.8	2	0.0976	2025-10-24
B4	0.106705485312214	0.0165112523452155	0.118315396452453	14.3508235705338	5.85846983015858	3.47654240471749	3.4608	0.00486277249093769		23G1A07	4.1	2	0.1123	2025-10-24
B5	0.101919712891744	0.0165715132287168	0.133985518243285	12.2330698590524	5.17329924642571	3.53684939091808	3.525475	0.00450440409505969		23G1A07	4.4	2	0.1101	2025-10-24
B6	0.105865907351692	0.0139261408894262	0.126086881710646	14.9687732076734	5.49737745240328	3.41222598910962	3.3931125	0.0058101878065695		23G1A07	4.7	2	0.1126	2025-10-24
B7	0.139864252435732	0.0299525666186115	0.0619822452690381	20.9747511373358	11.1829956716039	3.64699472167951	3.63945	0.0178581727850759		23G1A07	5	2	0.1247	2025-10-24
B8	0.117283598230903	0.0140093459019342	0.1176870855682	16.9743639472564	5.88974718180327	3.56040368720402	3.53815	0.00573339699277644		23G1A07	5.3	2	0.1227	2025-10-24
B9	0.10329887511863	0.0171678018388423	0.116586075904735	13.8338526965467	5.94536847716129	3.40489084829756	3.3898625	0.00490021665637455		23G1A07	5.6	2	0.1096	2025-10-24
C1	0	0.008656597913903	0	-3.93215800644251	15.2852802914534	0.584699807430722	0.582762499999999	0.00268888706602796	questionable fit	23G1A04	3.2	1	0.0174	2025-10-24
C10	0	0.013053359122365	0	17.7800001193414	7.81776396579127	2.21258239731906	2.212525	0.00202678186749144		23G1A04	5.9	1	0.0719	2025-10-24
C11	0	0.0215516138491549	0	-3.99231374306735	7.55044873503005	1.55278952424332	1.548725	0.00213505912862457	questionable fit	23G1A04	6.2	1	0.0387	2025-10-24
C12	0	0.0172987579694402	0	0.561807705475559	2.6029322916721	1.69392994200514	1.6909125	0.00343392787112902		23G1A04	6.5	1	0.0431	2025-10-24
C13	0	0.00969656288112826	0	3.72888842481495	2.02253031789999	1.94702918446121	1.9481	0.00295577025243552		23G1A04	6.8	1	0.0484	2025-10-24
C14	0	0.00142228704915519	0	0.914692214405399	0.233947221151189	1.07760301557011	1.051075	0.00854352964749406		23G1A04	7.1	1	0.0381	2025-10-24
C15	0	0.0109318123211844	0	-0.00751983262822731	0.34562602161688	1.03851517017897	1.0255	0.0109293764453451	questionable fit	23G1A04	7.4	1	0.044	2025-10-24
C16	0	0.00608467809159633	0	0.42773871041195	0.446768319360728	0.850325805908426	0.834249999999999	0.00765758939056177		23G1A04	7.7	1	0.0404	2025-10-24
C17	0	0.00757395089808263	0	0.229043629622564	0.223184884718363	1.10036749266734	0.9909125	0.00934069878497084		23G1A04	8	1	0.0389	2025-10-24
C18	0	0.00390345869364853	0	1.21863081635826	0.589687730187692	0.947896005479547	0.9481625	0.00585813946228992		23G1A04	8.3	1	0.0377	2025-10-24
C19	0	0.0222883865256818	0	-22.4223558456041	16.4975557915358	0.798322371539046	0.7318125	0.00324380254848678	questionable fit (k < n0)	23G1A04	8.6	1	0.0343	2025-10-24
C2	0	0.00936633573917383	0	-9.37656712599671	14.2482705061909	0.601703885689689	0.5997	0.00236740700940724	questionable fit	23G1A04	3.5	1	0.015	2025-10-24
C20	0	0.0166327465973402	0	-9.85050146039776	14.0554192191057	0.424793490200117	0.3728375	0.00382382077933712	questionable fit (k < n0)	23G1A04	8.9	1	0.0224	2025-10-24
C21	0	0.0140509559600723	0	-16.8448371670061	52.5382084821236	0.360245053450141	0.2396375	0.00456305544759781	questionable fit (k < n0)	23G1A04	9.2	1	0.0209	2025-10-24
C22	0	0.00389562355629404	0	-2749.91646981608	3074.33681923862	0.186594288562287	0.1746875	0.00368296015212275	questionable fit (k < n0)	23G1A04	9.5	1	0.0128	2025-10-24
C23	0	0.015162748796234	0	-8.57421443170954	20.6002260548431	0.321350134994303	0.2715625	0.00379989540264252	questionable fit (k < n0)	23G1A04	9.8	1	0.0202	2025-10-24
C24	0	0.00979999999999999	0	-0.430548776654464	0.245085504745129	0.333434088383202	0.2892375	0.00256414412007232	questionable fit (k < n0)	23G1A04	10.1	1	0.00979999999999999	2025-10-24
C3	0	0.0164418087099875	0	19.423821852158	12.0951066275383	1.78769414983854	1.7831875	0.00213069156863725		23G1A04	3.8	1	0.0586	2025-10-24
C4	0	0.00976089187196737	0	16.146673448106	6.00585889007543	2.25429081145114	2.2568625	0.00207180604203959		23G1A04	4.1	1	0.071	2025-10-24
C5	0	0.0128065772414779	0	14.2504885319369	6.47497185565907	2.31931687025548	2.3165125	0.00201199427556696		23G1A04	4.4	1	0.0749	2025-10-24
C6	0	0.00768964004642438	0	17.9057650119952	5.92775420139463	2.07088240685734	2.07895	0.00262573064888441		23G1A04	4.7	1	0.0665	2025-10-24
C7	0	0.0148626684421944	0	18.827325089573	8.58787871226011	2.3204036800251	2.3157875	0.00218884885458102		23G1A04	5	1	0.0807	2025-10-24
C8	0	0.00839484921070505	0	17.0727065446664	5.76138820735517	2.23952218238274	2.2443125	0.00362930463560057		23G1A04	5.3	1	0.074	2025-10-24
C9	0	0.0191579029772676	0	594.914863189965	28.3571240162809	1.76222941555039	1.758575	0.0259611704996009		23G1A04	5.6	1	0.161	2025-10-24
D1	0	0.00968701143397742	0	1021.62129970026	64.5759962480294	0.61151840492586	0.608925	0.00283177767590028		23G1A04	3.2	2	0.0182	2025-10-24
D10	0	0.0118334324522562	0	17.6117230796105	7.1804561207505	2.2507480268453	2.251425	0.00303769901942682		23G1A04	5.9	2	0.0761	2025-10-24
D11	0	0.0208202282865026	0	-4.24282753612978	5.4807436836604	1.47055694384498	1.4671875	0.00232902243530704	questionable fit	23G1A04	6.2	2	0.0352	2025-10-24
D12	0	0.0154729794612805	0	0.515962794605644	3.10723376618765	1.47182992137929	1.469725	0.00365992205635408		23G1A04	6.5	2	0.0388	2025-10-24
D13	0	0.0120480830019491	0	1.67667653043198	1.72955493720305	1.62134437196253	1.6203	0.00493828243042119		23G1A04	6.8	2	0.0521	2025-10-24
D14	0	0.00858239855725185	0	0.277865601148618	0.882591833325317	0.908399681440579	0.9081125	0.00861094830326612		23G1A04	7.1	2	0.0428	2025-10-24
D15	0	0.02208546332051	0	-0.261445629034803	0.0671386993662315	0.993053209694178	0.9232	0.0093538444543038	questionable fit (k < n0)	23G1A04	7.4	2	0.0445	2025-10-24
D16	0	0.000468343808676931	0	0.352207640874314	0.0687374001970394	0.803791141078883	0.796625	0.00872552654004251		23G1A04	7.7	2	0.0393	2025-10-24
D17	0	0.0119827672253436	0	-0.137140186953474	0.334321553435547	1.00651137140378	0.994875	0.0101968146047282	questionable fit	23G1A04	8	2	0.0426	2025-10-24
D18	0	0.00315412332330843	0	1.58617612895202	0.633135904740801	0.97864550800238	0.978625	0.00435147828567947		23G1A04	8.3	2	0.0391	2025-10-24
D19	0	0.0180278509030477	0	-53.3871369917937	25.5168461462781	0.767692046035277	0.727987500000001	0.00325375938898288	questionable fit (k < n0)	23G1A04	8.6	2	0.0345	2025-10-24
D2	0	0.00923005295918498	0	13.9774399957955	29.5255523466117	0.59250580611702	0.590474999999999	0.00276567995948763		23G1A04	3.5	2	0.0158	2025-10-24
D20	0	0.014738394709214	0	-10.3842429914786	16.1505324175421	0.371339011632008	0.322075	0.00377767377910018	questionable fit (k < n0)	23G1A04	8.9	2	0.0197	2025-10-24
D21	0	0	0	0	0	0	0	0	cannot fit data	23G1A04	9.2	2	0.0204	2025-10-24
D22	0	0.0111398327434273	0	-8.4730986641881	26.6946746537199	0.221375280392488	0.1793	0.00313371814989298	questionable fit (k < n0)	23G1A04	9.5	2	0.0146	2025-10-24
D23	0	0.0162377985407364	0	-11.4100756002635	22.5697778554505	0.394531854843767	0.314175	0.0048839981082662	questionable fit (k < n0)	23G1A04	9.8	2	0.021	2025-10-24
D24	0	0	0	0	0	0	0	0	cannot fit data	23G1A04	10.1	2	0.01	2025-10-24
D3	0	0.0128771812433984	0	17.6822250536319	10.9660990506148	1.47283378156695	1.4709625	0.00212777986859994		23G1A04	3.8	2	0.0467	2025-10-24
D4	0	0.0081045346614234	0	19.4781462028749	6.49104393122708	2.04662100596731	2.056775	0.0031955837361697		23G1A04	4.1	2	0.0678	2025-10-24
D5	0	0.0147581997391422	0	24.0658810316696	11.9833955480186	1.7880480264527	1.7860375	0.00177335155743297		23G1A04	4.4	2	0.0603	2025-10-24
D6	0	0.00910220419133858	0	15.2319548805057	6.20770044724696	1.86859140989638	1.8732	0.00247939056533557		23G1A04	4.7	2	0.0565	2025-10-24
D7	0.0873873913990752	0.0153016876675888	0.0752433493436122	20.5984000828456	9.21207238389356	2.32557620286045	2.3240125	0.0021090552566774		23G1A04	5	2	0.08	2025-10-24
D8	0	0.00872372004002082	0	16.9395312744997	6.01403896902861	2.12954359214724	2.1334625	0.00331373122996639		23G1A04	5.3	2	0.0704	2025-10-24
D9	0	0.0137187168097348	0	31.4867761553681	13.4780068236993	1.665163202496	1.6645625	0.00216330044559508		23G1A04	5.6	2	0.0573	2025-10-24
E1	0	0.00581280918671139	0	1199.87061611437	56.498787095965	0.382072425470723	0.3814	0.00398265206654845		28G4B06	3.2	1	0.0182	2025-10-24
E10	0.123862841726776	0.00530542255896928	0.246105057803065	12.6233406132885	2.81646865264592	4.38463816873714	4.4118125	0.0049152871914483		28G4B06	5.9	1	0.1259	2025-10-24
E11	0.131987860945458	0.00932971563668794	0.17768198912421	14.4989182988235	3.90105482258753	4.39550206301609	4.4107125	0.00382955455373768		28G4B06	6.2	1	0.1322	2025-10-24
E12	0.143152777560647	0.0109471748688996	0.101732399849321	24.4885296178732	6.81343585314595	3.40315049896558	3.4024875	0.00131811488509352		28G4B06	6.5	1	0.1314	2025-10-24
E13	0.17967836823168	0.0168395425194751	0.0434584759905467	52.2114735606686	15.9496430733264	2.11421830068078	2.10945	0.00230162189227973		28G4B06	6.8	1	0.0829	2025-10-24
E14	0	0.011622828353592	0	7.86635049668597	6.39076434831655	1.44627898741563	1.4421125	0.00290777645589024		28G4B06	7.1	1	0.0452	2025-10-24
E15	0	0.00781381812616326	0	7.32544022738263	4.21047211399005	1.33239758710611	1.33285	0.00454495149983177		28G4B06	7.4	1	0.0449	2025-10-24
E16	0	0.00839217593574251	0	1.76205220393532	2.30428716474794	1.01698353833325	1.0159125	0.0023832868519824		28G4B06	7.7	1	0.0289	2025-10-24
E17	0	0.00754671120211404	0	1.13465102804564	2.65572137151892	0.795100317776072	0.7932625	0.00257612701806269		28G4B06	8	1	0.0259	2025-10-24
E18	0	0.00148448069479093	0	3.42577847976643	0.960986759923164	0.850876717835661	0.85115	0.00249374184733795		28G4B06	8.3	1	0.0243	2025-10-24
E19	0	0.0115852562098128	0	-5.21626891151296	22.7844678215583	0.176926691335039	0.127275	0.00175444877856033	questionable fit (k < n0)	28G4B06	8.6	1	0.0123	2025-10-24
E2	0	0.00715943027974581	0	157.754997386145	48.6450137432577	0.474069821979694	0.472837499999999	0.00199458145102775		28G4B06	3.5	1	0.0128	2025-10-24
E20	0	0.0695223767550361	0	-31.6205328267579	6.44816479105121	3.26014346414856	3.227375	0.00238696739928554	questionable fit (k < n0)	28G4B06	8.9	1	0.0731	2025-10-24
E21	0	0	0	0	0	0	0	0	cannot fit data	28G4B06	9.2	1	0.0088	2025-10-24
E22	0	0	0	0	0	0	0	0	cannot fit data	28G4B06	9.5	1	0.0106	2025-10-24
E23	0	0.0086	0	-2.33000388962728	65783.8617716169	0.06165518618542	0.042425	0.00125226215951745	questionable fit (k < n0)	28G4B06	9.8	1	0.0086	2025-10-24
E24	0	0	0	0	0	0	0	0	cannot fit data	28G4B06	10.1	1	0.0104	2025-10-24
E3	0	0.00459316578287075	0	16.9056870117833	4.225666558015	2.41863950767391	2.4316375	0.00288736930998698		28G4B06	3.8	1	0.0769	2025-10-24
E4	0.0974982519362889	0.00628314697447375	0.173605584599755	15.4105039222339	3.99265485703116	3.16137084468247	3.1564	0.00206478986770993		28G4B06	4.1	1	0.101	2025-10-24
E5	0.0967409545246196	0.00734018925469866	0.203223844306419	12.3005478241373	3.41075715266376	3.43568079384454	3.4398	0.00243715923108378		28G4B06	4.4	1	0.0993	2025-10-24
E6	0.0939214888660409	0.00473601547386574	0.249189944393067	11.7802586868566	2.78160173055214	3.40111180400817	3.4116625	0.00218758273536383		28G4B06	4.7	1	0.0961	2025-10-24
E7	0.0960636807350586	0.00491176682960053	0.257454089883803	11.3452995808511	2.69231372813997	3.52081649518037	3.5333375	0.00315501389190395		28G4B06	5	1	0.1007	2025-10-24
E8	0.0910809937012111	0.00308873182467549	0.308292529926967	10.8646430201965	2.24834244515801	3.39032642179762	3.4106875	0.00360556193161844		28G4B06	5.3	1	0.0948	2025-10-24
E9	0.0976091309908367	0.00618643681202962	0.240253138537255	11.2095703491653	2.88507024207911	3.58403084358195	3.5937375	0.00234783031766689		28G4B06	5.6	1	0.0991	2025-10-24
F1	0	0.0173453380844092	0	-2.47109515621891	17.6983101885691	0.168445264859373	0.12975	0.00168095343369703	questionable fit (k < n0)	28G4B06	3.2	2	0.0177	2025-10-24
F10	0.102789984017727	0.00419840537023024	0.264630421625657	11.9271285964656	2.61930271017919	3.71228738813379	3.7326875	0.00480097176480825		28G4B06	5.9	2	0.1087	2025-10-24
F11	0.127502176934813	0.00959797489758674	0.165844897480367	15.1244949808663	4.17949054261377	4.16017780964146	4.16475	0.0020141936966486		28G4B06	6.2	2	0.1284	2025-10-24
F12	0.132327810541493	0.00960521871512303	0.110232707545696	23.1112883555899	6.28803552042487	3.30271116638007	3.3111	0.00207835468419237		28G4B06	6.5	2	0.1236	2025-10-24
F13	0.140134962355781	0.0140125670605248	0.0524406175077016	41.9006937173177	13.2177539758785	2.04837881653761	2.044275	0.00163449419068547		28G4B06	6.8	2	0.0823	2025-10-24
F14	0	0.00856754370071499	0	9.68424079523866	4.87046243217409	1.57333351882679	1.568925	0.00341348688601505		28G4B06	7.1	2	0.052	2025-10-24
F15	0	0.0183882843419756	0	-0.344293545513755	0.180780114187552	1.12161488800956	1.0237375	0.00586105043851133	questionable fit	28G4B06	7.4	2	0.0287	2025-10-24
F16	0	0.00538855676033805	0	3.48758530384776	4.12589198990389	0.634158546763062	0.632725	0.00299569368325243		28G4B06	7.7	2	0.022	2025-10-24
F17	0	0.00083012654962105	0	1.15562115209258	0.236448321663572	1.19463226160541	1.149175	0.00473026791983646		28G4B06	8	2	0.0319	2025-10-24
F18	0	0.0000000000000174624958631583	0	2.36627911615287	0.0605361976031198	0.467895961062733	0.47125	0.00480990498835564		28G4B06	8.3	2	0.0224	2025-10-24
F19	0	0.0112010218158883	0	2939.37563969184	192.332640588864	0.589612923678058	0.587425	0.00166886433829705		28G4B06	8.6	2	0.0156	2025-10-24
F2	0	0.0029252210895975	0	720.770195553611	32.1755398177815	0.247751349663718	0.2502	0.00271230432766594		28G4B06	3.5	2	0.0102	2025-10-24
F20	0	0	0	0	0	0	0	0	cannot fit data	28G4B06	8.9	2	0.0103	2025-10-24
F21	0	0.00498518742051992	0	5.77673834748729	13.8759027218463	0.389859157785328	0.3888	0.00147776786994623		28G4B06	9.2	2	0.0119	2025-10-24
F22	0	0.0105	0	-5.07521023041781	72.101984525953	0.134893959004688	0.0814125	0.00191561458317795	questionable fit (k < n0)	28G4B06	9.5	2	0.0105	2025-10-24
F23	0	0	0	0	0	0	0	0	cannot fit data	28G4B06	9.8	2	0.0115	2025-10-24
F24	0	0.0088	0	-2.32894689894048	82802.3088573221	0.0630683680652189	0.04285	0.001282682984483	questionable fit (k < n0)	28G4B06	10.1	2	0.0088	2025-10-24
F3	0	0.00622912700220653	0	17.2091272136134	4.86600454266712	2.3942809626164	2.3989875	0.0021065646097956		28G4B06	3.8	2	0.0783	2025-10-24
F4	0.0975447620623963	0.00770561370094993	0.154182251205296	15.9296656805862	4.49563536101837	3.10006681823757	3.089025	0.0033275360975752		28G4B06	4.1	2	0.0997	2025-10-24
F5	0.107017092461417	0.029806286296398	0.119702005037275	7.95158027938795	5.79060626715567	4.022582937501	4.025125	0.0159464147871003		28G4B06	4.4	2	0.118	2025-10-24
F6	0.0982461590674086	0.0046541716100292	0.231265282329159	12.9772216894894	2.99719514135024	3.43998144620698	3.4453125	0.00226775284377342		28G4B06	4.7	2	0.1021	2025-10-24
F7	0.0921465991383752	0.00514602630048717	0.257094158104408	10.9986547306971	2.69608296692006	3.40738026609784	3.421875	0.00315352207306302		28G4B06	5	2	0.0943	2025-10-24
F8	0.0942321746760098	0.00311023617425929	0.294752314262061	11.4587732345633	2.3516259144404	3.45145575193103	3.4718875	0.00348876040411058		28G4B06	5.3	2	0.0973	2025-10-24
F9	0.0905750256637914	0.00433656685796014	0.274749383574843	10.8827659905547	2.52283434285169	3.36382181471429	3.3806	0.00363567942102415		28G4B06	5.6	2	0.0947	2025-10-24
G1	0	0.0135	0	-1.90353834326466	72204.8634508049	0.0840464282774467	0.0535375	0.00184648302724021	questionable fit (k < n0)	28G4B05	3.2	1	0.0135	2025-10-24
G10	0	0.00593590058799296	0	7.35646344944502	3.52621473265404	1.23848029136898	1.240925	0.00255832373252953		28G4B05	5.9	1	0.0346	2025-10-24
G11	0	0.0148043050576409	0	3.08416378166444	4.46925020615534	1.62539801269099	1.6242625	0.00382828541005358		28G4B05	6.2	1	0.0446	2025-10-24
G12	0	0.00985495185076672	0	3.18682078496319	5.53426966147265	1.00489777223774	1.0043375	0.00271908709044404		28G4B05	6.5	1	0.0278	2025-10-24
G13	0	0.0147074679403455	0	-1.14083092052946	1.46587736244861	1.09961325332395	1.0968625	0.00358550097695889	questionable fit	28G4B05	6.8	1	0.0333	2025-10-24
G14	0	0.00369724940233251	0	1.64617303615631	1.07682388560434	0.662100470270392	0.66305	0.00598425408892889		28G4B05	7.1	1	0.0285	2025-10-24
G15	0	0.0128875121340191	0	-0.169230057116194	0.0631709583169894	0.717978821231728	0.705925	0.00588230605024152	questionable fit	28G4B05	7.4	1	0.0247	2025-10-24
G16	0	0.0026592786428441	0	0.592587442390344	0.31638518267194	0.58896226593866	0.5708375	0.00322178052897672		28G4B05	7.7	1	0.0192	2025-10-24
G17	0	0.0027926455862684	0	0.637470153836337	0.232322565265982	1.02158578072733	0.8726375	0.00813273809915405		28G4B05	8	1	0.0261	2025-10-24
G18	0	0.00000000000183887488097676	0	2.27800480225734	0.0711902574834296	0.362390952673088	0.3648125	0.0035646199580824		28G4B05	8.3	1	0.0136	2025-10-24
G19	0	0.00888913046475406	0	-0.89058116964441	1.00773128127107	0.652027606307704	0.6500875	0.00180758430415234	questionable fit	28G4B05	8.6	1	0.0191	2025-10-24
G2	0	0.0097	0	-1.46928628061845	198151.5780474	0.0501769976844681	0.0300875	0.00137059038993398	questionable fit (k < n0)	28G4B05	3.5	1	0.0097	2025-10-24
G20	0	0.0167646982553481	0	-17.5256767605108	9.33788834805551	0.639020197908105	0.6147625	0.00126698791260389	questionable fit (k < n0)	28G4B05	8.9	1	0.0197	2025-10-24
G21	0	0	0	0	0	0	0	0	cannot fit data	28G4B05	9.2	1	0.0139	2025-10-24
G22	0	0.0094	0	-5.00611978174771	324.439832751269	0.113063101517246	0.078225	0.00177658312340798	questionable fit (k < n0)	28G4B05	9.5	1	0.0094	2025-10-24
G23	0	0	0	0	0	0	0	0	cannot fit data	28G4B05	9.8	1	0.0151	2025-10-24
G24	0	0	0	0	0	0	0	0	cannot fit data	28G4B05	10.1	1	0.0102	2025-10-24
G3	0	0.0061644162539514	0	8.48042571940927	3.62642553459256	1.44807886938247	1.4512875	0.00271692336419672		28G4B05	3.8	1	0.0401	2025-10-24
G4	0	0.00638797818431266	0	4.05656528712004	3.31900784370712	0.903517477224389	0.9033125	0.00158832645870422		28G4B05	4.1	1	0.0224	2025-10-24
G5	0	0.00990558138087842	0	1.85498591815444	3.20375065945993	1.08633269644173	1.0841	0.00329998419562534		28G4B05	4.4	1	0.031	2025-10-24
G6	0	0.0077775051232686	0	0.0530607265587584	2.46933469676549	0.716256458140096	0.714925	0.00284596667950434		28G4B05	4.7	1	0.0207	2025-10-24
G7	0	0.00801540347236597	0	1.95524277518873	2.55937594536273	0.963138915019627	0.9626375	0.00292063000028161		28G4B05	5	1	0.0267	2025-10-24
G8	0	0.0047063192417332	0	4.47386747637411	2.45514257659084	0.914685470114447	0.9160125	0.00312511727048522		28G4B05	5.3	1	0.0262	2025-10-24
G9	0	0.00912842740494995	0	5.58121101077003	4.19181884634768	1.30329764885581	1.3029	0.00165447090764408		28G4B05	5.6	1	0.0338	2025-10-24
H1	0	0.0135	0	-1.86772190801962	5.85412801003674	0.165625823013461	0.16175	0.00212015809268045	questionable fit (k < n0)	28G4B05	3.2	2	0.0135	2025-10-24
H10	0	0.00583612703374681	0	9.94183409867199	4.29587977133222	1.29462391333285	1.2957375	0.00190329111350985		28G4B05	5.9	2	0.0387	2025-10-24
H11	0	0.0103727751452705	0	5.33916909306773	3.99298169268507	1.49767401226723	1.4982625	0.00371862519777326		28G4B05	6.2	2	0.042	2025-10-24
H12	0	0.00860188665638515	0	5.65120982812617	9.7216701856163	0.773617832425251	0.7731625	0.00238626974018695		28G4B05	6.5	2	0.0218	2025-10-24
H13	0	0.00897843274733767	0	-0.237014648325808	1.53203219537171	0.797365007756826	0.7955875	0.00212630056863167	questionable fit	28G4B05	6.8	2	0.0265	2025-10-24
H14	0	0.00298630708476878	0	0.376355942183539	0.210475002039086	0.63502379919958	0.583125	0.00441580425692758		28G4B05	7.1	2	0.0173	2025-10-24
H15	0	0.00253513251709494	0	0.506788356826764	0.220560017562214	0.714510350930845	0.670374999999999	0.00532590019731115		28G4B05	7.4	2	0.0263	2025-10-24
H16	0	0.0125080977647839	0	-1.12708777150034	0.269886777662128	0.63595961383699	0.580825	0.00483391055145837	questionable fit	28G4B05	7.7	2	0.0194	2025-10-24
H17	0	0.00226869527493088	0	0.517743947726245	0.235232851781519	0.604712958467522	0.513	0.00509554424561915		28G4B05	8	2	0.0213	2025-10-24
H18	0	0.00000000000000259340751103931	0	2.28922166920139	0.0548777507909911	0.429762717708035	0.4347625	0.0031888755277574		28G4B05	8.3	2	0.0171	2025-10-24
H19	0	0.0128744494760753	0	-11.5364824862604	12.1719817436705	0.374703650870742	0.330375	0.00281430233111246	questionable fit (k < n0)	28G4B05	8.6	2	0.0135	2025-10-24
H2	0	0	0	0	0	0	0	0	cannot fit data	28G4B05	3.5	2	0.00989999999999999	2025-10-24
H20	0	0	0	0	0	0	0	0	cannot fit data	28G4B05	8.9	2	0.00899999999999999	2025-10-24
H21	0	0.00678983479618985	0	-14.5808976840852	20.9350340606895	0.19020400010584	0.1753875	0.00208016885741521	questionable fit (k < n0)	28G4B05	9.2	2	0.0097	2025-10-24
H22	0	0	0	0	0	0	0	0	cannot fit data	28G4B05	9.5	2	0.0086	2025-10-24
H23	0	0	0	0	0	0	0	0	cannot fit data	28G4B05	9.8	2	0.0117	2025-10-24
H24	0	0.0105	0	-2.77440148032461	85137.8530601268	0.0848023207997807	0.0605875	0.00167105860502203	questionable fit (k < n0)	28G4B05	10.1	2	0.0105	2025-10-24
H3	0	0.0058922193287976	0	6.74740541013869	3.83617902701605	1.03393208706019	1.03545	0.00199015543502679		28G4B05	3.8	2	0.0276	2025-10-24
H4	0	0.00963962110570478	0	9.84846020563703	9.25241974966168	1.00925945396813	1.005475	0.0022414962033407		28G4B05	4.1	2	0.0327	2025-10-24
H5	0	0.0116719446623731	0	-2.20529666718545	1.96923248555315	0.803120774674596	0.8006375	0.0030603669960941	questionable fit	28G4B05	4.4	2	0.0252	2025-10-24
H6	0	0.00896756953610857	0	-4.8612341909107	1.97353354361175	0.505590049273676	0.5041875	0.00325634219544002	questionable fit	28G4B05	4.7	2	0.0163	2025-10-24
H7	0	0.00901748899054215	0	-0.466850862012275	1.98616955152565	0.774542076910499	0.773237499999999	0.00365919249611985	questionable fit	28G4B05	5	2	0.0228	2025-10-24
H8	0	0.00521593260209024	0	2.99327883304161	3.03534325589351	0.675049974796105	0.6754375	0.00297085398691526		28G4B05	5.3	2	0.02	2025-10-24
H9	0	0.00704089850870683	0	6.56232384320285	4.07008598101225	1.14217325880428	1.1438	0.00233508114320485		28G4B05	5.6	2	0.031	2025-10-24
I1	0	0.0377	0	-5.74715470460108	8.20506683980391	0.861092221789757	0.8237125	0.00197249603434781	questionable fit (k < n0)	33G2A09	3.2	1	0.0377	2025-10-24
I10	0.228983888789572	0.041984172593259	0.149541183181256	9.98931774622568	4.63515913017615	8.44446588460208	8.4172875	0.00826873851615278		33G2A09	5.9	1	0.2376	2025-10-24
I11	0.244494559435198	0.0569308452464964	0.115414073652866	10.3304672384146	6.00574226887395	8.72390525592496	8.6966875	0.009490165216816		33G2A09	6.2	1	0.2562	2025-10-24
I12	0.248852619613346	0.0456890178900122	0.126336282860817	11.8109665744807	5.48652504936823	8.67562752862701	8.64715	0.0089406320344901		33G2A09	6.5	1	0.2523	2025-10-24
I13	0.232389776027266	0.0398007817583899	0.217443275380091	7.25095681971596	3.18771495392682	9.31544905016686	9.289375	0.0118808006845331		33G2A09	6.8	1	0.2525	2025-10-24
I14	0.149343292796078	0.0241678075960648	0.300910900106372	5.46572141737235	2.30349641809226	6.29442463853512	6.288025	0.00334943037359964		33G2A09	7.1	1	0.1592	2025-10-24
I15	0.127286030002632	0.0284339400175809	0.316705497529923	3.93438446577825	2.1886174568045	5.5327525995878	5.5282	0.00242809012632642		33G2A09	7.4	1	0.1304	2025-10-24
I16	0.0985764723236177	0.0253571148156346	0.33496254164368	3.16572854277091	2.06932744526786	4.35177817089981	4.34795	0.00446320255628524		33G2A09	7.7	1	0.1055	2025-10-24
I17	0.100246562077501	0.0236743095100388	0.381227682708658	3.07911611107409	1.81819739751077	4.45234550775281	4.44955	0.00412892894228294		33G2A09	8	1	0.1065	2025-10-24
I18	0.0887527584921431	0.023383970213396	0.17954515259498	5.72554665073926	3.86057306778732	3.6187734108651	3.613875	0.00401421922162205		33G2A09	8.3	1	0.0931	2025-10-24
I19	0.0999520032594251	0.0291195796407122	0.167627954485408	5.30285101613013	4.13503334027907	4.08273693522158	4.08075	0.00573785424125507		33G2A09	8.6	1	0.1034	2025-10-24
I2	0	0.0245794429267721	0	1.63148611215502	2.21424065305142	2.95371242473617	2.9469875	0.00311994348073444		33G2A09	3.5	1	0.0749	2025-10-24
I20	0	0.00566553291912287	0	0.59044174828637	0.20494648098863	2.25489585554138	2.0927125	0.0122160725957299		33G2A09	8.9	1	0.0595	2025-10-24
I21	0	0.0187489099723846	0	0.93120226010312	1.75353636872466	2.10582345380359	2.1043875	0.0115587844085022		33G2A09	9.2	1	0.0657	2025-10-24
I22	0	0.0133972570881465	0	0.369156788954391	1.37926757124409	1.37669274784003	1.3750375	0.00513620466370262		33G2A09	9.5	1	0.0383	2025-10-24
I23	0	0.0204043370586235	0	-0.870439724414079	0.822208326499069	1.44158556653906	1.4109	0.0047332247088415	questionable fit	33G2A09	9.8	1	0.0371	2025-10-24
I24	0	0.0305	0	-9.6664917124543	13.6963577254472	0.777360930097243	0.698125	0.00496521371426529	questionable fit (k < n0)	33G2A09	10.1	1	0.0305	2025-10-24
I3	0.187529073250143	0.0332851483362349	0.170091750648608	9.01527540222208	4.07513696529536	7.13419728895066	7.12625	0.00384459462822688		33G2A09	3.8	1	0.1935	2025-10-24
I4	0.190987753584092	0.0316455814619605	0.18121178922743	8.92025507920306	3.82506669966163	7.31182271863882	7.2969125	0.0042679766205584		33G2A09	4.1	1	0.1976	2025-10-24
I5	0.177302632029416	0.0356101844553449	0.192480062795575	7.17491021857572	3.60113754376789	7.06762914078249	7.05935000000001	0.00229694759689334		33G2A09	4.4	1	0.1792	2025-10-24
I6	0.188116186085342	0.0311384461162946	0.176325343912053	9.17429514404787	3.9310694945003	7.1493533019671	7.1346375	0.00412848058823349		33G2A09	4.7	1	0.1941	2025-10-24
I7	0.185038395993204	0.0342324568767537	0.177721511245682	8.34350103687165	3.9001872969769	7.16281266621586	7.1508125	0.00367905969071584		33G2A09	5	1	0.1873	2025-10-24
I8	0.210389538578673	0.035945895308345	0.159333680686908	9.91370325227255	4.35028662848746	7.81054021124866	7.7907	0.00509803091757744		33G2A09	5.3	1	0.2176	2025-10-24
I9	0.227883407735932	0.0455882658212488	0.146811008123381	9.44055010092062	4.72135699781736	8.49134066882516	8.466725	0.00702364585528622		33G2A09	5.6	1	0.2364	2025-10-24
J1	0	0.0388726962373722	0	-6.64184866063254	9.3619470348123	0.917120565428878	0.8597875	0.00191498492633436	questionable fit (k < n0)	33G2A09	3.2	2	0.0394	2025-10-24
J10	0.240559050256506	0.0424533592825024	0.145002833509499	10.6232036928251	4.78023197053277	8.72437439874842	8.6951	0.00853723879397492		33G2A09	5.9	2	0.2487	2025-10-24
J11	0.248994009780475	0.057259098737766	0.115440441692047	10.4688371677421	6.00437048230474	8.858637897694	8.8319625	0.00906881473049191		33G2A09	6.2	2	0.2576	2025-10-24
J12	0.251225512097956	0.0458919585405946	0.131941322179735	11.356152993672	5.25345031494923	8.88664777013149	8.8584375	0.00933090823626325		33G2A09	6.5	2	0.2629	2025-10-24
J13	0.22211071536364	0.0318773983631665	0.261028556484247	6.84351966567831	2.65544578683588	9.05384687319989	9.0389125	0.00773009921091018		33G2A09	6.8	2	0.2381	2025-10-24
J14	0.148678283401777	0.0196757994343626	0.329496227635725	5.70702204321023	2.10365740917148	6.25368870606974	6.252175	0.00493346978240593		33G2A09	7.1	2	0.1556	2025-10-24
J15	0.123432458934794	0.0222108119294721	0.403130614588763	3.76238714732817	1.71941091913109	5.42426815247426	5.424325	0.00459516629995427		33G2A09	7.4	2	0.1335	2025-10-24
J16	0.101484240362891	0.0243891647511219	0.30932279172326	3.72071012251346	2.24085388825819	4.42374024657833	4.419825	0.00373931913078063		33G2A09	7.7	2	0.1065	2025-10-24
J17	0.0975826533179135	0.0246444895196781	0.327686039528044	3.31127528620399	2.11527833641696	4.2936499480026	4.2902875	0.00443140259717772		33G2A09	8	2	0.1044	2025-10-24
J18	0.0869223036367505	0.0166723640480854	0.378924078000041	3.7957655122547	1.8292508204239	3.81084391248871	3.8068625	0.00493661284853216		33G2A09	8.3	2	0.0995	2025-10-24
J19	0.0989394267091711	0.0210893666089646	0.304626919390247	4.28726296290654	2.27539700676282	4.26681464493628	4.2633375	0.00628515233745485		33G2A09	8.6	2	0.1121	2025-10-24
J2	0	0.0258816302983256	0	1.59383995541664	2.43491525841894	2.98993873977797	2.98345	0.00234159279579743		33G2A09	3.5	2	0.0719	2025-10-24
J20	0	0.0231173412947177	0	1.8106810180606	2.83619801863592	2.62171181660334	2.6202875	0.0144800271136485		33G2A09	8.9	2	0.0874	2025-10-24
J21	0	0.000475937366257852	0	1.33122802433505	0.201175410804353	2.21205409141845	2.1330875	0.0118907474456588		33G2A09	9.2	2	0.0609	2025-10-24
J22	0	0.0149369296804676	0	-0.200861444095462	0.885210161005847	1.31328464159356	1.2695125	0.00592604449364881	questionable fit	33G2A09	9.5	2	0.0364	2025-10-24
J23	0	0.0175958275802334	0	-0.390378759095851	0.663671929867232	1.39794637827108	1.3658875	0.00427100566609165	questionable fit	33G2A09	9.8	2	0.0368	2025-10-24
J24	0	0.0293570342423647	0	-10.1187948093742	13.0580926056602	0.77921136014012	0.710975	0.00515780606970686	questionable fit (k < n0)	33G2A09	10.1	2	0.0301	2025-10-24
J3	0.171901839688648	0.0321540485518868	0.173114948622019	8.48742958402642	4.00397069159735	6.62200874557656	6.6149875	0.00353000619688649		33G2A09	3.8	2	0.1763	2025-10-24
J4	0.189916982647689	0.0317728539021587	0.181453550300791	8.84465775106279	3.81997034178131	7.28340404778667	7.2678875	0.00424877579577211		33G2A09	4.1	2	0.1961	2025-10-24
J5	0.17181162103673	0.033080944093907	0.199503490207261	7.18572425321804	3.47436117453306	6.86274318028884	6.8530625	0.0025696687223931		33G2A09	4.4	2	0.1738	2025-10-24
J6	0.199337507780552	0.0345376444398321	0.170324549259017	9.17473096317195	4.06956709162258	7.55798497405122	7.5387375	0.00518905982675757		33G2A09	4.7	2	0.2069	2025-10-24
J7	0.18215191302043	0.0366829293761368	0.180101880709426	7.64928928224669	3.8486393247512	7.15958190726337	7.1433875	0.0045539810407998		33G2A09	5	2	0.1868	2025-10-24
J8	0.219805153087945	0.037820193238019	0.15252233323618	10.3006611524312	4.54456187400839	8.0627400285887	8.03745	0.00663652044400143		33G2A09	5.3	2	0.2307	2025-10-24
J9	0.232226104910079	0.0488258282550129	0.141521499077027	9.35131154322229	4.89782248690486	8.64099712741891	8.6143	0.00837882126711058		33G2A09	5.6	2	0.242	2025-10-24
K1	0	0.0526	0	-5.14829242850807	2.89084939192602	1.85101215051881	1.8421375	0.00275687703584924	questionable fit (k < n0)	18G4A01	3.2	1	0.0526	2025-10-24
K10	0	0.00917552972633252	0	320.081309974103	11.6766728840876	2.54774395501108	2.6296625	0.00999558762823247		18G4A01	5.9	1	0.1589	2025-10-24
K11	0.250023935265157	0.0130803022891326	0.0979372482473597	29.5772535229435	7.07746228288206	4.90087784964324	4.9978625	0.0160786513510168		18G4A01	6.2	1	0.2047	2025-10-24
K12	0.615384812589647	0.00638851101717955	0.0790823840681593	57.6273847185888	8.76487461433305	2.9403532190752	3.06955	0.0159178711049769		18G4A01	6.5	1	0.1775	2025-10-24
K13	0.27746994628573	0.0144918052323709	0.0830038515267455	34.9199167058755	8.35078334089834	4.46405343376436	4.5458	0.0165151035480754		18G4A01	6.8	1	0.191	2025-10-24
K14	0	0.0155321419584427	0	383.741114774352	14.0204485637504	3.09032918362006	3.23245	0.0191810022985919		18G4A01	7.1	1	0.1789	2025-10-24
K15	0.252234180893261	0.00992265129719155	0.091288250729151	35.0034536940847	7.59295062643372	3.94214370586734	4.040325	0.0147174688947001		18G4A01	7.4	1	0.1799	2025-10-24
K16	0	0.0191726136646586	0	-0.332604564340606	0.34091100049734	1.38819364871932	1.384875	0.00512694406446976	questionable fit	18G4A01	7.7	1	0.0438	2025-10-24
K17	0	0.0293849226876557	0	-4.30871509841733	3.08793233379591	1.89656503011798	1.8912125	0.00418704704447228	questionable fit	18G4A01	8	1	0.0514	2025-10-24
K18	0	0.0211458894825348	0	-0.40415227136191	0.631613643630866	1.65765057385851	1.653675	0.0064605070165088	questionable fit	18G4A01	8.3	1	0.0509	2025-10-24
K19	0	0.0254698379387867	0	-1.48577854925537	1.48895281573093	1.80903388020811	1.8038375	0.00270430895317725	questionable fit	18G4A01	8.6	1	0.0435	2025-10-24
K2	0	0.0193185668223856	0	2626.06477460644	137.62349101577	1.053901271578	1.049025	0.00372674772671761		18G4A01	3.5	1	0.0293	2025-10-24
K20	0	0.026794394221938	0	-1.71460896820901	0.794702023653825	1.57334568637419	1.5246125	0.00644372750637431	questionable fit	18G4A01	8.9	1	0.0439	2025-10-24
K21	0	0	0	0	0	0	0	0	cannot fit data	18G4A01	9.2	1	0.0653	2025-10-24
K22	0	0.0318005026189661	0	-29.304344506401	6.77245256507771	1.59340225051335	1.5875875	0.00509866757384262	questionable fit	18G4A01	9.5	1	0.0479	2025-10-24
K23	0	0.022438011181382	0	-0.400590434296223	0.387629934982589	1.6024404881695	1.55915	0.00459473153561006	questionable fit	18G4A01	9.8	1	0.0425	2025-10-24
K24	0	0.0235685845671284	0	-3.30119170207551	0.989095292360902	1.2448865880974	1.191775	0.00517799882333039	questionable fit	18G4A01	10.1	1	0.0355	2025-10-24
K3	0.128531640995405	0.0270382903311666	0.0364280705112939	36.310988896613	19.0278313078659	2.45846588327179	2.454625	0.00395668016906909		18G4A01	3.8	1	0.0731	2025-10-24
K4	0.0863858235814302	0.0239997444545092	0.0416768869668414	22.921553084561	16.6314528508672	2.12909362015529	2.124625	0.00248622528975405		18G4A01	4.1	1	0.0628	2025-10-24
K5	0.0910040782371157	0.0292866646918869	0.0368559731444394	20.2255909775802	18.8069157160357	2.3400196637634	2.3343875	0.00221055189296267		18G4A01	4.4	1	0.0651	2025-10-24
K6	0.0997604631606765	0.0221349735784676	0.031289851551201	40.1004451129599	22.1524598614895	1.83960034491044	1.835625	0.00232604811407868		18G4A01	4.7	1	0.0541	2025-10-24
K7	0	0.0328511686198812	0	4.73540409347708	13.8349356409026	2.53290500066395	2.5270375	0.00213256610912745		18G4A01	5	1	0.0649	2025-10-24
K8	0	0.0236179677424424	0	11.8524603280109	19.0234626132922	1.7450476522134	1.7405375	0.00207205014764087		18G4A01	5.3	1	0.046	2025-10-24
K9	0	0.0361884766852364	0	5063.32834912201	285.036945912207	1.85061196692347	1.8435625	0.00113202295526952		18G4A01	5.6	1	0.0406	2025-10-24
L1	0	0.0519276033484085	0	5658.0376877037	339.0948390478	2.63034548228373	2.61855	0.00433800183753859		23G1A09	3.2	1	0.0676	2025-10-24
L10	0	0.0543880648715278	0	-11.6409835667913	4.38809057412374	2.97946410785587	2.9692875	0.00347010789233193	questionable fit	23G1A09	5.9	1	0.0683	2025-10-24
L11	0	0.0609524986997019	0	-22.1221317775295	10.9549869782297	3.41174631610967	3.3997375	0.00212785899556211	questionable fit	23G1A09	6.2	1	0.0752	2025-10-24
L12	0	0.0598205301615517	0	1971.48467581108	95.4231423567195	3.45253573303937	3.440375	0.00218279558172929		23G1A09	6.5	1	0.0834	2025-10-24
L13	0	0.067664485728329	0	1165813.35687079	74158.9486018811	3.26214416529441	3.2486375	0.00213521403068382		23G1A09	6.8	1	0.0784	2025-10-24
L14	0	0.0591274936699848	0	-3.71015168094314	1.77078639704197	3.47771450229295	3.46643750000001	0.00334323052580748	questionable fit	23G1A09	7.1	1	0.0795	2025-10-24
L15	0	0.0619484991647022	0	-41.9717231165376	15.3840478011245	2.70602636037637	2.5397625	0.00665628128402273	questionable fit (k < n0)	23G1A09	7.4	1	0.0783	2025-10-24
L16	0	0.0573935761155599	0	-23.4595976795229	8.24887244540504	2.46781117910796	2.4077375	0.00586391528455506	questionable fit (k < n0)	23G1A09	7.7	1	0.0659	2025-10-24
L17	0	0.0578840186753289	0	-51.7349095534386	16.3811122507617	2.60394787571922	2.4899375	0.00538946548169651	questionable fit (k < n0)	23G1A09	8	1	0.0682	2025-10-24
L18	0	0.0370594046808793	0	-2.15551807982792	1.68876411725395	2.47958238037703	2.4719875	0.00559969853909605	questionable fit	23G1A09	8.3	1	0.068	2025-10-24
L19	0	0.0581744015772811	0	-41.0712685963384	14.9592226082803	2.54117709309265	2.45405	0.00438910372603656	questionable fit (k < n0)	23G1A09	8.6	1	0.0693	2025-10-24
L2	0	0.0406526845281212	0	3459.1429661331	185.265557670151	2.14724101741985	2.137875	0.00444824148242595		23G1A09	3.5	1	0.0541	2025-10-24
L20	0	0	0	0	0	0	0	0	cannot fit data	23G1A09	8.9	1	0.0628	2025-10-24
L21	0	0.0549454747846491	0	-15.2789441899493	8.21840151453339	2.06828554399685	1.983575	0.00369912365946756	questionable fit (k < n0)	23G1A09	9.2	1	0.0586	2025-10-24
L22	0	0	0	0	0	0	0	0	cannot fit data	23G1A09	9.5	1	0.0572	2025-10-24
L23	0	0	0	0	0	0	0	0	cannot fit data	23G1A09	9.8	1	0.0668	2025-10-24
L24	0	0.072389907647969	0	-8.70738675228463	9.79466951190486	1.96197669032196	1.808725	0.00555218451890517	questionable fit (k < n0)	23G1A09	10.1	1	0.0756	2025-10-24
L3	0	0	0	0	0	0	0	0	cannot fit data	23G1A09	3.8	1	0.1854	2025-10-24
L4	0	0.056	0	-6.84509602448223	2.10836313629746	2.43177181122132	2.4134875	0.00150229764297907	questionable fit (k < n0)	23G1A09	4.1	1	0.056	2025-10-24
L5	0.0942142808747681	0.0585531308414701	0.0164658717280475	-30.1151805316464	42.0959905438386	3.21149677572441	3.199275	0.00208538411880442	questionable fit	23G1A09	4.4	1	0.0728	2025-10-24
L6	0	0.0565538780421295	0	-83.5632236458492	16.2110390566426	2.76960860420913	2.758	0.00182029393513439	questionable fit	23G1A09	4.7	1	0.0618	2025-10-24
L7	0	0.0657	0	-0.263228981033614	0.0680548157077333	2.95024933192326	2.870825	0.00441442404531344	questionable fit (k < n0)	23G1A09	5	1	0.0657	2025-10-24
L8	0	0.0534066595724595	0	-22.300499685483	7.58483579245691	2.82973748133816	2.8189	0.00209621540900752	questionable fit	23G1A09	5.3	1	0.0625	2025-10-24
L9	0	0.0608553734251713	0	-17.9821423500969	7.37204117035084	3.34584137074983	3.334175	0.00231402863438145	questionable fit	23G1A09	5.6	1	0.0737	2025-10-24
M1	0	0.0289933207374878	0	2758.0387799953	163.802850849465	1.55018778551259	1.5434125	0.00314810145506058		24G2B08	3.2	1	0.0384	2025-10-24
M10	0	0.0174883023295542	0	574.740309782855	22.4797386793728	1.9398861077442	1.9409125	0.00256110718592641		24G2B08	5.9	1	0.0753	2025-10-24
M11	0	0.0275787648551747	0	599.116591185654	25.4630157534704	2.74948395963493	2.746825	0.00337283075604607		24G2B08	6.2	1	0.0978	2025-10-24
M12	0	0.020664946453667	0	149.905491228897	21.4106639278868	2.36629786436188	2.3649	0.00293922158700807		24G2B08	6.5	1	0.0906	2025-10-24
M13	0	0.0332276681536471	0	193.503518875072	29.746833072924	2.92522499052625	2.918775	0.00213209521667029		24G2B08	6.8	1	0.0967	2025-10-24
M14	0.170971757498365	0.0278217931483358	0.0326090474668966	50.2337010727365	21.2562842034439	2.53203051560176	2.5261125	0.00200041473300934		24G2B08	7.1	1	0.0835	2025-10-24
M15	0	0.0314558771434149	0	1793.70645388405	86.9691170331757	1.84855057257264	1.8427625	0.00422338043536351		24G2B08	7.4	1	0.049	2025-10-24
M16	0	0.0257592729078189	0	996.809837643242	45.6176897161151	1.83094616472585	1.8277125	0.00421688556904795		24G2B08	7.7	1	0.0537	2025-10-24
M17	0	0.0224457524583223	0	-0.497088913944702	0.601052335926215	1.67811555083297	1.67365	0.00596819905696222	questionable fit	24G2B08	8	1	0.0524	2025-10-24
M18	0	0.0142869236368912	0	-0.0555165861242	0.798946980735301	1.32334297262238	1.32065	0.00606683138563397	questionable fit	24G2B08	8.3	1	0.0416	2025-10-24
M19	0	0	0	0	0	0	0	0	cannot fit data	24G2B08	8.6	1	0.0373	2025-10-24
M2	0	0.0148544414708503	0	-1.59110732413327	13.7649518607858	1.05034423934872	1.0472	0.00289979205406122	questionable fit	24G2B08	3.5	1	0.0253	2025-10-24
M20	0	0	0	0	0	0	0	0	cannot fit data	24G2B08	8.9	1	0.0295	2025-10-24
M21	0	0	0	0	0	0	0	0	cannot fit data	24G2B08	9.2	1	0.0332	2025-10-24
M22	0	0.0132643519190823	0	3253.35801775918	176.693853160867	0.703777986487529	0.699949999999999	0.0035891972283375		24G2B08	9.5	1	0.022	2025-10-24
M23	0	0	0	0	0	0	0	0	cannot fit data	24G2B08	9.8	1	0.0348	2025-10-24
M24	0	0.0294	0	-8.48290117531656	6.38144325223616	0.935477495307765	0.8689	0.00507220444258146	questionable fit (k < n0)	24G2B08	10.1	1	0.0294	2025-10-24
M3	0	0.0239134015529975	0	6.41969580365085	13.0310492753832	1.9351800393572	1.930625	0.0030932469370497		24G2B08	3.8	1	0.0499	2025-10-24
M4	0	0.01953928368378	0	20.4761021410668	14.4427593194552	1.86427911797272	1.8620625	0.0035109978220208		24G2B08	4.1	1	0.0529	2025-10-24
M5	0.132579362538416	0.0314943350575656	0.0181480400786246	64.2578660646918	38.194051674834	2.09515897950997	2.0887625	0.00202227831486741		24G2B08	4.4	1	0.0537	2025-10-24
M6	0.205290981205226	0.0194783708055262	0.0266972658934095	84.4818358331222	25.9632272206217	1.70789597769139	1.7041375	0.00226240570839709		24G2B08	4.7	1	0.0549	2025-10-24
M7	0	0.0282895290133072	0	878.1661234647	41.1900448137324	2.10203531330195	2.0966375	0.00221582925312276		24G2B08	5	1	0.0608	2025-10-24
M8	0	0.017117648979361	0	732.91772137429	28.7677579045286	1.55887305466566	1.5567625	0.00220834648331768		24G2B08	5.3	1	0.052	2025-10-24
M9	0	0.027190650795313	0	729.436759990872	29.1120265721086	2.45608004886258	2.45205	0.00192865495585476		24G2B08	5.6	1	0.0837	2025-10-24
N1	0	0.0694798183492135	0	15719.1978187036	1406.84137917862	3.38897170746372	3.3742125	0.00334794547738719		24G4B02	3.2	1	0.0825	2025-10-24
N10	0.104081590172464	0.0593673454699516	0.0673236057564623	-4.21029456414517	10.2957524745087	4.1934606792446	4.1814	0.000792087643240536	questionable fit	24G4B02	5.9	1	0.101	2025-10-24
N11	0.114004390182147	0.0720547520805908	0.0510295765914075	-10.6008418204748	13.583243813876	4.57844616786335	4.5639	0.000932293806170093	questionable fit	24G4B02	6.2	1	0.1085	2025-10-24
N12	0.115776606572078	0.0625568418856938	0.0768786766749022	-2.102608637059	9.01611747937683	4.68452370249294	4.6716375	0.0010797558343991	questionable fit	24G4B02	6.5	1	0.1137	2025-10-24
N13	0.197440574049768	0.0897453553668317	0.0164605774769318	11.0767021033981	42.1095299682733	5.25987396928025	5.2428	0.00401344863936838		24G4B02	6.8	1	0.1289	2025-10-24
N14	0.103020680623703	0.0608054307107675	0.308221193509047	-1.18388217767437	2.24886281397	4.78933859766087	4.7774	0.00502851532974863	questionable fit	24G4B02	7.1	1	0.1105	2025-10-24
N15	0.0869	0.0683988732750687	1.21636298412462	-1.07494615891083	0.569852247730791	4.17145240910811	4.0396	0.00906716915325288	questionable fit	24G4B02	7.4	1	0.1062	2025-10-24
N16	0	0.0762577252134377	0	-23.0215012299117	10.6558418465238	3.07495972632657	2.9224375	0.00808497885768541	questionable fit (k < n0)	24G4B02	7.7	1	0.0823	2025-10-24
N17	0	0.0942764296796693	0	-51.3362755740588	19.9751220335882	4.12290049725171	3.75345	0.0115092624166877	questionable fit (k < n0)	24G4B02	8	1	0.1107	2025-10-24
N18	0	0.0861	0	-21.1999856249481	12.3907654791183	3.24973873918037	2.9549125	0.0110789699826298	questionable fit (k < n0)	24G4B02	8.3	1	0.0861	2025-10-24
N19	0	0.097	0	-11.204237580507	10.718435319796	2.90558499235482	2.7940125	0.00674676519043732	questionable fit (k < n0)	24G4B02	8.6	1	0.097	2025-10-24
N2	0	0	0	0	0	0	0	0	cannot fit data	24G4B02	3.5	1	0.0541	2025-10-24
N20	0	0.0825252006464431	0	-17.737825855265	12.6924410422196	2.88942420997404	2.666975	0.0102120549716989	questionable fit (k < n0)	24G4B02	8.9	1	0.0901	2025-10-24
N21	0	0.0593118746968412	0	-62.2251279979383	38.4382685132951	2.47619646857137	2.20205	0.0167086923032253	questionable fit (k < n0)	24G4B02	9.2	1	0.0892	2025-10-24
N22	0	0.107331493142309	0	-15.3276196226673	18.5493526374518	3.17288537254041	2.89685	0.018198966327962	questionable fit (k < n0)	24G4B02	9.5	1	0.1338	2025-10-24
N23	0	0.0889	0	-11.1999119212084	8.56131750474763	2.88780916618042	2.6193625	0.0131907172711007	questionable fit (k < n0)	24G4B02	9.8	1	0.0889	2025-10-24
N24	0	0.0835078789116461	0	-16.864668243177	15.7782074024866	2.69175454925618	2.4488875	0.0118301939880625	questionable fit (k < n0)	24G4B02	10.1	1	0.0872	2025-10-24
N3	0.0873184024976642	0.0689948848050839	0.0442622154339597	-29.9543753287036	15.6600200365962	3.80517495674589	3.7908625	0.00226250684421698	questionable fit	24G4B02	3.8	1	0.0844	2025-10-24
N4	0	0.0498113108325126	0	-7.59377214954536	9.99307790011697	3.31221802927327	3.3019125	0.00295092394814835	questionable fit	24G4B02	4.1	1	0.0763	2025-10-24
N5	0.105603158062011	0.0720679571927544	0.0328606840170249	-23.2805216105636	21.0935104150854	4.15521859989937	4.14025	0.00267849842789928	questionable fit	24G4B02	4.4	1	0.0938	2025-10-24
N6	0	0.0574499368432515	0	-19.7068745790253	13.2375767603932	3.34412928318405	3.3324	0.00199291241768247	questionable fit	24G4B02	4.7	1	0.0751	2025-10-24
N7	0.0900241530193962	0.0716954938465653	0.0604139245317988	-22.5769472687651	11.4733016590423	4.02048206975254	4.00575	0.00210705600139621	questionable fit	24G4B02	5	1	0.0879	2025-10-24
N8	0	0.0509874519752163	0	-8.25048432816065	10.7269694678085	3.35373463999041	3.34315	0.00201759126913904	questionable fit	24G4B02	5.3	1	0.0779	2025-10-24
N9	0.0984455831481168	0.0724073632766426	0.054359390720662	-18.8144592808047	12.751194804994	4.23551194502958	4.22105	0.000807366158419893	questionable fit	24G4B02	5.6	1	0.0954	2025-10-24
O1	0	0.0191297084081793	0	-79.8727655171754	17.1171621928356	0.942132414556475	0.9379	0.00189493735741954	questionable fit	Pine-43	3.2	1	0.0236	2025-10-24
O10	0	0	0	0	0	0	0	0	cannot fit data	Pine-43	5.9	1	0.0166	2025-10-24
O11	0	0	0	0	0	0	0	0	cannot fit data	Pine-43	6.2	1	0.0236	2025-10-24
O12	0	0	0	0	0	0	0	0	cannot fit data	Pine-43	6.5	1	0.0201	2025-10-24
O13	0	0.0223	0	-16.8658728511724	12.7273616155459	0.763977584584198	0.712775	0.00365028454213331	questionable fit (k < n0)	Pine-43	6.8	1	0.0223	2025-10-24
O14	0	0.0207	0	-0.353579031208026	0.351125914474372	0.504903431308511	0.4554875	0.00548879701636977	questionable fit (k < n0)	Pine-43	7.1	1	0.0207	2025-10-24
O15	0	0.012626743675672	0	-11.1628850923967	9.786032474104	0.389981183354969	0.2738375	0.0040902549788261	questionable fit (k < n0)	Pine-43	7.4	1	0.0217	2025-10-24
O16	0	0.0169654405747487	0	-1.17302438055173	0.313233565727011	0.757285614098941	0.6863125	0.00493674849624709	questionable fit (k < n0)	Pine-43	7.7	1	0.0291	2025-10-24
O17	0	0	0	0	0	0	0	0	cannot fit data	Pine-43	8	1	0.0409	2025-10-24
O18	0	0.0224946013395345	0	-12.6071417328769	15.0663759188951	0.640255636509845	0.5368375	0.0036859686575202	questionable fit (k < n0)	Pine-43	8.3	1	0.0279	2025-10-24
O19	0	0	0	0	0	0	0	0	cannot fit data	Pine-43	8.6	1	0.031	2025-10-24
O2	0	0.013104393408775	0	-356.357203514445	59.3675559890514	0.62928485380556	0.6166375	0.00149163684075853	questionable fit (k < n0)	Pine-43	3.5	1	0.0163	2025-10-24
O20	0	0	0	0	0	0	0	0	cannot fit data	Pine-43	8.9	1	0.0333	2025-10-24
O21	0	0	0	0	0	0	0	0	cannot fit data	Pine-43	9.2	1	0.0365	2025-10-24
O22	0	0	0	0	0	0	0	0	cannot fit data	Pine-43	9.5	1	0.0367	2025-10-24
O23	0	0.0134146573808473	0	1784.15053982688	99.0565394232282	0.768987204299854	0.7664125	0.00741656573152061		Pine-43	9.8	1	0.0396	2025-10-24
O24	0	0	0	0	0	0	0	0	cannot fit data	Pine-43	10.1	1	0.0429	2025-10-24
O3	0	0	0	0	0	0	0	0	cannot fit data	Pine-43	3.8	1	0.0179	2025-10-24
O4	0	0.00934629534378235	0	4.30368982278657	5.87157464051895	0.994053724399724	0.993425	0.00230414135146982		Pine-43	4.1	1	0.0263	2025-10-24
O5	0	0.0220757235400177	0	-1.56137680033631	0.296786617833164	1.0365372940842	1.0143375	0.00187136079245976	questionable fit (k < n0)	Pine-43	4.4	1	0.0236	2025-10-24
O6	0	0.00806733022989337	0	9.13582302758794	5.90547735310889	1.15941206636823	1.1636625	0.00373209696287469		Pine-43	4.7	1	0.033	2025-10-24
O7	0	0.0144567835013136	0	-5.5259156748478	10.5800370134071	0.995104794804467	0.992475	0.00248287162504221	questionable fit	Pine-43	5	1	0.0247	2025-10-24
O8	0	0.00983444286986305	0	0.388600125337551	7.13994750729203	0.821174402880817	0.8207125	0.00375599842622304		Pine-43	5.3	1	0.0237	2025-10-24
O9	0	0.0180007964930748	0	-982.807070626969	190.013956373046	0.869581860779731	0.8507125	0.00221331130800691	questionable fit	Pine-43	5.6	1	0.023	2025-10-24
