sample	k	n0	r	t_mid	t_gen	auc_l	auc_e	sigma	note	strain	pH	replicate	max.OD	date
A1	0	0.00431539385416743	0	-6.77697410101175	1.21557878098734	0.203815907123923	0.202999861111111	0.000422675874962811	questionable fit (k < n0)	35G1B03	3.2	1	0.005	2023-07-19
A10	0	0.00519443593681825	0	29.6212386535957	8.39549932610854	1.29867167083791	1.29275013888889	0.00141382595258194		35G1B03	5.9	1	0.057	2023-07-19
A11	0	0.00641172721181926	0	31.5528319967077	10.296259662108	1.15089940737065	1.14912527777778	0.000592024207380997		35G1B03	6.2	1	0.045	2023-07-19
A12	0	0.00369946520320847	0	7.18693720691281	4.2293736518941	0.618896017914156	0.621	0.00241930213349649		35G1B03	6.5	1	0.02	2023-07-19
A13	0	0.000765667847146658	0	9.00724396301681	2.8175498958511	0.301934007926543	0.304874722222222	0.00257489965682418		35G1B03	6.8	1	0.011	2023-07-19
A14	0	0.00259545050844362	0	2.66540044598867	4.81633608109619	0.26859126646893	0.26825	0.00079280934625467		35G1B03	7.1	1	0.01	2023-07-19
A15	0	0.00152754624016911	0	4.15204900350534	5.76164797789249	0.162406296515758	0.162	0.000631933728527631		35G1B03	7.4	1	0.00900000000000001	2023-07-19
A16	0.01	0.000598866424959247	0.0452556140027958	355.100207867273	15.3162695023235	0.104009682285267	0.105374861111111	0.00127461467653554		35G1B03	7.7	1	0.01	2023-07-19
A17	0	0.0000000100198585112752	0	9.71525601794906	0.577452343820716	0.0447547249677186	0.04575	0.000456936102890858		35G1B03	8	1	0.004	2023-07-19
A18	0	0.002	0	-0.305102918855541	1.13026433473709	0.0174358688887437	0.017125	0.000536534114449196	questionable fit (k < n0)	35G1B03	8.3	1	0.002	2023-07-19
A19	0	0	0	0	0	0	0	0	cannot fit data	35G1B03	8.6	1	0	2023-07-19
A2	0	0.00370652542647242	0	-17.3754677909187	12.1247995767178	0.218917108464036	0.218125	0.000353046569968513	questionable fit	35G1B03	3.5	1	0.00499999999999999	2023-07-19
A20	0	0	0	0	0	0	0	0	cannot fit data	35G1B03	8.9	1	0.021	2023-07-19
A21	0	0.00000000000215846923578648	0	16.5821919578452	0.55754131120857	0.0612727959240965	0.0643750000000001	0.00226681469600224		35G1B03	9.2	1	0.011	2023-07-19
A22	0.034	0.00527775506656385	0.0337998061464607	406.197653046914	20.5074306508272	0.6402588284313	0.640625	0.00744803012832678		35G1B03	9.5	1	0.034	2023-07-19
A23	0.12465734113325	0.0150633032044888	0.225808819348752	8.78850279492648	3.06961961255114	4.84250043675301	4.81937597222222	0.00628606608553115		35G1B03	9.8	1	0.135	2023-07-19
A24	0.140691532815277	0.0213854932933484	0.274177320339883	6.26958911728717	2.52809816545252	5.81531784569419	5.79925	0.00942349327342946		35G1B03	10.1	1	0.163	2023-07-19
A3	0.3927500712467	0.010876401281125	0.0705299835853615	50.4536403386108	9.82769519180504	3.27930562520757	3.28750069444444	0.00891676132605058		35G1B03	3.8	1	0.164	2023-07-19
A4	0.229775436789468	0.00424258261603532	0.122919073386074	32.3244679795495	5.63905308969306	3.86225178993794	3.89625027777778	0.00886078908538479		35G1B03	4.1	1	0.19	2023-07-19
A5	0.219120122697134	0.00183984050692599	0.161717855651926	29.5051479444173	4.28615119688355	4.15033351861941	4.23725041666667	0.0105003163109842		35G1B03	4.4	1	0.205	2023-07-19
A6	0.219717345971147	0.00175504818331166	0.159853208216837	30.1640851896121	4.33614807167154	4.02760576158615	4.11262541666667	0.00945500696423141		35G1B03	4.7	1	0.204	2023-07-19
A7	0.21924702052477	0.00196113597991723	0.157107689662142	29.9647334255873	4.41192396152313	4.06381396666232	4.17087527777778	0.0103488118562194		35G1B03	5	1	0.2	2023-07-19
A8	0.239226737710821	0.00135084745601581	0.146429758622521	35.3139756295984	4.73364968351001	3.30493267126549	3.39350041666667	0.00957572354954879		35G1B03	5.3	1	0.194	2023-07-19
A9	0.201	0.0042893259568088	0.0820216232936061	226.354962375564	8.45078593578602	2.67408853052566	2.69162472222222	0.00603466896687389		35G1B03	5.6	1	0.201	2023-07-19
B1	0	0.0033387348817195	0	-288.653532649621	87.4423334772648	0.157947558759192	0.157249861111111	0.000470668019190944	questionable fit (k < n0)	24G2B09	3.2	1	0.00499999999999999	2023-07-19
B10	0	0.000000905412666447705	0	16.2527007201741	1.20085276382913	0.343249240664594	0.3515	0.000874452772010554		24G2B09	5.9	1	0.013	2023-07-19
B11	0.066	0.00148792685140971	0.0792254935331673	267.560628817968	8.74904212833668	0.836888257971131	0.851625	0.00203342429973322		24G2B09	6.2	1	0.066	2023-07-19
B12	0	0.0000000388517568960606	0	14.0577109039739	0.841027665414567	0.142711779558213	0.152125	0.00275510768773738		24G2B09	6.5	1	0.00900000000000001	2023-07-19
B13	0.039	0.000131543783060054	0.115614546944333	191.123995629429	5.99532843296689	0.298401347403821	0.3215	0.00252789173334657		24G2B09	6.8	1	0.039	2023-07-19
B14	0	0.000941766152538522	0	13.2638229780877	5.15795227067511	0.221388849065985	0.223875	0.000923414622115755		24G2B09	7.1	1	0.00800000000000001	2023-07-19
B15	0	0.000000000212232750960968	0	23.7646883358995	0.960694862204572	0.145039672600857	0.14475	0.000237105725761383		24G2B09	7.4	1	0.00600000000000001	2023-07-19
B16	0	0.000000000142050968392056	0	32.9123573097085	1.30945714240257	0.0800072293256816	0.0802500000000001	0.000279163817237768		24G2B09	7.7	1	0.00600000000000001	2023-07-19
B17	0	0.000000000000462047504586849	0	43.7033602278756	1.34050082846918	0.0141031490466537	0.0145	0.000208225080754985		24G2B09	8	1	0.003	2023-07-19
B18	0	0.001	0	-0.000228228762204654	0.0151867045622223	0.000499676188623003	0.000375	0.000102064856315644	questionable fit (k < n0)	24G2B09	8.3	1	0.001	2023-07-19
B19	0	0	0	0	0	0	0	0	cannot fit data	24G2B09	8.6	1	0	2023-07-19
B2	0	0.0036630882304955	0	-2.51004539593104	0.729109532802184	0.192448677504783	0.175875138888888	0.000584543028863887	questionable fit	24G2B09	3.5	1	0.00399999999999999	2023-07-19
B20	0	0.001	0	-0.000105796846618294	0.0141165576085573	0.000249825099095384	0.00025	0.0000723594337919558	questionable fit (k < n0)	24G2B09	8.9	1	0.001	2023-07-19
B21	0	0	0	0	0	0	0	0	cannot fit data	24G2B09	9.2	1	0.002	2023-07-19
B22	0	0	0	0	0	0	0	0	cannot fit data	24G2B09	9.5	1	0	2023-07-19
B23	0.062	0.0149039994012	0.0276187993970014	526.237175238477	25.0969338165801	1.5035098899611	1.50275013888889	0.0118801082769118		24G2B09	9.8	1	0.062	2023-07-19
B24	0.122453009240346	0.0122079298310951	0.232795574675751	9.4530154125242	2.97749294214632	4.69008421870001	4.66000083333333	0.00819250087029627		24G2B09	10.1	1	0.137	2023-07-19
B3	0	0.0000145329332328312	0	14.7043201023084	1.55439933431259	0.343292624209484	0.3525	0.0010450073165589		24G2B09	3.8	1	0.012	2023-07-19
B4	0	0.000000020673833675185	0	14.8873408806467	0.792992717037651	0.308684201043617	0.310125138888889	0.00159292825802417		24G2B09	4.1	1	0.013	2023-07-19
B5	0	0.000747967215178181	0	10.6874088249781	2.62571658681735	0.496550216467245	0.505125138888889	0.00197750955801869		24G2B09	4.4	1	0.017	2023-07-19
B6	0	0.00211931007141356	0	11.196151177701	4.04638629188812	0.599229382730442	0.601625138888889	0.00183731361514685		24G2B09	4.7	1	0.02	2023-07-19
B7	0	0.0062766512537128	0	16.5878834954463	8.87341914326167	0.863440925994603	0.860875138888889	0.00193906932491568		24G2B09	5	1	0.03	2023-07-19
B8	0	0.00000000000582980981344133	0	15.7538836890616	0.518904310610783	0.260688148539059	0.260625138888889	0.00144768931981048		24G2B09	5.3	1	0.012	2023-07-19
B9	0	0.000779999675903053	0	32.0628119062075	6.09157665313096	0.529216668616397	0.516875	0.00182398851668257		24G2B09	5.6	1	0.027	2023-07-19
C1	0	0.00800000000000001	0	-23.5730566278419	7.85768554261396	0.347887971183316	0.329624861111111	0.000871197426270176	questionable fit (k < n0)	23G1B05	3.2	1	0.00800000000000001	2023-07-19
C10	0.201177843490082	0.00660626560371625	0.216482804590951	15.6260982430155	3.20185791139237	6.5238722240835	6.49550152777778	0.0119175303730342		23G1B05	5.9	1	0.238	2023-07-19
C11	0.247390862347873	0.0100023677249013	0.168894537999876	18.7506133528533	4.1040236633375	7.23631252155922	7.19312652777778	0.00970615397343683		23G1B05	6.2	1	0.28	2023-07-19
C12	0.245170743029164	0.00801154243138081	0.180260096196884	18.794222425371	3.84526134837337	7.17216911864366	7.12775166666667	0.00825594783365833		23G1B05	6.5	1	0.268	2023-07-19
C13	0.243711286162744	0.00230568060943378	0.217176752075343	21.4162085806062	3.19162697635094	6.52132839151435	6.49612569444445	0.00493860915604595		23G1B05	6.8	1	0.26	2023-07-19
C14	0.203867440762359	0.00117907915226035	0.197046411131094	26.1204243764697	3.51768487728912	4.50951481286219	4.55987527777778	0.00419276599469459		23G1B05	7.1	1	0.205	2023-07-19
C15	0	0.00532594942180035	0	5.90137619270253	6.42768512877099	0.591918783375298	0.590749861111111	0.000414866750724222		23G1B05	7.4	1	0.015	2023-07-19
C16	0	0.00563918359921902	0	-0.158979212763326	1.31137752247625	0.508409594812999	0.507374027777778	0.00425035829992264	questionable fit	23G1B05	7.7	1	0.028	2023-07-19
C17	0	0.00907993536547837	0	-0.861359250545738	0.405127555612613	0.338497443046108	0.33675	0.000945860492594725	questionable fit (k < n0)	23G1B05	8	1	0.011	2023-07-19
C18	0	0.00748547165542635	0	-30.4938726105703	19.1716203202435	0.288548945468134	0.282624861111111	0.00121508645753217	questionable fit (k < n0)	23G1B05	8.3	1	0.014	2023-07-19
C19	0	0.00800000000000001	0	-0.253572172552364	0.535634026983449	0.110080442081454	0.108999305555556	0.00130496645488482	questionable fit (k < n0)	23G1B05	8.6	1	0.00800000000000001	2023-07-19
C2	0	0.00987744986139637	0	-2.91984387474922	6.88258074600757	0.736643990434306	0.734625138888889	0.000267589012516789	questionable fit	23G1B05	3.5	1	0.017	2023-07-19
C20	0	0.0135657340358665	0	-10.687317915337	46.4443302345676	0.28105665133661	0.245623055555556	0.00495371127793005	questionable fit (k < n0)	23G1B05	8.9	1	0.025	2023-07-19
C21	0	0.00709737170567545	0	-20.7736917906	17.3658178161383	0.243686478500069	0.202124861111111	0.00270383005571477	questionable fit (k < n0)	23G1B05	9.2	1	0.017	2023-07-19
C22	0	0.00135071913254886	0	-129.293868760109	66.4633896950488	0.0606487538731865	0.05475	0.0012103718426513	questionable fit (k < n0)	23G1B05	9.5	1	0.00600000000000001	2023-07-19
C23	0	0.00361657486421894	0	-13.1713471760116	11.3381527415485	0.115012291329243	0.103499861111111	0.00180650268324199	questionable fit (k < n0)	23G1B05	9.8	1	0.015	2023-07-19
C24	0	0.00512089471769669	0	-44.2339091392766	20.182049771311	0.216616728543823	0.2135	0.00185101803402767	questionable fit (k < n0)	23G1B05	10.1	1	0.012	2023-07-19
C3	0.184607449494309	0.014945433964146	0.1802980396877	13.4743699133311	3.84445211806277	6.32699206444866	6.30237597222222	0.00482980391635729		23G1B05	3.8	1	0.19	2023-07-19
C4	0.187217297356414	0.0141096387419065	0.182048789155053	13.7713387392429	3.80748031215733	6.36789106253103	6.34237597222222	0.00569678526117291		23G1B05	4.1	1	0.203	2023-07-19
C5	0.189352456065854	0.0102891184270419	0.218107974427087	13.0974244244122	3.17800017344924	6.59955876487816	6.57487652777778	0.0147685678725863		23G1B05	4.4	1	0.236	2023-07-19
C6	0.174560624891833	0.00450983968929132	0.290148217644373	12.5102802668283	2.38894171464295	6.21511567621931	6.23375138888889	0.0107894224092049		23G1B05	4.7	1	0.207	2023-07-19
C7	0.16927258579129	0.00172325133876995	0.389785318980856	11.7425280003894	1.77827934200362	6.1676065071136	6.23625208333333	0.0110644563937362		23G1B05	5	1	0.183	2023-07-19
C8	0.170147997592671	0.00108721891496955	0.394725207899391	12.7851862633594	1.75602461329659	6.02380027758256	6.07337694444444	0.00725998689139896		23G1B05	5.3	1	0.188	2023-07-19
C9	0.181724176495969	0.00347280901142425	0.297932149345736	13.2185497932253	2.32652696958723	6.34608231049483	6.35362736111111	0.00877953826477863		23G1B05	5.6	1	0.207	2023-07-19
D1	0	0.0114806590850222	0	-65.4191922890956	22.1392682874778	0.51691037203896	0.495499722222223	0.00122758876325931	questionable fit (k < n0)	28G4A10	3.2	1	0.014	2023-07-19
D10	0.232189962084285	0.021160279673281	0.189018959661335	12.1674194941084	3.66707753445398	8.25146960782624	8.22087708333333	0.0095815802645996		28G4A10	5.9	1	0.245	2023-07-19
D11	0.284860752535399	0.0305714499360553	0.140369989500621	15.0915879398736	4.93800122822463	9.22159229174653	9.17787722222222	0.0100057341771709		28G4A10	6.2	1	0.292	2023-07-19
D12	0.214842896255065	0.0203296783083065	0.166110102379645	13.5959118859903	4.17281773131266	7.31100109343971	7.30912569444444	0.00365617898927026		28G4A10	6.5	1	0.212	2023-07-19
D13	0.262159340111656	0.0157194166584314	0.213318835090326	12.9019154183009	3.24934823625135	9.17962796255457	9.14525180555556	0.00721785565721755		28G4A10	6.8	1	0.271	2023-07-19
D14	0.243416616038387	0.0129932283422499	0.156780249469783	18.340895090388	4.42113839532789	7.19849323262175	7.20500138888889	0.00740767060929611		28G4A10	7.1	1	0.252	2023-07-19
D15	0.19249297129325	0.00945655462651537	0.128224272889096	23.1077700978312	5.40574077701704	4.8142909417317	4.83550083333333	0.00389405010726944		28G4A10	7.4	1	0.181	2023-07-19
D16	0	0	0	0	0	0	0	0	cannot fit data	28G4A10	7.7	1	0.034	2023-07-19
D17	0.03	0.0193340701819202	0.00169652493955127	6163.29987959434	408.568812871847	0.971162207093155	0.967125277777778	0.00276431881745041		28G4A10	8	1	0.03	2023-07-19
D18	0.019	0.0120755774427314	0.0100893014989089	1413.0484526142	68.7012059888293	0.749685810662888	0.747500138888889	0.00125653602775089		28G4A10	8.3	1	0.019	2023-07-19
D19	0.02	0.00930418084080406	0.0151361674562427	1018.1404133573	45.7941009548006	0.660384652950695	0.658750555555556	0.0019705489320163		28G4A10	8.6	1	0.02	2023-07-19
D2	0	0.020586151293911	0	-29.4972967498592	13.6163263813172	0.844413109625239	0.7765	0.00204645329233418	questionable fit (k < n0)	28G4A10	3.5	1	0.021	2023-07-19
D20	0	0.0204195580611985	0	-25.4730370399403	17.4407575366917	0.756378618266526	0.71725	0.00361885099475217	questionable fit (k < n0)	28G4A10	8.9	1	0.03	2023-07-19
D21	0.04	0.0126615335386311	0.024998230678404	668.348363652022	27.7278496017222	1.18361720211894	1.18237555555556	0.00204116292234851		28G4A10	9.2	1	0.04	2023-07-19
D22	0	0.00551269986491466	0	-2.68707381751263	4.33817681695816	0.410177611651671	0.408999722222223	0.00110254974954786	questionable fit	28G4A10	9.5	1	0.013	2023-07-19
D23	0	0.00830280738438978	0	-5.11574166076155	3.44811390750519	0.526212530044224	0.524374861111112	0.00120725607953011	questionable fit	28G4A10	9.8	1	0.016	2023-07-19
D24	0	0.00689389520149149	0	6.67966496733259	34.5949447249797	0.416510817783219	0.414875138888889	0.000700399260016868		28G4A10	10.1	1	0.01	2023-07-19
D3	0	0.0278303432866348	0	2.31434398766166	5.57578035948538	2.68945752049038	2.68275013888889	0.00177089330779116		28G4A10	3.8	1	0.068	2023-07-19
D4	0.102002279668674	0.019500407444934	0.147510652905046	9.77817939474039	4.69896354540667	3.77526249962791	3.76950027777778	0.00238814367911731		28G4A10	4.1	1	0.109	2023-07-19
D5	0.137330191156707	0.0243875423529937	0.156185119779502	9.81404449227716	4.43798475513231	5.10247855854979	5.09300041666667	0.00479351117122442		28G4A10	4.4	1	0.145	2023-07-19
D6	0.141376290963938	0.022451335175291	0.1526381768199	10.9221861764006	4.54111281332848	5.11381615508837	5.10287569444445	0.00570694423989134		28G4A10	4.7	1	0.147	2023-07-19
D7	0.170343296476428	0.0293911368821724	0.132014715283993	11.8753986892528	5.25052967821678	5.95469111401681	5.93962527777778	0.00527607839001211		28G4A10	5	1	0.169	2023-07-19
D8	0.177042928854266	0.0244280845562665	0.138593071373959	13.2198810158678	5.00131192481952	6.01412714840767	5.99050138888889	0.0070987625190627		28G4A10	5.3	1	0.181	2023-07-19
D9	0.216413218615621	0.0260699819392333	0.144827861854824	13.7269472226026	4.78600713759594	7.2797410115139	7.25837597222222	0.00536073186556144		28G4A10	5.6	1	0.217	2023-07-19
E1	0	0.021	0	-14.0751244444513	5.88346860263321	0.84987758334229	0.803124444444445	0.00211995190501698	questionable fit (k < n0)	26G2A07	3.2	1	0.021	2023-07-19
E10	0.27144888922767	0.0374088637235795	0.204994202821254	8.94456745781472	3.38130137838258	10.4611972396009	10.4432515277778	0.00727061013240166		26G2A07	5.9	1	0.276	2023-07-19
E11	0.30065179726041	0.0443730664540713	0.185611107132326	9.44788810055974	3.73440572209823	11.3948680466074	11.3808766666667	0.00686100501271459		26G2A07	6.2	1	0.306	2023-07-19
E12	0.251546181249834	0.0476392136489698	0.174085131623929	8.35227912256577	3.9816564119751	9.72274357596739	9.7135	0.00910076979256095		26G2A07	6.5	1	0.253	2023-07-19
E13	0.343440961399571	0.0114503602227411	0.361284726134926	9.3197559299619	1.91856209360227	13.3224571106186	13.3642536111111	0.0114864184816368		26G2A07	6.8	1	0.364	2023-07-19
E14	0.355844361810367	0.0074242277707117	0.3693539306205	10.4199794260157	1.87664763549554	13.4251752957911	13.4883791666667	0.0109200096634982		26G2A07	7.1	1	0.371	2023-07-19
E15	0.329540437889841	0.00974893827676359	0.361648873129703	9.6516568823471	1.91663027887094	12.6774311386948	12.7511294444444	0.0215448349790684		26G2A07	7.4	1	0.355	2023-07-19
E16	0.251413235023799	0.0144229760481469	0.2984110769193	9.38033726459009	2.32279306691888	9.7111977033598	9.72837722222222	0.00830489026576207		26G2A07	7.7	1	0.271	2023-07-19
E17	0.241640254217574	0.0124635071951846	0.300903458892708	9.67648756028054	2.30355338257211	9.26745312615731	9.30350305555556	0.0103785053178191		26G2A07	8	1	0.257	2023-07-19
E18	0.253561467863273	0.035604628965721	0.135068475074184	13.4140953242521	5.13182058344294	8.5545246855469	8.50575111111111	0.015178296545662		26G2A07	8.3	1	0.27	2023-07-19
E19	0.177295541401875	0.0144894147191208	0.2608345033254	9.27462314894422	2.65742135999248	6.84420751979719	6.86200152777778	0.0102274681145261		26G2A07	8.6	1	0.19	2023-07-19
E2	0	0.0332415412220501	0	-2.70779779565853	0.496499936703935	1.63841112173191	1.554875	0.00453524345155566	questionable fit	26G2A07	3.5	1	0.039	2023-07-19
E20	0.137587352990092	0.0161053336538642	0.213730153020215	9.45405098109256	3.24309495298207	5.25162374717874	5.25075208333333	0.00552956088357232		26G2A07	8.9	1	0.146	2023-07-19
E21	0.126005586010277	0.0224808165780628	0.142050029507673	10.7507795566058	4.87959899031561	4.54941501267506	4.54075180555556	0.00401419734436242		26G2A07	9.2	1	0.134	2023-07-19
E22	0.0958144689751005	0.00856070285778391	0.158865789480762	14.613834961387	4.36309908398424	3.16494142804223	3.17537541666667	0.00824829406548992		26G2A07	9.5	1	0.147	2023-07-19
E23	0.101683858252828	0.0155554452137516	0.100347935532815	17.0549458393537	6.90743837309217	3.04272664641896	3.03912555555556	0.00203914157224591		26G2A07	9.8	1	0.102	2023-07-19
E24	0	0.0128946831188255	0	21.9866025092944	9.43566482695995	1.99014906031871	1.991	0.00204574767876592		26G2A07	10.1	1	0.065	2023-07-19
E3	0.177421673236015	0.0300606838310597	0.258741570859787	6.14384131806915	2.67891695275965	7.33522683860918	7.32850125	0.00510264993759327		26G2A07	3.8	1	0.182	2023-07-19
E4	0.160723124810632	0.0229952666692922	0.287918705698781	6.21700244713235	2.40744059639221	6.66220894607664	6.65550125	0.00399940907889137		26G2A07	4.1	1	0.17	2023-07-19
E5	0.212733598404706	0.0246662538947508	0.30740690678077	6.60806247015723	2.2548198016067	8.76372336572018	8.76112680555556	0.0035840233548193		26G2A07	4.4	1	0.223	2023-07-19
E6	0.193291938434624	0.0242742557048561	0.289689380835835	6.69885441659684	2.39272554126776	7.93321133492469	7.92725055555556	0.00355226479045163		26G2A07	4.7	1	0.194	2023-07-19
E7	0.213756679657083	0.0259582102995859	0.266989297569317	7.41183817330978	2.59616092057018	8.61611107408821	8.60550166666667	0.00332401550437165		26G2A07	5	1	0.221	2023-07-19
E8	0.245536249948937	0.0295858534760495	0.263649363902381	7.53937874891555	2.62904931876335	9.86526162422977	9.85512694444444	0.0033757577245433		26G2A07	5.3	1	0.25	2023-07-19
E9	0.268718659701242	0.0306077371278937	0.272422193420584	7.53053110782857	2.5443858734733	10.8106449901719	10.8042522222222	0.00472716700318286		26G2A07	5.6	1	0.273	2023-07-19
F1	0	0.025	0	-0.313547441531746	0.0982084442124367	1.07367622123104	1.069125	0.00162794948834422	questionable fit (k < n0)	26G3B03	3.2	1	0.025	2023-07-19
F10	0.235462525760223	0.011492753598856	0.371864944035041	7.98621765713045	1.86397559565235	9.43826542980727	9.44287694444444	0.0136621488287044		26G3B03	5.9	1	0.266	2023-07-19
F11	0.249268905899638	0.0143217319276832	0.304617565201028	9.18391753453191	2.27546687960201	9.67825876850045	9.68875236111111	0.0172785403914808		26G3B03	6.2	1	0.287	2023-07-19
F12	0.214834702252992	0.0197312790538803	0.287552752969259	7.96836275737516	2.41050441493789	8.57219705897038	8.58750222222222	0.00882561029396641		26G3B03	6.5	1	0.229	2023-07-19
F13	0.314312218048087	0.0113136046266024	0.452810799068736	7.26069759220493	1.53076556916375	12.84376116297	12.8478772222222	0.0083275962909432		26G3B03	6.8	1	0.33	2023-07-19
F14	0.321527148255058	0.0114006945046316	0.427979500870023	7.71837400601998	1.61958032838226	12.9903379539044	12.9993775	0.0105931259184485		26G3B03	7.1	1	0.338	2023-07-19
F15	0.309842227869385	0.0209489462969698	0.360779129530331	7.27306207097058	1.9212507704154	12.6222350671598	12.6150022222222	0.0105731268829671		26G3B03	7.4	1	0.324	2023-07-19
F16	0.237905586281528	0.0167081500766879	0.343046675221663	7.53005126371842	2.02056230427554	9.62623203347512	9.61950125	0.00460499108482096		26G3B03	7.7	1	0.248	2023-07-19
F17	0.189719767018789	0.0239665139568817	0.300401475160013	6.4375271455583	2.30740271894714	7.83877476894562	7.82162597222222	0.00727333618432343		26G3B03	8	1	0.199	2023-07-19
F18	0.130382460058849	0.0157949743264718	0.323420706250187	6.12714879303536	2.14317502610284	5.43411968466376	5.43087555555556	0.00479810879189635		26G3B03	8.3	1	0.139	2023-07-19
F19	0.135981809142686	0.0164478725822563	0.241806337138289	8.20244911667591	2.86653852319649	5.36711719172838	5.36487625	0.0029307567874232		26G3B03	8.6	1	0.142	2023-07-19
F2	0	0.0144546049936406	0	-10.1487749310391	2.31429027866037	0.72775902342924	0.72475	0.000600208780232226	questionable fit	26G3B03	3.5	1	0.017	2023-07-19
F20	0	0.0214737779518919	0	4.29635426797485	3.66048760811373	2.93454375913585	2.92774875	0.00513669545785449		26G3B03	8.9	1	0.084	2023-07-19
F21	0	0.02529186557296	0	1.72654139868591	4.16560107110877	2.54393769640084	2.53862541666667	0.00247663803340407		26G3B03	9.2	1	0.068	2023-07-19
F22	0	0.0190879479639731	0	-2.50899934779713	5.37900666586404	1.44741059896827	1.44362527777778	0.00117444523368931	questionable fit	26G3B03	9.5	1	0.039	2023-07-19
F23	0	0.0216265981466492	0	-7.03841289002954	6.74315596261344	1.42568512030939	1.42125	0.000856703447775255	questionable fit	26G3B03	9.8	1	0.036	2023-07-19
F24	0	0.0171811061972734	0	-45.4125435716088	22.2734285267458	0.719833271498016	0.654500138888889	0.00232266050390695	questionable fit (k < n0)	26G3B03	10.1	1	0.02	2023-07-19
F3	0.118177314003331	0.0354793820651199	0.0325354973180041	26.0098330691351	21.3043364232327	2.76425747580976	2.757875	0.00163934191809124		26G3B03	3.8	1	0.078	2023-07-19
F4	0.168853177793824	0.0236657887857658	0.0422249092327751	42.9602996167758	16.4155990659163	2.63520597993541	2.6325	0.00196162931498654		26G3B03	4.1	1	0.091	2023-07-19
F5	0.145811780644845	0.0231082150628832	0.0924437214174899	18.0605367277261	7.49804497191959	4.2175494732426	4.21662527777778	0.00253784922180556		26G3B03	4.4	1	0.139	2023-07-19
F6	0.163068010270503	0.0187633995495511	0.164652780667564	12.3898197740897	4.2097508329326	5.7219179372545	5.73737569444445	0.00585451477218213		26G3B03	4.7	1	0.167	2023-07-19
F7	0.172822593108705	0.0177094760983979	0.229433567232209	9.45831420827497	3.02112366957366	6.61492308923498	6.63900097222222	0.00781017582954234		26G3B03	5	1	0.174	2023-07-19
F8	0.169809859351868	0.00716248419931863	0.331038661989203	9.43312065123867	2.09385567351814	6.56169562256602	6.60087694444444	0.00749764072851234		26G3B03	5.3	1	0.177	2023-07-19
F9	0.194770189868757	0.0130291396780499	0.319827330354735	8.24005411653687	2.16725437376207	7.74176309105889	7.77362680555556	0.00887104280627555		26G3B03	5.6	1	0.201	2023-07-19
G1	0	0.00148114276409695	0	0.220623857987563	0.549137709146426	0.163430225725082	0.163249861111111	0.000967030005124038		28D03	3.2	1	0.00599999999999999	2023-07-19
G10	0.262773153725481	0.0019711146427003	0.216022432454783	22.6141442898319	3.20868149054396	6.72018159384183	6.72912527777778	0.00560994319804819		28D03	5.9	1	0.268	2023-07-19
G11	0.239482755779331	0.00109270139204079	0.231727775029986	23.239576023678	2.99121320467627	5.97716668455577	5.97175	0.00778659774455884		28D03	6.2	1	0.251	2023-07-19
G12	0.222339482332747	0.000986779939564817	0.19810409741436	27.3243494796501	3.49890380666958	4.65533097282253	4.67687513888889	0.00459743092987645		28D03	6.5	1	0.221	2023-07-19
G13	0.244575439962269	0.00079635954328753	0.221398491828143	25.8536852141641	3.13076739970744	5.47072101069413	5.44850027777778	0.00583982438101088		28D03	6.8	1	0.253	2023-07-19
G14	0.268099059040448	0.00163425250321406	0.219040088929191	23.2562755363045	3.1644763474508	6.68634210878851	6.69350041666667	0.0045293691138837		28D03	7.1	1	0.282	2023-07-19
G15	0	0.00243426409401894	0	4.2069448802487	4.11765879198678	0.307027841928167	0.3065	0.00113331140218643		28D03	7.4	1	0.011	2023-07-19
G16	0	0.00264496818599862	0	8.70303777475449	6.68772962156228	0.33333251497114	0.332875	0.00106035269458134		28D03	7.7	1	0.012	2023-07-19
G17	0	0.00223844589254498	0	5.69361731490631	7.79181040711646	0.223017760906587	0.222625	0.000940118462930682		28D03	8	1	0.00800000000000001	2023-07-19
G18	0	0.00203850200956698	0	-8.54625580325057	3.72574316402975	0.11585695432541	0.1155	0.000652501473939909	questionable fit	28D03	8.3	1	0.00600000000000001	2023-07-19
G19	0	0.0008924894861421	0	17.7363019815048	10.0555696714017	0.111422217394005	0.110875	0.000871007967838987		28D03	8.6	1	0.005	2023-07-19
G2	0	0.00356476545136343	0	-72.5719433658224	27.3023574005433	0.159357873342686	0.156000138888888	0.000394161014148643	questionable fit (k < n0)	28D03	3.5	1	0.00399999999999999	2023-07-19
G20	0	0.00262557502364933	0	-29.9709198480728	14.4830529454293	0.106779305067079	0.105624861111111	0.000398380078393561	questionable fit (k < n0)	28D03	8.9	1	0.004	2023-07-19
G21	0	0.00382236891527753	0	-7.65065634402421	1.72798130925391	0.192365929877343	0.177875	0.000633867598183705	questionable fit	28D03	9.2	1	0.005	2023-07-19
G22	0	0.003	0	-2.64611781598648	4.52356828467514	0.0553717123133377	0.040125	0.000534897307645304	questionable fit (k < n0)	28D03	9.5	1	0.003	2023-07-19
G23	0	0.00309390369022355	0	-10.8683925566329	19.2964344593427	0.0760945954770757	0.0730000000000001	0.000382834578333978	questionable fit (k < n0)	28D03	9.8	1	0.004	2023-07-19
G24	0	0.00234299062753612	0	-12.5177810971576	15.5906722484587	0.0657901865116936	0.0606250000000001	0.000289920126514472	questionable fit (k < n0)	28D03	10.1	1	0.003	2023-07-19
G3	0.176167842088079	0.0112888399104807	0.130615493491375	20.5289372180866	5.30677611079664	4.82209010193366	4.77937625	0.00684553608657068		28D03	3.8	1	0.181	2023-07-19
G4	0.202728383991749	0.0126903130490646	0.11237928565708	24.0826008037667	6.16792655788051	4.88973820729669	4.83475097222222	0.00850495892164558		28D03	4.1	1	0.195	2023-07-19
G5	0.212275625172902	0.0088425114247863	0.155151459959128	20.2110011609524	4.46755177645472	5.90183447390819	5.85262652777778	0.00668906034021521		28D03	4.4	1	0.212	2023-07-19
G6	0.202848392351218	0.00770922507882731	0.148598977580582	21.745070935249	4.66454878657606	5.34091252908012	5.29787583333333	0.00628476962622208		28D03	4.7	1	0.198	2023-07-19
G7	0.231186268513527	0.00758180138795319	0.172258334398189	19.6456555182591	4.02388182250548	6.56747704200262	6.53637611111111	0.00505640008284962		28D03	5	1	0.232	2023-07-19
G8	0.233586016959841	0.00513897961221451	0.181586680006943	20.8960803653181	3.81716974248024	6.35930016566643	6.32237569444445	0.00500804281720762		28D03	5.3	1	0.236	2023-07-19
G9	0.265806791637715	0.00297590318264954	0.222129386993739	20.1727618870992	3.1204659137671	7.43997482911626	7.39350069444444	0.00702396548283183		28D03	5.6	1	0.274	2023-07-19
H1	0	0.00287529865284092	0	-0.247795976517493	0.182987367228517	0.192470270004086	0.175124861111111	0.00092702180410144	questionable fit	23G1B10	3.2	1	0.00599999999999999	2023-07-19
H10	0	0.000218338077892044	0	11.5797201785268	1.86036872284174	0.605329275811184	0.6115	0.00138569241915695		23G1B10	5.9	1	0.019	2023-07-19
H11	0	0.0014724533046004	0	9.64837770298618	2.52355364974566	0.854892265473272	0.862625138888889	0.00281289963686097		23G1B10	6.2	1	0.027	2023-07-19
H12	0	0.000609075284926521	0	10.8304283885269	2.38176848076485	0.5528511292412	0.562625	0.00461015848452982		23G1B10	6.5	1	0.021	2023-07-19
H13	0	0.00171151578368753	0	24.9274355181614	6.33797821550929	0.651432180724307	0.653625	0.00195215901326545		23G1B10	6.8	1	0.03	2023-07-19
H14	0.012	0.00309415527596984	0.0142580520632973	919.767770865422	48.6144374759458	0.214482812267811	0.213125	0.000905288146320908		23G1B10	7.1	1	0.012	2023-07-19
H15	0	0.0033723038683079	0	-1.82615813687935	2.7599233485568	0.254586886733227	0.254	0.000524568482023857	questionable fit	23G1B10	7.4	1	0.00700000000000001	2023-07-19
H16	0	0.00157993450826966	0	1.68754419233665	4.390648972142	0.15631630207936	0.156124722222222	0.000717965251257313		23G1B10	7.7	1	0.005	2023-07-19
H17	0	0.00225131581887727	0	7.72047764967486	4.23638401109141	0.398030721516654	0.397875555555556	0.0017456705913305		23G1B10	8	1	0.014	2023-07-19
H18	0	0.000906301689536837	0	15.4091589170395	8.94300429969444	0.118349342272429	0.118874861111111	0.00103617937878404		23G1B10	8.3	1	0.00600000000000001	2023-07-19
H19	0	0.000517898479596386	0	10.4204626168094	2.43627595172538	0.397125962365875	0.396624722222222	0.00109052618715891		23G1B10	8.6	1	0.014	2023-07-19
H2	0	0	0	0	0	0	0	0	cannot fit data	23G1B10	3.5	1	0.00299999999999999	2023-07-19
H20	0	0	0	0	0	0	0	0	cannot fit data	23G1B10	8.9	1	0.004	2023-07-19
H21	0	0.00316276258111183	0	4.69446255381634	3.89781704807533	0.433568132100534	0.433124861111112	0.00108581034682923		23G1B10	9.2	1	0.012	2023-07-19
H22	0	0.000400105193600663	0	16.0228915942757	4.11412835835237	0.202092972340913	0.204625	0.00138277239802633		23G1B10	9.5	1	0.00800000000000001	2023-07-19
H23	0	0	0	0	0	0	0	0	cannot fit data	23G1B10	9.8	1	0.005	2023-07-19
H24	0	0	0	0	0	0	0	0	cannot fit data	23G1B10	10.1	1	0.004	2023-07-19
H3	0	0.00103448278361821	0	16.8526353315579	3.7260744392996	0.772761044851212	0.780375	0.0010733336204431		23G1B10	3.8	1	0.025	2023-07-19
H4	0	0.000115345478923942	0	21.1708554373102	2.704754376075	0.71096329444116	0.705375138888889	0.000534716015227214		23G1B10	4.1	1	0.027	2023-07-19
H5	0	0.000133928268868605	0	13.9804835946115	1.89837502680432	0.759526735220289	0.769375277777778	0.00216235207363924		23G1B10	4.4	1	0.025	2023-07-19
H6	0	0.00036349707810478	0	13.925584535226	2.44454929575	0.657380649510143	0.670375138888889	0.00201315993595778		23G1B10	4.7	1	0.023	2023-07-19
H7	0	0.000959938031178108	0	10.7413933991124	2.50631863556632	0.733831582107647	0.743000138888889	0.00245242662527314		23G1B10	5	1	0.024	2023-07-19
H8	0	0.00000862353598675996	0	14.2824124160316	1.37251205141432	0.397193032146529	0.396500277777778	0.00100012205119192		23G1B10	5.3	1	0.014	2023-07-19
H9	0	0.000281542039623072	0	10.9235168147422	1.82050934197365	0.681627421831636	0.687000138888889	0.00176604400069713		23G1B10	5.6	1	0.022	2023-07-19
I1	0	0	0	0	0	0	0	0	cannot fit data	35D01	3.2	1	0.019	2023-07-19
I10	0.223163263241022	0.0224913919502533	0.164677541640555	13.289841560345	4.20911785331902	7.65206497925357	7.651375	0.00740287246931859		35D01	5.9	1	0.233	2023-07-19
I11	0.194902273755366	0.0263911148412254	0.158476981164427	11.6986994863734	4.37380353580039	6.93994133099641	6.94037513888889	0.0089001409669094		35D01	6.2	1	0.206	2023-07-19
I12	0.145539235553888	0.0255275173462179	0.144675973405813	10.6986140915397	4.79103173970486	5.2690194211676	5.26550041666667	0.00682469097070802		35D01	6.5	1	0.151	2023-07-19
I13	0.216234153568923	0.0128314434674295	0.287298083706661	9.61819547269697	2.41264115519708	8.29769399255071	8.32812597222222	0.0250749973963415		35D01	6.8	1	0.258	2023-07-19
I14	0.126981389940253	0.0152630199359849	0.218084110456524	9.12743363878702	3.17834792781992	4.88764058087822	4.88362625	0.00738941490330422		35D01	7.1	1	0.14	2023-07-19
I15	0.0957393064368241	0.0260945317232626	0.146388251254817	6.70601559263204	4.7349918768644	3.76644004117306	3.76137597222222	0.00377304099434208		35D01	7.4	1	0.1	2023-07-19
I16	0	0.0121174687006112	0	0.968931460660269	0.687488771153758	2.07870333962351	2.07699972222222	0.00679358850731173		35D01	7.7	1	0.062	2023-07-19
I17	0	0.0601270906279142	0	-19.5081372914428	31.4724882920464	1.77219195793973	1.63037305555556	0.0170466710176014	questionable fit (k < n0)	35D01	8	1	0.077	2023-07-19
I18	0	0.0158788667892719	0	0.177443455347209	0.606024276901896	1.67840263854143	1.67699972222222	0.0161053592008168		35D01	8.3	1	0.063	2023-07-19
I19	0	0.00966239828416659	0	0.663101730538333	0.368004127514299	2.05526100779766	2.05499861111111	0.0166923226441187		35D01	8.6	1	0.069	2023-07-19
I2	0	0.025	0	-19.405737707924	9.42532283774421	0.984996850828741	0.973375	0.000765097977703279	questionable fit (k < n0)	35D01	3.5	1	0.025	2023-07-19
I20	0	0.0373605129233536	0	-0.372836319236961	0.17649084150232	2.21498067763414	2.00549791666667	0.00995335752713963	questionable fit	35D01	8.9	1	0.056	2023-07-19
I21	0	0.003324558795832	0	0.986585362158975	0.249248242702503	2.59576439531442	2.48324944444444	0.0117416493014347		35D01	9.2	1	0.074	2023-07-19
I22	0	0.019326998273999	0	0.5004420426419	4.13665211571101	1.7676814505151	1.76462638888889	0.00257666986975885		35D01	9.5	1	0.047	2023-07-19
I23	0	0.02174874533242	0	0.517512558693028	1.5671086523259	2.27608899830383	2.27325083333333	0.00510759664589949		35D01	9.8	1	0.058	2023-07-19
I24	0	0.0237200393811397	0	-2.18280159942716	3.14672492824021	1.76648692313991	1.76237527777778	0.00210946489423588	questionable fit	35D01	10.1	1	0.042	2023-07-19
I3	0	0.0212115351190597	0	0.80457402514758	2.09309523128948	2.23384372765458	2.230625	0.00334282069466707		35D01	3.8	1	0.054	2023-07-19
I4	0	0.0140443591839423	0	2.25091489771197	2.31503554990026	1.85440231249704	1.85199972222222	0.0020043334875672		35D01	4.1	1	0.049	2023-07-19
I5	0.093480326236482	0.0231685830110154	0.209234621514747	5.3057263702676	3.31277479578633	3.88302228667792	3.87787555555556	0.0010935620094532		35D01	4.4	1	0.097	2023-07-19
I6	0.0973139254401835	0.0174634484634583	0.169563905324897	8.96444209474925	4.08782269570769	3.7058541692589	3.70037541666667	0.00194842264360566		35D01	4.7	1	0.1	2023-07-19
I7	0.143938515188338	0.0298476819941434	0.165874024668446	8.08377161241259	4.17875663139801	5.57440718227597	5.55862555555556	0.00632803671759564		35D01	5	1	0.151	2023-07-19
I8	0.185016045894141	0.0270120659811871	0.118330118265528	14.9271934614058	5.857740959952	5.94029653017588	5.92087555555556	0.00699705834030153		35D01	5.3	1	0.182	2023-07-19
I9	0.232437264671773	0.0291600700218508	0.160781082237041	12.0771063550552	4.31112398869184	8.20794439681437	8.18974958333333	0.00661582874098227		35D01	5.6	1	0.246	2023-07-19
J1	0	0.0186280431953041	0	-2.93469747621717	3.93491776177588	1.35450904978695	1.35062486111111	0.00061757113466349	questionable fit	23D06	3.2	1	0.031	2023-07-19
J10	0.267218290519007	0.0397733256680373	0.237255694210004	7.34950460908672	2.921519683091	10.7358210064482	10.7111256944444	0.00726203366175011		23D06	5.9	1	0.276	2023-07-19
J11	0.263549679441939	0.0439649159294879	0.21983375047694	7.31619403395497	3.15305169955082	10.5575120767733	10.5396269444444	0.00865780382646891		23D06	6.2	1	0.273	2023-07-19
J12	0.226140354574165	0.0443029283942032	0.228715015311344	6.17389393799642	3.03061510682358	9.28934420882132	9.27875083333333	0.00776243443374426		23D06	6.5	1	0.236	2023-07-19
J13	0.27852953460863	0.033959854120014	0.288842494801896	6.8352864617364	2.39974101122255	11.397234508908	11.3930023611111	0.00809723430791517		23D06	6.8	1	0.295	2023-07-19
J14	0.309914283781121	0.0320183106437716	0.255211162219097	8.46725856641526	2.71597517339341	12.1828324982048	12.1910033333333	0.0110139368842389		23D06	7.1	1	0.312	2023-07-19
J15	0.280451745271436	0.0346075428869085	0.264661379279519	7.40805612129382	2.61899632823981	11.3019564439781	11.2982575	0.0105958741425407		23D06	7.4	1	0.288	2023-07-19
J16	0.21277744461583	0.0421495176819447	0.25637380837678	5.4539973773052	2.703658321997	8.91318345476025	8.89625208333333	0.00765332963497752		23D06	7.7	1	0.216	2023-07-19
J17	0.190053938152341	0.0290151679618869	0.354088645347374	4.84010555189912	1.9575526910216	8.15269826690711	8.14537041666667	0.00699250960520543		23D06	8	1	0.194	2023-07-19
J18	0.15926785729034	0.0325470089849525	0.265315460578777	5.12333938187519	2.61253972553226	6.72425786841858	6.71850236111111	0.00554177673182393		23D06	8.3	1	0.167	2023-07-19
J19	0.153795890272808	0.0362740259713636	0.180466424938824	6.51380138250641	3.84086502957496	6.18310538250414	6.16225222222222	0.0105954689175357		23D06	8.6	1	0.17	2023-07-19
J2	0	0.0240424185373841	0	-0.0957783553957948	0.227507992145528	2.01690812855574	2.01012513888889	0.000669363697385309	questionable fit	23D06	3.5	1	0.044	2023-07-19
J20	0.139223250752272	0.0455906960625504	0.0963649986374801	7.46821436949057	7.19293509428177	5.12656464089316	5.11475069444444	0.00776825218659215		23D06	8.9	1	0.141	2023-07-19
J21	0.137102496985327	0.0517117161894811	0.0672273201992981	7.46056462875147	10.3104984477305	4.74821111342898	4.73699819444444	0.00699765487043017		23D06	9.2	1	0.132	2023-07-19
J22	0.104	0.0393079281015056	0.0197400630567071	855.623935484042	35.1137267681844	3.16564706460398	3.1605	0.00358054689437562		23D06	9.5	1	0.104	2023-07-19
J23	0.093	0.0490104294682172	0.0129137361702623	1179.52644007988	53.6751851997814	3.27749918841856	3.26975097222222	0.00371368557381809		23D06	9.8	1	0.093	2023-07-19
J24	0.06	0.039377795307832	0.00633282365652802	2000.93615945688	109.453099936777	2.21980462390927	2.21399986111111	0.00545210590908199		23D06	10.1	1	0.06	2023-07-19
J3	0.14344102814208	0.0341977042985941	0.238173020135405	4.87636763568202	2.91026741889522	6.05106153035409	6.04550069444445	0.0029609158707821		23D06	3.8	1	0.147	2023-07-19
J4	0.165743752437019	0.0294740816456602	0.268522474845362	5.70203484049818	2.58133767372403	6.92370103231702	6.91375055555556	0.0027189134185628		23D06	4.1	1	0.17	2023-07-19
J5	0.231574643384172	0.031967036950435	0.26303259073745	6.96357888508563	2.63521405699805	9.41963741036984	9.41762666666667	0.00522059697233703		23D06	4.4	1	0.236	2023-07-19
J6	0.207694537045771	0.0283615824377514	0.282702461695658	6.52349700191213	2.45186114193144	8.54910020669508	8.54050097222222	0.00285391158700121		23D06	4.7	1	0.213	2023-07-19
J7	0.245326791425573	0.0304217988681919	0.295515183732347	6.61568922183594	2.34555521582857	10.0929978460433	10.0911258333333	0.00441107654425901		23D06	5	1	0.249	2023-07-19
J8	0.24439504355749	0.0256249426268352	0.29951421742645	7.15977769238321	2.31423799015536	9.94080404771243	9.9295025	0.00332724724435918		23D06	5.3	1	0.247	2023-07-19
J9	0.273963969879543	0.0347068403250107	0.273123126048143	7.06861429999184	2.53785605997262	11.1339498788129	11.1192518055556	0.00418834587023335		23D06	5.6	1	0.277	2023-07-19
K1	0	0.00369186445825181	0	-0.393571886873537	0.12950747207965	0.199528976036704	0.198749861111111	0.000508842691965562	questionable fit	35G1A08	3.2	1	0.005	2023-07-19
K10	0.107365532065125	0.0078798956431465	0.0778826429983037	32.5579425406068	8.89989288852257	1.93189566356107	1.91262541666667	0.00436830959920735		35G1A08	5.9	1	0.094	2023-07-19
K11	0	0.00937702631226547	0	13.5805136847035	7.01429991999537	1.47549911351974	1.47187513888889	0.00133918020383428		35G1A08	6.2	1	0.045	2023-07-19
K12	0	0.0015660986406205	0	8.18277674988028	2.47398716836426	0.677373379642175	0.681875	0.00315639920549215		35G1A08	6.5	1	0.022	2023-07-19
K13	0	0.0089128385066257	0	-5.04142368019382	19.0842900500475	0.575687340090371	0.575749444444445	0.00387672855651197	questionable fit	35G1A08	6.8	1	0.021	2023-07-19
K14	0	0.0011125528646662	0	3.07678821999051	0.815086191995831	0.736070156653138	0.7375	0.00349778037572973		35G1A08	7.1	1	0.023	2023-07-19
K15	0	0.0297134933798277	0	-19.4208737175847	32.8091447210007	0.867853632512691	0.794875138888889	0.00738765523149626	questionable fit (k < n0)	35G1A08	7.4	1	0.035	2023-07-19
K16	0	0.0022879339336012	0	1.08709927507044	0.384446576578647	0.87177827110269	0.872749444444445	0.0062045677816998		35G1A08	7.7	1	0.03	2023-07-19
K17	0	0.00196820680695813	0	0.79309426578245	0.242280279704854	0.994921819853617	0.959250555555556	0.00926960772482012		35G1A08	8	1	0.035	2023-07-19
K18	0	0.0035433243078957	0	1.56200959146902	0.645897247708028	1.04514858486266	1.04499986111111	0.00309735925237324		35G1A08	8.3	1	0.028	2023-07-19
K19	0	0.0024570369457651	0	1.17439695317713	0.39018799706772	1.04484763298771	1.04462583333333	0.0029650003818736		35G1A08	8.6	1	0.03	2023-07-19
K2	0	0.00551154267845142	0	-14.6221235719361	7.74215123453259	0.319022776126259	0.313625	0.00042465984878748	questionable fit	35G1A08	3.5	1	0.00699999999999999	2023-07-19
K20	0	0.0100618474916234	0	2.2486970183347	1.75851173849654	1.55413904197225	1.55275027777778	0.00262341295346167		35G1A08	8.9	1	0.04	2023-07-19
K21	0	0.00740329354097986	0	1.12858793289168	0.727986550736243	1.36026983136028	1.35875	0.00250086563370804		35G1A08	9.2	1	0.035	2023-07-19
K22	0	0.00698342350923567	0	2.10887083865709	1.35408957354267	1.25362361576709	1.25262416666667	0.00181272735047684		35G1A08	9.5	1	0.031	2023-07-19
K23	0	0.00548327518445833	0	1.85213253336274	1.16426436316813	1.00916371647165	1.00374944444444	0.00311656461624229		35G1A08	9.8	1	0.028	2023-07-19
K24	0	0.00654754351652967	0	3.47758522335297	2.35498826039022	1.0820554080668	1.08175	0.00261694228490445		35G1A08	10.1	1	0.031	2023-07-19
K3	0.127242608244046	0.00511971444507742	0.15637110173854	20.2846252512505	4.43270638150852	3.52948008816123	3.50987569444444	0.00318120316298699		35G1A08	3.8	1	0.134	2023-07-19
K4	0.124378862448285	0.00280874099321567	0.190537614854921	19.7743363832186	3.63784957152802	3.52412096626912	3.49250069444444	0.00457017260571792		35G1A08	4.1	1	0.135	2023-07-19
K5	0.131574903035227	0.00350491753829123	0.192946134714011	18.6498158576587	3.59243879949885	3.87254454684045	3.86650069444444	0.00353355570288867		35G1A08	4.4	1	0.139	2023-07-19
K6	0.131927855514307	0.00195238104441286	0.218407112717762	19.2223414630258	3.17364746932793	3.81565287084483	3.82712555555556	0.00367085784245248		35G1A08	4.7	1	0.137	2023-07-19
K7	0.136643002327923	0.00484569783602943	0.173130583766978	19.0790895017528	4.00360909943487	3.9563969439319	3.97050069444444	0.00574967005736176		35G1A08	5	1	0.138	2023-07-19
K8	0.153940764566432	0.00513585602079285	0.119658019394624	28.1334221790074	5.79273486279254	3.15767216893849	3.12012541666667	0.00547122103112385		35G1A08	5.3	1	0.143	2023-07-19
K9	0.107659991440317	0.00779432278993356	0.108525704150231	23.5007030653809	6.38694018147468	2.65080285814137	2.62374944444444	0.00484165844665872		35G1A08	5.6	1	0.113	2023-07-19
L1	0	0.00104485140788234	0	148.758972866357	72.2545199842535	0.0606470572102891	0.060499861111111	0.000542171884282024		28G4B03	3.2	1	0.00299999999999999	2023-07-19
L10	0.0965437352764986	0.000810795781079557	0.218358295998852	21.850791061491	3.17435697777926	2.54197667509372	2.56	0.00184023297078997		28G4B03	5.9	1	0.099	2023-07-19
L11	0.0863266651716007	0.0020890529959612	0.154568021027814	23.917823661307	4.48441518465981	2.0958570196988	2.09912527777778	0.00163046056317744		28G4B03	6.2	1	0.088	2023-07-19
L12	0	0.000532675364647768	0	22.9448758744927	3.46660812639292	1.33485302571001	1.3535	0.00176910826599809		28G4B03	6.5	1	0.052	2023-07-19
L13	0	0.00101451047448787	0	22.0402299676609	4.34296135481004	0.918153020204463	0.911500277777778	0.00179280726746345		28G4B03	6.8	1	0.039	2023-07-19
L14	0	0.00583107803313775	0	42.4363352892663	13.425646054483	0.839038112250375	0.838625	0.000819467323452566		28G4B03	7.1	1	0.033	2023-07-19
L15	0	0.00559908794613697	0	0.335188554114949	2.8941031904243	0.526608769758405	0.52525	0.000787967049619397		28G4B03	7.4	1	0.014	2023-07-19
L16	0	0.0028940273361527	0	0.472152709912216	1.47643093314183	0.302403286086967	0.301874861111111	0.000623033728260992		28G4B03	7.7	1	0.00800000000000001	2023-07-19
L17	0	0.00341310725580525	0	0.4093064654601	0.201867211613601	0.827152063984089	0.826249861111111	0.000583799372737587		28G4B03	8	1	0.019	2023-07-19
L18	0	0.00191529044942929	0	-8.25268835299648	1.83438129170719	0.0961803786155298	0.0906247222222223	0.000931715898343285	questionable fit	28G4B03	8.3	1	0.004	2023-07-19
L19	0	0.000061035249982061	0	0.579908357939274	0.0740126029121363	0.666740862743016	0.665875	0.00130953104459608		28G4B03	8.6	1	0.016	2023-07-19
L2	0	0.00384659309948142	0	-0.933234648776422	0.200775677101328	0.192773579238422	0.176375	0.000575561215419464	questionable fit	28G4B03	3.5	1	0.00399999999999999	2023-07-19
L20	0	0	0	0	0	0	0	0	cannot fit data	28G4B03	8.9	1	0.004	2023-07-19
L21	0	0.00125145772690773	0	0.671681312498836	0.291277520366224	0.353068789998323	0.35275	0.000584572171358369		28G4B03	9.2	1	0.00900000000000001	2023-07-19
L22	0	0.000164347357930058	0	0.325918640887361	0.0870806296890522	0.113183588477827	0.113000277777778	0.00132857666578573		28G4B03	9.5	1	0.005	2023-07-19
L23	0	0	0	0	0	0	0	0	cannot fit data	28G4B03	9.8	1	0.005	2023-07-19
L24	0	0.00270395532884496	0	-0.543057310102007	3.46410746780369	0.230853133873679	0.230375277777778	0.00152562463947168	questionable fit	28G4B03	10.1	1	0.00700000000000001	2023-07-19
L3	0	0.00235260214245789	0	-0.345648762971909	0.851834245318171	0.196156317660461	0.19575	0.000747008927610403	questionable fit	28G4B03	3.8	1	0.005	2023-07-19
L4	0	0	0	0	0	0	0	0	cannot fit data	28G4B03	4.1	1	0.001	2023-07-19
L5	0	0.000677859350782423	0	9.22035717807449	3.17100910807434	0.221438291916555	0.220250138888889	0.000410023309781085		28G4B03	4.4	1	0.00600000000000001	2023-07-19
L6	0	0.00319562854250204	0	25.6330795092714	5.51059493539864	1.89692744853657	1.89412513888889	0.000854484264246525		28G4B03	4.7	1	0.082	2023-07-19
L7	0.0911359357812641	0.0035061078939808	0.147517767205852	21.818489676355	4.69873692971979	2.39297090802228	2.39000041666667	0.00126259146530628		28G4B03	5	1	0.094	2023-07-19
L8	0.0861628781177731	0.0012692133129028	0.184295628871202	22.805761736734	3.76106142508873	2.18582370597257	2.16037513888889	0.00255479583185349		28G4B03	5.3	1	0.093	2023-07-19
L9	0.0961140247512089	0.00177993887204987	0.203987706157442	19.463249227516	3.397985072811	2.75498875887148	2.74150027777778	0.00241480972754917		28G4B03	5.6	1	0.102	2023-07-19
M1	0	0.00492847734400229	0	-68.6812124944078	28.519689413916	0.217273017305374	0.213749861111111	0.000471715438573568	questionable fit (k < n0)	28G4A05	3.2	1	0.00600000000000001	2023-07-19
M10	0	0.00501178838539474	0	13.5084641301694	4.57023210781525	1.4894001847179	1.48600013888889	0.00123076171985621		28G4A05	5.9	1	0.046	2023-07-19
M11	0	0.00360475141070763	0	13.0241278327003	4.12409849461636	1.23678891373998	1.23400041666667	0.00120504060310577		28G4A05	6.2	1	0.037	2023-07-19
M12	0	0.0024357715178698	0	9.07129087489845	2.58099782912326	1.17529436680314	1.18500013888889	0.00506503772860235		28G4A05	6.5	1	0.036	2023-07-19
M13	0	0.000368040651294513	0	12.6872215498271	2.02602118107724	1.01528578568199	1.01362513888889	0.00244617387975964		28G4A05	6.8	1	0.033	2023-07-19
M14	0	0.00520394386096987	0	9.57618263096366	5.07813515247635	0.901935451362197	0.900750138888889	0.000935005603418557		28G4A05	7.1	1	0.026	2023-07-19
M15	0	0.00389896518702982	0	8.84712681528439	4.3900073795407	0.746533802943477	0.746000277777778	0.000779125061211396		28G4A05	7.4	1	0.021	2023-07-19
M16	0	0.00451325498062777	0	5.22374501798126	3.78521037458012	0.670041777968265	0.668999861111111	0.000709099156105515		28G4A05	7.7	1	0.017	2023-07-19
M17	0	0.00288695369654338	0	17.0001566899732	7.85250915664502	0.469033031059268	0.4695	0.000958359303989318		28G4A05	8	1	0.015	2023-07-19
M18	0	0.00271722210551156	0	7.31511550453062	4.8649555804785	0.40427346792581	0.404499583333334	0.000789172760116594		28G4A05	8.3	1	0.011	2023-07-19
M19	0	0.000218660376756203	0	11.9033914570769	2.10380511902697	0.408069093394734	0.408750416666667	0.00113809010980197		28G4A05	8.6	1	0.013	2023-07-19
M2	0	0.00585548151185344	0	-7.23351491036194	3.07149486782965	0.331895357518272	0.326875	0.000347639594594816	questionable fit	28G4A05	3.5	1	0.00699999999999999	2023-07-19
M20	0	0.00397913059032621	0	4.26401224362365	4.29929229826667	0.492567636247669	0.491499861111111	0.00102170156412535		28G4A05	8.9	1	0.014	2023-07-19
M21	0	0.00380934998196781	0	3.89566359850602	5.03563087037618	0.422975560060577	0.422375138888889	0.000749646620198424		28G4A05	9.2	1	0.011	2023-07-19
M22	0	0.0127939167261251	0	-4.33770918394431	5.81746119232864	0.904692330901969	0.902125	0.000570877482656871	questionable fit	28G4A05	9.5	1	0.021	2023-07-19
M23	0	0.0047254841787872	0	0.947306257834654	3.45181987482078	0.462091408736926	0.461250277777778	0.00158664498739743		28G4A05	9.8	1	0.013	2023-07-19
M24	0	0.00565507725036319	0	-0.118380658603932	5.41998740951509	0.481110029189085	0.479750416666667	0.00158075617184235	questionable fit	28G4A05	10.1	1	0.014	2023-07-19
M3	0	0.00326864006781896	0	10.3634443098728	3.78711106637127	0.929020677215781	0.930375277777778	0.000837473775857914		28G4A05	3.8	1	0.025	2023-07-19
M4	0	0.000651264210030346	0	10.6164382965227	2.07517425381873	0.871403328095315	0.875250277777778	0.00119102845787652		28G4A05	4.1	1	0.027	2023-07-19
M5	0	0.00105379443538114	0	9.08522466548087	1.92154834192686	1.13079880824861	1.14012541666667	0.00290219004277008		28G4A05	4.4	1	0.037	2023-07-19
M6	0	0.0017540348250958	0	9.9099913195877	2.48892352980408	1.12181154614548	1.12750013888889	0.00164539593826875		28G4A05	4.7	1	0.032	2023-07-19
M7	0	0.00282603560490983	0	9.08494314369535	2.56921100045397	1.38209512110471	1.38700027777778	0.00145474000869903		28G4A05	5	1	0.039	2023-07-19
M8	0	0.000820646835337863	0	11.1735038215824	2.1879528010844	1.07497179510252	1.07725013888889	0.0010399010117812		28G4A05	5.3	1	0.031	2023-07-19
M9	0	0.00261463033928382	0	11.1804599424513	3.06970733810485	1.29347369579543	1.29225041666667	0.00107074475273253		28G4A05	5.6	1	0.037	2023-07-19
N1	0	0.00078873039760489	0	-0.76155384607289	1.65499498078575	0.0638812175029382	0.0637499999999999	0.000536499503018607	questionable fit	35G2A07	3.2	1	0.003	2023-07-19
N10	0	0.0017799751128313	0	36.7967396759762	7.75470393385142	0.715190520815939	0.723249861111111	0.00128931539219775		35G2A07	5.9	1	0.035	2023-07-19
N11	0	0.0040206771314576	0	51.7246574750321	13.2941266901586	0.659758703949393	0.659875	0.000904723365902087		35G2A07	6.2	1	0.029	2023-07-19
N12	0	0.00268266079285139	0	-0.710549597947998	0.23073036122213	0.144502517728817	0.112624861111111	0.00154707975147271	questionable fit	35G2A07	6.5	1	0.00600000000000001	2023-07-19
N13	0	0	0	0	0	0	0	0	cannot fit data	35G2A07	6.8	1	0	2023-07-19
N14	0	0.00900000000000001	0	-12.3670288595964	14.5838136483756	0.256199102638347	0.212250277777778	0.0016211225715161	questionable fit (k < n0)	35G2A07	7.1	1	0.00900000000000001	2023-07-19
N15	0	0.00634042503732502	0	-15.7855188953247	28.8719055292472	0.172342778553898	0.145499722222222	0.00241520033050417	questionable fit (k < n0)	35G2A07	7.4	1	0.00900000000000001	2023-07-19
N16	0	0.00849689578473951	0	-12.7320598197495	70.4820748111535	0.184761252648134	0.160374444444445	0.00270138459761297	questionable fit (k < n0)	35G2A07	7.7	1	0.01	2023-07-19
N17	0	0	0	0	0	0	0	0	cannot fit data	35G2A07	8	1	0.00900000000000001	2023-07-19
N18	0	0.0021953684114457	0	-22.7984661151086	25.995741085133	0.0715749622440214	0.0644998611111112	0.00150778198371806	questionable fit (k < n0)	35G2A07	8.3	1	0.00600000000000001	2023-07-19
N19	0	0.000228888214902788	0	1.25615723452945	0.286688482012342	0.234645920457333	0.216625138888889	0.00146215891937253		35G2A07	8.6	1	0.00800000000000001	2023-07-19
N2	0	0	0	0	0	0	0	0	cannot fit data	35G2A07	3.5	1	0.00299999999999999	2023-07-19
N20	0	0.00842788883240983	0	-10.3405608204577	11.1362181912333	0.239009552824247	0.227749861111111	0.000934428871142984	questionable fit (k < n0)	35G2A07	8.9	1	0.01	2023-07-19
N21	0	0.00400136109912864	0	-3.85000631153957	9.27994280761304	0.066492076767868	0.0603750000000001	0.000820676180267385	questionable fit (k < n0)	35G2A07	9.2	1	0.00700000000000001	2023-07-19
N22	0	0	0	0	0	0	0	0	cannot fit data	35G2A07	9.5	1	0.00800000000000001	2023-07-19
N23	0	0.00180803699848068	0	1.03289208794677	0.725942721355604	0.311746223272093	0.311749166666667	0.00305015663618539		35G2A07	9.8	1	0.011	2023-07-19
N24	0	0.00601302157943176	0	-29.188575657688	11.3599630475742	0.255409417257546	0.244625	0.00157423048171509	questionable fit (k < n0)	35G2A07	10.1	1	0.00900000000000001	2023-07-19
N3	0	0.0020295970996713	0	-1650.78382548935	270.638323556827	0.0977504562578561	0.0971250000000001	0.000159845712574138	questionable fit (k < n0)	35G2A07	3.8	1	0.003	2023-07-19
N4	0	0	0	0	0	0	0	0	cannot fit data	35G2A07	4.1	1	0	2023-07-19
N5	0	0	0	0	0	0	0	0	cannot fit data	35G2A07	4.4	1	0	2023-07-19
N6	0.005	0.00387497169454984	0.00188195161003557	6294.10020427684	368.312966637248	0.195526784024832	0.194625	0.000232230701402596		35G2A07	4.7	1	0.005	2023-07-19
N7	0.00700000000000001	0.0013744172400959	0.0320359432406002	566.502793997548	21.6365466549303	0.158078639428659	0.1585	0.000388468087921975		35G2A07	5	1	0.00700000000000001	2023-07-19
N8	0	0.00000556367549591219	0	38.057103629451	3.17695991844502	0.238634173870579	0.23375	0.00058656692321354		35G2A07	5.3	1	0.022	2023-07-19
N9	0	0.000420645372089416	0	35.7534063027891	5.74770453221875	0.445291520311302	0.445250138888889	0.000477314192137185		35G2A07	5.6	1	0.026	2023-07-19
O1	0	0.012	0	-13.8688613527901	8.75027727563259	0.425844449589582	0.412374861111111	0.000782048059772816	questionable fit (k < n0)	23D03	3.2	1	0.012	2023-07-19
O10	0.161466348289032	0.015227153287748	0.15866590972894	14.2574001703824	4.36859550828591	5.38519784406454	5.36175125	0.00680712774216381		23D03	5.9	1	0.174	2023-07-19
O11	0.173012554926636	0.022534491399988	0.139521244684519	13.609183562044	4.96804040221449	5.82231389879429	5.80750111111111	0.00448973150521881		23D03	6.2	1	0.172	2023-07-19
O12	0.11101437055907	0.0168181029268458	0.146479810722613	11.7621990984729	4.73203219706877	3.92477255725016	3.91325083333333	0.00637984895182221		23D03	6.5	1	0.115	2023-07-19
O13	0.151858350444175	0.0263218546184241	0.124531330407876	12.5446098292859	5.56604653856736	5.19745248323574	5.17900041666667	0.0073720989135077		23D03	6.8	1	0.154	2023-07-19
O14	0	0.0151831191569714	0	23.0630099604148	10.493507969281	2.10323538274921	2.10775055555556	0.00878802356635278		23D03	7.1	1	0.081	2023-07-19
O15	0.032	0.0202755609362335	0.00425096889006849	2915.22213731968	163.056281634839	1.0847232642656	1.08100069444444	0.00582204505977433		23D03	7.4	1	0.032	2023-07-19
O16	0	0.0121657406048143	0	-0.239075511519166	0.287361690242513	0.912378067431096	0.898874444444445	0.00458999764618048	questionable fit	23D03	7.7	1	0.03	2023-07-19
O17	0	0	0	0	0	0	0	0	cannot fit data	23D03	8	1	0.026	2023-07-19
O18	0	0	0	0	0	0	0	0	cannot fit data	23D03	8.3	1	0.023	2023-07-19
O19	0	0.0243130269997525	0	-0.670955111371822	0.344906312077694	0.870377748101599	0.791	0.0101609569182526	questionable fit (k < n0)	23D03	8.6	1	0.033	2023-07-19
O2	0	0	0	0	0	0	0	0	cannot fit data	23D03	3.5	1	0.017	2023-07-19
O20	0	0.0250130894349596	0	-12.567419213173	13.331023617869	0.737964319885361	0.660750277777778	0.00628294600904367	questionable fit (k < n0)	23D03	8.9	1	0.028	2023-07-19
O21	0	0	0	0	0	0	0	0	cannot fit data	23D03	9.2	1	0.03	2023-07-19
O22	0	0.00890788854362659	0	-0.0195209182640262	0.158275185193856	0.821079479899785	0.819375694444445	0.00442595815698477	questionable fit	23D03	9.5	1	0.027	2023-07-19
O23	0	0.0226206620288513	0	-11.3410409615473	9.19469503781172	0.720234094172476	0.625626111111111	0.00573418011709912	questionable fit (k < n0)	23D03	9.8	1	0.026	2023-07-19
O24	0	0.00811405997273768	0	0.0608982284617779	0.244258011109116	0.851156501878199	0.849499583333334	0.00345339625124967		23D03	10.1	1	0.026	2023-07-19
O3	0	0.0194678754286611	0	-3.78992825833108	3.11916003761969	1.29778938517246	1.29375013888889	0.000866782644871551	questionable fit	23D03	3.8	1	0.029	2023-07-19
O4	0	0.0134771147791663	0	0.0898766265564177	5.02167193614584	1.17026446327811	1.16775	0.000716343613824786		23D03	4.1	1	0.028	2023-07-19
O5	0	0.0189978747622966	0	9.93952754857041	8.52472047800699	2.11181256854494	2.10525027777778	0.00228974754220923		23D03	4.4	1	0.066	2023-07-19
O6	0.139207833245697	0.0179609734519332	0.0402863374725433	47.4013645360656	17.2055149225802	1.97417655045261	1.96825027777778	0.00216110454327586		23D03	4.7	1	0.075	2023-07-19
O7	0.101687099267119	0.017277058424741	0.111638623035658	14.209301403785	6.20884745540575	3.30752877298977	3.30637527777778	0.00253180106596682		23D03	5	1	0.101	2023-07-19
O8	0.111340032509808	0.00893785544382248	0.12395401711628	19.6735237175434	5.591970286124	3.12727660675964	3.13150055555556	0.00229131968902629		23D03	5.3	1	0.111	2023-07-19
O9	0.145095167450204	0.0159259224485619	0.163813094879054	12.7778270622223	4.23132949824133	5.03995851716577	5.03450069444444	0.00334859029438624		23D03	5.6	1	0.155	2023-07-19
