sample	k	n0	r	t_mid	t_gen	auc_l	auc_e	sigma	note	strain	pH	replicate	max.OD	date
A1	0	0.0110281722435612	0	13.6771058566481	4.27349394192886	3.81201065814192	3.7995	0.00525301965239954		Wood-1	3.2	1	0.127	2025-11-07
A10	0	0.00705570819071372	0	13.6886339859822	4.03935158920518	2.75268394172547	2.744875	0.00682843875821288		Wood-1	5.9	1	0.104	2025-11-07
A11	0	0.010240194758337	0	10.12818951453	3.47805276172288	3.2702210509196	3.267625	0.00856427269285333		Wood-1	6.2	1	0.11	2025-11-07
A12	0	0.00763610689108643	0	11.6694062812531	3.32580280916347	3.41656484888268	3.412875	0.00855349313465561		Wood-1	6.5	1	0.117	2025-11-07
A13	0	0.0111941980433112	0	8.82345307697216	4.29331434160746	2.19645958642337	2.1925	0.0083527433326016		Wood-1	6.8	1	0.083	2025-11-07
A14	0	0.0064444373807256	0	11.1201958037032	3.41270374008253	2.49286525558177	2.482375	0.0070012250841132		Wood-1	7.1	1	0.087	2025-11-07
A15	0	0.00871638901376995	0	8.6281748071059	3.43967516737011	2.26104421690838	2.25775	0.00884911144041662		Wood-1	7.4	1	0.08	2025-11-07
A16	0	0.0099449863960727	0	7.27138181522215	3.12544434000224	2.39993777286537	2.39225	0.00631842250350772		Wood-1	7.7	1	0.075	2025-11-07
A17	0	0.00765718585872583	0	5.75592295889285	2.18492744361699	2.3172251907156	2.30925	0.00595561209282996		Wood-1	8	1	0.069	2025-11-07
A18	0	0.00331232564283564	0	3.59156530005504	0.993307433946836	1.95437207486302	1.951875	0.0049599023970552		Wood-1	8.3	1	0.054	2025-11-07
A19	0	0.00210996481762637	0	3.14130659761618	0.759754217083228	1.76281741349463	1.762	0.00496929927637673		Wood-1	8.6	1	0.05	2025-11-07
A2	0	0.0040155172487859	0	20.6038437630629	5.36681978372843	1.67813302874854	1.682	0.00647486367954474		Wood-1	3.5	1	0.082	2025-11-07
A20	0	0.0226984780545439	0	21.290831621265	12.9138534681087	2.41255820523827	2.406125	0.00543377829553921		Wood-1	8.9	1	0.084	2025-11-07
A21	0	0.0162766316099907	0	7.34866858475667	5.73038333554092	2.12678072563331	2.12425	0.00467541113982121		Wood-1	9.2	1	0.063	2025-11-07
A22	0	0.0134437852683549	0	6.33880584380274	3.44057195595087	2.50593515137321	2.49875	0.00945429934610629		Wood-1	9.5	1	0.085	2025-11-07
A23	0	0.0187824388600507	0	10.0641739850004	5.19403653225074	3.30709436124386	3.3145	0.0185290503346432		Wood-1	9.8	1	0.143	2025-11-07
A24	0	0.0159680507550493	0	13.3142973917883	4.6344316299225	4.52937403018467	4.55475	0.0185138109670364		Wood-1	10.1	1	0.163	2025-11-07
A3	0	0.0161285216347638	0	12.3230729464715	5.04400943756052	3.60371777238232	3.595625	0.00567931202852367		Wood-1	3.8	1	0.12	2025-11-07
A4	0	0.0118584612971271	0	11.5259312636734	4.38245079548414	3.04834360140743	3.04375	0.00702240943057087		Wood-1	4.1	1	0.103	2025-11-07
A5	0	0.0120984558855782	0	10.2838762661258	4.15254352812079	2.93435999532044	2.931	0.00667356132776285		Wood-1	4.4	1	0.099	2025-11-07
A6	0	0.00716569891221	0	12.2257666121967	3.72600654090427	2.72424506426801	2.723625	0.00642733449623253		Wood-1	4.7	1	0.094	2025-11-07
A7	0	0.0099656936132281	0	13.9887774440898	4.57718761011153	3.111017872792	3.10175	0.00757592310848546		Wood-1	5	1	0.118	2025-11-07
A8	0	0.00973407548309646	0	14.786885693214	4.70279922255041	3.13635338487578	3.1305	0.00735931921820844		Wood-1	5.3	1	0.12	2025-11-07
A9	0	0.00462947369374712	0	13.1120461254881	3.82522970003272	1.88455197056009	1.88125	0.00267697270619732		Wood-1	5.6	1	0.062	2025-11-07
B1	0	0.00319666920062011	0	12.8329002241192	3.60046727326323	1.43351418063913	1.441375	0.00718351654801209		Wood-2	3.2	1	0.06	2025-11-07
B10	0	0.00820456484348297	0	7.83694915067074	3.50184080442184	1.84806374145532	1.849	0.00410910371107391		Wood-2	5.9	1	0.056	2025-11-07
B11	0	0.00836553930121348	0	1.93441089437145	1.09807535779893	1.68453565874084	1.681375	0.0064474247420275		Wood-2	6.2	1	0.05	2025-11-07
B12	0	0.00670791862521885	0	12.1547712143553	4.79734942875252	1.59352038021455	1.590625	0.00468289799251775		Wood-2	6.5	1	0.055	2025-11-07
B13	0	0.0240423055243427	0	1198.56118419517	68.0884854879865	1.49613634709393	1.493625	0.00900675871849945		Wood-2	6.8	1	0.056	2025-11-07
B14	0	0.00263313447714324	0	9.17269770860214	2.76772532682841	1.11399937096573	1.1045	0.00727542463286684		Wood-2	7.1	1	0.062	2025-11-07
B15	0	0.00424063356768947	0	3.8769963669691	1.71127157688367	1.08035769892026	1.079625	0.0046551668004899		Wood-2	7.4	1	0.052	2025-11-07
B16	0	0.010807050932857	0	4.06084178246839	2.9950265224108	1.64328937932437	1.63875	0.00748954824152593		Wood-2	7.7	1	0.056	2025-11-07
B17	0	0.0031095442236362	0	5.52208953101171	1.67763808634657	1.42442902669482	1.424	0.00803026702420195		Wood-2	8	1	0.065	2025-11-07
B18	0	0.0050488510169021	0	6.99502014071134	2.3152425677413	1.87942591101577	1.87575	0.00883445373327071		Wood-2	8.3	1	0.065	2025-11-07
B19	0	0.00200293583539237	0	6.23641970011767	1.42851434583607	1.81276937954106	1.812375	0.00798573976816525		Wood-2	8.6	1	0.062	2025-11-07
B2	0	0.0116228342851786	0	8.20601996190864	4.43742352740042	2.05677189893565	2.056	0.00635512963025479		Wood-2	3.5	1	0.07	2025-11-07
B20	0	0.00834305689259832	0	5.58594550952818	2.45687316203867	2.04240450084311	2.0345	0.00609826720560796		Wood-2	8.9	1	0.062	2025-11-07
B21	0	0.00111187657871045	0	3.15738055690851	0.641024687317625	1.57117489296647	1.571125	0.00453064968577657		Wood-2	9.2	1	0.055	2025-11-07
B22	0	0.0162469659144752	0	9.5829724439366	6.99495682759956	2.06974825154191	2.064375	0.00580092729738809		Wood-2	9.5	1	0.068	2025-11-07
B23	0	0.0210182436882289	0	17.3804002110057	9.12461180026664	2.88365180908683	2.874125	0.00775968755087159		Wood-2	9.8	1	0.1	2025-11-07
B24	0	0.0276098032004192	0	42.627559177672	13.1881662998491	4.09252003034594	4.08225	0.0104019707385987		Wood-2	10.1	1	0.171	2025-11-07
B3	0	0.0151862685453723	0	8.8069467572124	3.85348234417639	3.42298488097121	3.409125	0.00869971145912844		Wood-2	3.8	1	0.121	2025-11-07
B4	0	0.00833682738928844	0	8.83458993128839	2.89653596799908	3.00984009337779	2.996375	0.00723165577076462		Wood-2	4.1	1	0.104	2025-11-07
B5	0	0.00395160677921198	0	7.0330125976756	1.69329162042445	3.04801382291328	3.0475	0.00557302314442249		Wood-2	4.4	1	0.095	2025-11-07
B6	0	0.00215243234671727	0	7.18935558922241	1.47180551683199	2.6917095249338	2.696	0.00596023772687904		Wood-2	4.7	1	0.077	2025-11-07
B7	0	0.00212292577194466	0	6.2989822704994	1.29838625391981	2.65306711294553	2.6575	0.00559497535600029		Wood-2	5	1	0.078	2025-11-07
B8	0	0.00448306090734555	0	6.41653413612631	1.78881491412078	2.42657782901489	2.43125	0.00276151728143232		Wood-2	5.3	1	0.063	2025-11-07
B9	0	0.0119725333422084	0	3.91501334548684	3.23815803371278	1.68953974211264	1.68925	0.00570782249115671		Wood-2	5.6	1	0.056	2025-11-07
C1	0	0.00537610015613276	0	860.549791918393	37.4097853487279	0.41864061342851	0.41775	0.00207439866074793		Wood-11	3.2	1	0.019	2025-11-07
C10	0	0.00708182021299949	0	9.73296302754634	4.1342834616974	1.61979531037279	1.6165	0.00225611517012208		Wood-11	5.9	1	0.05	2025-11-07
C11	0	0.0121969574750642	0	11.8947552199821	6.37895828040506	1.93930980016544	1.933375	0.00292792693297968		Wood-11	6.2	1	0.062	2025-11-07
C12	0	0.0073131956620291	0	6.08746288032901	3.40272031216616	1.3317880288482	1.329625	0.0020673936792079		Wood-11	6.5	1	0.037	2025-11-07
C13	0	0.00839424530542806	0	6.28400733402122	4.28597251127449	1.26401460053301	1.261625	0.0022179610576733		Wood-11	6.8	1	0.036	2025-11-07
C14	0	0.00421203449073572	0	11.1342593807366	4.9738816045266	0.860764230005597	0.85475	0.0034852110794781		Wood-11	7.1	1	0.03	2025-11-07
C15	0	0.0071777825659603	0	1.69448921608914	1.72888441877138	0.970546814098411	0.969125	0.00309810753049781		Wood-11	7.4	1	0.035	2025-11-07
C16	0	0.00838200618133181	0	1.95099832039362	1.88752777739263	1.15371027116817	1.15175	0.00304429143580463		Wood-11	7.7	1	0.033	2025-11-07
C17	0	0.00735502681550126	0	2.6573830992122	1.39143998190312	1.5772171447	1.5765	0.00689783006843663		Wood-11	8	1	0.052	2025-11-07
C18	0	0.00890866333374597	0	2.45405917713833	1.37520526744992	1.79164719238363	1.790875	0.00827812047000528		Wood-11	8.3	1	0.061	2025-11-07
C19	0	0.00612762606056254	0	3.22601492706113	1.38548874229286	1.64649781731692	1.6465	0.00705783606343655		Wood-11	8.6	1	0.054	2025-11-07
C2	0	0.0128744664411092	0	1442.84201080463	73.8182138663183	0.78488477339661	0.780625	0.00349248291598168		Wood-11	3.5	1	0.031	2025-11-07
C20	0	0.00648721354693903	0	3.56977045503748	1.41990710458623	1.92920592010324	1.926	0.00641876723286011		Wood-11	8.9	1	0.057	2025-11-07
C21	0	0.00897502062605575	0	3.54945648968263	1.59133879420636	2.25894432452988	2.2555	0.00756263691078079		Wood-11	9.2	1	0.07	2025-11-07
C22	0	0.0184108457480402	0	4.29191125845045	4.91815683263729	2.12840857180735	2.12225	0.00544111008857111		Wood-11	9.5	1	0.062	2025-11-07
C23	0	0.0166175427400701	0	9.63305538187288	6.16064031017109	2.37295463961055	2.36975	0.00534462493764675		Wood-11	9.8	1	0.073	2025-11-07
C24	0	0.0207979693027678	0	21.5738752839743	9.47350293266646	3.14847417211554	3.136	0.00718884120734846		Wood-11	10.1	1	0.12	2025-11-07
C3	0	0.0141454041526489	0	1375.57933630512	68.8755723337648	0.87759596388	0.873875	0.00322155992794184		Wood-11	3.8	1	0.033	2025-11-07
C4	0	0.0123185734847496	0	-1.65438801851104	4.23480156218856	0.971584886443243	0.96825	0.00232061080905949	questionable fit	Wood-11	4.1	1	0.029	2025-11-07
C5	0	0.0108505816086857	0	-0.417461332163377	1.69685634201198	0.934148618225201	0.929874999999999	0.00200513965152838	questionable fit	Wood-11	4.4	1	0.024	2025-11-07
C6	0	0.00904624120019996	0	1.09004802338803	3.69708258469386	0.885020216159277	0.883	0.00204028258031053		Wood-11	4.7	1	0.025	2025-11-07
C7	0	0.0103496764695269	0	1.96528383152289	2.75201946044568	1.21198977348014	1.20925	0.00206277529019594		Wood-11	5	1	0.032	2025-11-07
C8	0	0.010706140974169	0	4.1375199010513	4.7466283025366	1.24493289731096	1.24375	0.00197522173096743		Wood-11	5.3	1	0.034	2025-11-07
C9	0	0.00744157009980245	0	6.63815793885381	3.08118800816451	1.64983903578862	1.647375	0.00269431188494081		Wood-11	5.6	1	0.047	2025-11-07
D1	0	0.00805204429499629	0	2867.96948466395	174.092408648532	0.427893000549396	0.425875	0.00224710581265267		Wood-31	3.2	1	0.016	2025-11-07
D10	0	0.00818974477918001	0	8.28809672460225	4.22248639960295	1.54582505071738	1.543375	0.00192431405582346		Wood-31	5.9	1	0.047	2025-11-07
D11	0	0.00768629111760614	0	9.20583371482145	4.30243558601661	1.56839308954718	1.56525	0.00178180755359584		Wood-31	6.2	1	0.045	2025-11-07
D12	0	0.00444267592094431	0	7.10525173961944	2.89452425652257	1.16342091953123	1.162875	0.00196653241958676		Wood-31	6.5	1	0.036	2025-11-07
D13	0	0.00834897184737706	0	0.941114951489713	1.81550507091801	0.931636399987123	0.930125	0.00270504679261157		Wood-31	6.8	1	0.028	2025-11-07
D14	0	0.000976933968053275	0	5.25181601491748	1.53489341509254	0.48933969628039	0.4885	0.00292961158140781		Wood-31	7.1	1	0.019	2025-11-07
D15	0	0.00714129493850143	0	0.696044200024526	1.36225545041652	0.804634432322492	0.802875	0.00277630116735035		Wood-31	7.4	1	0.026	2025-11-07
D16	0	0.00641524361629688	0	1.14861834487362	1.25734522672977	0.856208805852895	0.855125	0.00372548320185806		Wood-31	7.7	1	0.03	2025-11-07
D17	0	0.00556874896221841	0	1.95844952717315	1.15766312464483	1.07886163891143	1.0785	0.00427382937417924		Wood-31	8	1	0.036	2025-11-07
D18	0	0.00432081300400615	0	2.13652110495972	1.00409965107581	1.06207635365155	1.06225	0.00499278057181925		Wood-31	8.3	1	0.037	2025-11-07
D19	0	0.00400858302222035	0	2.52998383892047	0.974927525251968	1.28325472607296	1.2835	0.00589035568285967		Wood-31	8.6	1	0.044	2025-11-07
D2	0	0	0	0	0	0	0	0	cannot fit data	Wood-31	3.5	1	0.013	2025-11-07
D20	0	0.0101359658379727	0	3.78041528224412	1.9829740126237	2.10574096994298	2.099875	0.00776325836158332		Wood-31	8.9	1	0.065	2025-11-07
D21	0	0.00965986321232722	0	4.6302339820737	2.24704913792007	2.14201418745661	2.135625	0.00846227366822686		Wood-31	9.2	1	0.067	2025-11-07
D22	0	0.00452396144098763	0	3.8543688939609	1.19623408304178	2.06465014200987	2.06325	0.00733342162521164		Wood-31	9.5	1	0.064	2025-11-07
D23	0	0.0102450470355915	0	16.9919483417986	8.20658680681285	1.57187652022971	1.569375	0.00525026148787979		Wood-31	9.8	1	0.059	2025-11-07
D24	0	0.0140031265948607	0	115.492922935748	16.5313159691558	2.13240520768209	2.1245	0.00560994416938962		Wood-31	10.1	1	0.105	2025-11-07
D3	0	0	0	0	0	0	0	0	cannot fit data	Wood-31	3.8	1	0.018	2025-11-07
D4	0	0	0	0	0	0	0	0	cannot fit data	Wood-31	4.1	1	0.017	2025-11-07
D5	0	0.0129038307520716	0	-36.8057465041453	17.1048690111136	0.536953739561054	0.500999999999999	0.00188794886446738	questionable fit (k < n0)	Wood-31	4.4	1	0.016	2025-11-07
D6	0	0.0072751942736389	0	-0.0422700479941092	0.0832449905240204	0.596550638552386	0.59475	0.00144663628908535	questionable fit	Wood-31	4.7	1	0.016	2025-11-07
D7	0	0.00867838700749697	0	1.0929681671429	4.10252866421147	0.832201437162079	0.829999999999999	0.00200042781908249		Wood-31	5	1	0.023	2025-11-07
D8	0	0.0106061729265391	0	4.93286716134189	12.1014551791017	0.860401420215765	0.858624999999999	0.0018660252702233		Wood-31	5.3	1	0.025	2025-11-07
D9	0	0.0058724779214873	0	10.219965643687	3.97328298469789	1.51359101595116	1.515	0.00153211941031675		Wood-31	5.6	1	0.044	2025-11-07
E1	0	0.00711193582555876	0	-1.75305893207518	0.916232330729999	0.431038945590901	0.40775	0.00147454580822692	questionable fit	Wood-46	3.2	1	0.012	2025-11-07
E10	0.125885356140389	0.00489479893104655	0.423867707137505	7.56731227740099	1.6352913158706	5.10384142089806	5.121125	0.00567425261547453		Wood-46	5.9	1	0.135	2025-11-07
E11	0.134850951161721	0.00485163669226661	0.411410317396605	7.99253914581609	1.68480748112047	5.41060363625194	5.41537500000001	0.00358887869606584		Wood-46	6.2	1	0.143	2025-11-07
E12	0.136098169512714	0.00649950048163966	0.381714232946741	7.84020330070062	1.81587984081447	5.47605226911174	5.474375	0.00280898962506576		Wood-46	6.5	1	0.143	2025-11-07
E13	0.138856046217826	0.00683759226873346	0.362183468169697	8.17405076010331	1.9138012678016	5.53910291702811	5.5335	0.0035098866023204		Wood-46	6.8	1	0.147	2025-11-07
E14	0.146685146281292	0.00392205544781196	0.416058652580035	8.63957680327711	1.66598429394906	5.79402341625446	5.781875	0.00576171006773267		Wood-46	7.1	1	0.16	2025-11-07
E15	0.121925179483961	0.00648845055660559	0.401371544485594	7.17215472524391	1.72694649155634	4.98625757469914	4.989125	0.00509522069614784		Wood-46	7.4	1	0.133	2025-11-07
E16	0.106454491902164	0.00685953528899141	0.386124622072439	6.9290370948656	1.79513851470966	4.37558927095976	4.37625	0.00305944832072599		Wood-46	7.7	1	0.114	2025-11-07
E17	0.0965828791052114	0.00849751689224014	0.277757482878642	8.41933169441843	2.49551217622027	3.81054259317081	3.80475	0.00404234393895837		Wood-46	8	1	0.107	2025-11-07
E18	0	0.0072963456673855	0	6.821816624487	2.01363507470472	3.44026869422234	3.439125	0.00365552558443338		Wood-46	8.3	1	0.093	2025-11-07
E19	0	0.00888942824202161	0	8.08414672117445	2.6189974694228	3.35112565065954	3.3465	0.00412239499375251		Wood-46	8.6	1	0.094	2025-11-07
E2	0	0	0	0	0	0	0	0	cannot fit data	Wood-46	3.5	1	0.017	2025-11-07
E20	0.0900694445102388	0.0162630349745017	0.18682791475756	8.09595739681149	3.71008358927207	3.51681462052145	3.50825	0.00541754027104297		Wood-46	8.9	1	0.101	2025-11-07
E21	0	0.0117522003913197	0	7.40078562045139	3.08259065216038	2.95509048254506	2.951625	0.00732442019741072		Wood-46	9.2	1	0.091	2025-11-07
E22	0	0.0128656272373818	0	8.18348741885158	3.66006187467317	2.86583320743928	2.859125	0.0079136882276113		Wood-46	9.5	1	0.09	2025-11-07
E23	0	0.0081553736884513	0	4.40277368351459	1.67873794942245	2.53601443817522	2.531625	0.00603908881677508		Wood-46	9.8	1	0.071	2025-11-07
E24	0	0.0153103416637258	0	12.4451455393978	7.20097740112449	2.20211660166067	2.201375	0.00568175042623318		Wood-46	10.1	1	0.074	2025-11-07
E3	0	0.0214689287850551	0	-2.50465231516187	10.7914830277752	1.55822703667302	1.554125	0.0013010062340694	questionable fit	Wood-46	3.8	1	0.04	2025-11-07
E4	0	0.0181109266688884	0	8.67426598696144	5.76649950186933	2.57726506334223	2.57275	0.00120642995080608		Wood-46	4.1	1	0.071	2025-11-07
E5	0	0.0170431161009446	0	9.35128539139389	4.7057243623079	3.16019650997021	3.152625	0.00235077114015174		Wood-46	4.4	1	0.091	2025-11-07
E6	0.0870503883093354	0.0176549916018961	0.151376029661123	9.04239584570538	4.57897582669896	3.28025402822976	3.271375	0.00306260106280048		Wood-46	4.7	1	0.093	2025-11-07
E7	0.108096253181099	0.0218971950315872	0.127406528542417	10.7553413398592	5.44043691080696	3.86320916422031	3.845125	0.00616999082506444		Wood-46	5	1	0.119	2025-11-07
E8	0.137719178270279	0.0223999857512694	0.122108431737893	13.419577375431	5.67648909002283	4.6063501396694	4.59375	0.00391847689519252		Wood-46	5.3	1	0.139	2025-11-07
E9	0.127826053757179	0.00608042386634438	0.306328623403263	9.78315191540383	2.26275681605979	4.89090846038816	4.898375	0.00220340587638051		Wood-46	5.6	1	0.132	2025-11-07
F1	0	0	0	0	0	0	0	0	cannot fit data	Wood-47	3.2	1	0.00799999999999999	2025-11-07
F10	0	0.00736075327284146	0	8.77056633465272	3.52681465564591	1.87680678717671	1.877875	0.00185473384624025		Wood-47	5.9	1	0.053	2025-11-07
F11	0	0.00691140148121929	0	9.86244206606897	3.8017335069925	1.82454729205168	1.825125	0.00225399584701862		Wood-47	6.2	1	0.055	2025-11-07
F12	0	0.00434660656989069	0	8.08847986808644	2.64341313290699	1.61088477431385	1.612375	0.00294917013675643		Wood-47	6.5	1	0.048	2025-11-07
F13	0	0.0137559914729779	0	3.55722367715992	3.76111502003781	1.70592745486902	1.704375	0.00329757111131998		Wood-47	6.8	1	0.047	2025-11-07
F14	0	0.00494367613414829	0	10.2602928418593	3.65857661593493	1.47030604146421	1.464875	0.00328251692916494		Wood-47	7.1	1	0.051	2025-11-07
F15	0	0.0103868010736116	0	6.0703813972586	3.46926405139038	1.85043039328994	1.8475	0.00252118704851775		Wood-47	7.4	1	0.055	2025-11-07
F16	0	0.00845279469532732	0	4.19042350311201	2.61664839880207	1.46432367172665	1.4625	0.00242643926949958		Wood-47	7.7	1	0.041	2025-11-07
F17	0	0.00813517836007993	0	3.62166768541324	2.84860436901947	1.19863515889007	1.196875	0.0027070974339163		Wood-47	8	1	0.035	2025-11-07
F18	0	0.0119876805075957	0	1.0600395906079	2.71581068447439	1.24435346636897	1.2415	0.00300334061437117		Wood-47	8.3	1	0.036	2025-11-07
F19	0	0.00728609808201016	0	2.89900418925256	1.95899723400356	1.22689994086385	1.225375	0.00411476330806164		Wood-47	8.6	1	0.039	2025-11-07
F2	0	0	0	0	0	0	0	0	cannot fit data	Wood-47	3.5	1	0.012	2025-11-07
F20	0	0.00614473015128808	0	2.0894810603441	1.36256140267074	1.0897043075185	1.088375	0.00433654921225376		Wood-47	8.9	1	0.038	2025-11-07
F21	0	0.0069158410037205	0	3.1239274747261	1.63794152024139	1.46282958607715	1.46075	0.00700825505182222		Wood-47	9.2	1	0.05	2025-11-07
F22	0	0.00746329414188171	0	3.09091922477499	1.62938090061851	1.57095567391415	1.56825	0.00715346900346754		Wood-47	9.5	1	0.051	2025-11-07
F23	0	0.0114999835736529	0	3.25684241366061	1.99084672414315	2.0854731603298	2.081	0.00767892281898498		Wood-47	9.8	1	0.066	2025-11-07
F24	0	0.0000429590306387024	0	2.22323610712909	0.240378951795962	1.20374101055656	1.207125	0.00546667997813995		Wood-47	10.1	1	0.041	2025-11-07
F3	0	0.0115817240899346	0	-0.186489607764384	3.51741385097066	1.01854068488916	1.01625	0.00141327157274138	questionable fit	Wood-47	3.8	1	0.026	2025-11-07
F4	0	0.0122907390351038	0	7.52057590264035	10.9064833317166	1.09940958258285	1.096875	0.0011799988989737		Wood-47	4.1	1	0.031	2025-11-07
F5	0	0.00899363196179493	0	1.11620784423929	2.7656152717839	0.936767132255793	0.934875	0.00114472198507366		Wood-47	4.4	1	0.024	2025-11-07
F6	0	0.0107611840896056	0	3.90289034987376	6.05085234257381	1.10467160089706	1.1025	0.00122848007488802		Wood-47	4.7	1	0.03	2025-11-07
F7	0	0.00674431111283744	0	11.7365511120831	5.41222420022154	1.29622941914902	1.297	0.00178544130967149		Wood-47	5	1	0.039	2025-11-07
F8	0	0.0123636777450239	0	11.4995782396318	7.72725127818395	1.58612815268707	1.583875	0.00130891423323433		Wood-47	5.3	1	0.047	2025-11-07
F9	0	0.00944340966791684	0	8.30087299227814	4.35325271552821	1.72374921607248	1.72175	0.00174180559897912		Wood-47	5.6	1	0.048	2025-11-07
G1	0	0	0	0	0	0	0	0	cannot fit data	Wood-52	3.2	1	0.00899999999999999	2025-11-07
G10	0	0.00937626096977199	0	5.50971199805437	3.12709055867554	1.71001095189945	1.709	0.00269343891200698		Wood-52	5.9	1	0.046	2025-11-07
G11	0	0.0113206935917048	0	9.00505596684942	4.70800801722222	2.02944329193431	2.026625	0.00277650752758243		Wood-52	6.2	1	0.058	2025-11-07
G12	0	0.00963210762431501	0	8.14468369248298	4.12204957925925	1.84003440869383	1.837125	0.00182337367140607		Wood-52	6.5	1	0.053	2025-11-07
G13	0	0.0199339731631719	0	0.962959680490538	3.62113943501165	1.93524600115549	1.93	0.00468102457621719		Wood-52	6.8	1	0.055	2025-11-07
G14	0	0.00983399026204205	0	20.3247394140045	10.2485567432873	1.29747581168945	1.292875	0.00343410610011404		Wood-52	7.1	1	0.045	2025-11-07
G15	0	0.0109983121526722	0	4.52638071149246	2.85058031570491	1.87242631343856	1.868875	0.00444215079000942		Wood-52	7.4	1	0.059	2025-11-07
G16	0	0.00985689096372709	0	3.3595843234401	2.77210811616283	1.41906504676883	1.41725	0.00243432590143184		Wood-52	7.7	1	0.039	2025-11-07
G17	0	0.00722389284328879	0	3.52381259552997	1.92542666701394	1.44778911530531	1.447375	0.00356310665351719		Wood-52	8	1	0.048	2025-11-07
G18	0	0.00861243859223498	0	3.36927970319678	2.7695653476493	1.24254932130252	1.240875	0.00298354496894869		Wood-52	8.3	1	0.037	2025-11-07
G19	0	0.00747720864593225	0	2.31027265106696	1.83660234093265	1.14034860810169	1.13925	0.00335973986723361		Wood-52	8.6	1	0.037	2025-11-07
G2	0	0	0	0	0	0	0	0	cannot fit data	Wood-52	3.5	1	0.01	2025-11-07
G20	0	0.00648058538481145	0	1.80104352290632	1.31997887666315	1.06053540860149	1.0595	0.00450809161375749		Wood-52	8.9	1	0.038	2025-11-07
G21	0	0.0109209221343209	0	0.424952668805118	1.01795884061196	1.19775557620862	1.195625	0.00593236354865594		Wood-52	9.2	1	0.045	2025-11-07
G22	0	0.00799504480728663	0	1.40195398223136	1.06254165887626	1.29360601172181	1.29225	0.00663551292792386		Wood-52	9.5	1	0.046	2025-11-07
G23	0	0.00558072429919329	0	2.92387963551725	1.24936186936499	1.52138890325318	1.52025	0.00794419376311793		Wood-52	9.8	1	0.053	2025-11-07
G24	0	0.0058517023906446	0	0.501862645260238	0.238580891881427	1.4765478654031	1.37475	0.00729493019112549		Wood-52	10.1	1	0.043	2025-11-07
G3	0	0.0140207786799995	0	-3.87846140547801	1.07722202639543	0.729716709370366	0.726874999999999	0.00119558032426185	questionable fit	Wood-52	3.8	1	0.019	2025-11-07
G4	0	0.0113126078796255	0	2551.77254221384	128.886685917575	0.622527831034047	0.62	0.00099776178809849		Wood-52	4.1	1	0.017	2025-11-07
G5	0	0.0103766862706152	0	-1.78475029442039	0.937526372107223	0.629674072833484	0.627499999999999	0.00213537158644728	questionable fit	Wood-52	4.4	1	0.019	2025-11-07
G6	0	0.0150891830136165	0	-11.0936635117861	7.46840982047608	0.92065691512504	0.917375	0.00117798483748013	questionable fit	Wood-52	4.7	1	0.024	2025-11-07
G7	0	0.00536745769346197	0	2.10487984678797	1.49662980729026	0.88979513089825	0.88825	0.00146480265393892		Wood-52	5	1	0.023	2025-11-07
G8	0	0.0131063364958291	0	-1.19946548664121	4.57848553920656	1.06245716164677	1.06025	0.00183779082788656	questionable fit	Wood-52	5.3	1	0.028	2025-11-07
G9	0	0.00708890745401742	0	5.57718912796787	2.74420496591564	1.50707133145184	1.506125	0.00295197577815739		Wood-52	5.6	1	0.041	2025-11-07
H1	0	0.0946633050897357	0	-5.29759951233841	114.022533057258	1.2156587773245	0.768249999999999	0.0249574692522664	questionable fit (k < n0)	Pine-20	3.2	1	0.141	2025-11-07
H10	0.227751951467518	0.00983505922799968	0.353556377724449	8.76284655871787	1.96049972290463	8.95446544419291	8.95375	0.00408842447752774		Pine-20	5.9	1	0.235	2025-11-07
H11	0.216589064748006	0.00701361544713055	0.389672959384221	8.71815816014829	1.77879209698124	8.53400134320446	8.541625	0.0052394570924094		Pine-20	6.2	1	0.226	2025-11-07
H12	0.218790055189107	0.00496856558369003	0.38923079345676	9.66524331048913	1.78081280364306	8.41908185078186	8.429125	0.00580899193345799		Pine-20	6.5	1	0.227	2025-11-07
H13	0.209163969072147	0.00568511928983556	0.38141385973325	9.38012572345176	1.81730989284111	8.105537118531	8.12225	0.00566665763684526		Pine-20	6.8	1	0.22	2025-11-07
H14	0.18918698378939	0.00271055118012795	0.415345467007589	10.1870688349248	1.66884493901863	7.18581946854672	7.18925	0.00536131095342529		Pine-20	7.1	1	0.199	2025-11-07
H15	0.178155479917381	0.00879063148929247	0.311097652129841	9.50945364968961	2.22806946890956	6.86475027302806	6.887625	0.00655346871090995		Pine-20	7.4	1	0.187	2025-11-07
H16	0.160574135291562	0.00599118027223416	0.306602812310957	10.6014762887511	2.26073327682642	6.01815485532009	6.03975	0.00466074149929653		Pine-20	7.7	1	0.166	2025-11-07
H17	0.128582457292224	0.00806350686377471	0.232833863601053	11.6153999553639	2.97700330115043	4.66905390487867	4.686625	0.00468993945324339		Pine-20	8	1	0.134	2025-11-07
H18	0.124580752600758	0.00943896962014403	0.190367453163078	13.1394174744827	3.64110129669151	4.31769080188648	4.327625	0.00378324416860552		Pine-20	8.3	1	0.131	2025-11-07
H19	0.104579626052726	0.0100263204571834	0.162071781490657	13.8454088321696	4.27679127226662	3.5306792932015	3.542875	0.00460141938765059		Pine-20	8.6	1	0.111	2025-11-07
H2	0	0.0213782392631335	0	-22.0456490227033	18.5451726764264	0.739729104854126	0.696375	0.00344733780305333	questionable fit (k < n0)	Pine-20	3.5	1	0.025	2025-11-07
H20	0	0.0095598327750944	0	9.85902949950598	4.15829345711892	2.20080509049206	2.206625	0.00586132442631802		Pine-20	8.9	1	0.076	2025-11-07
H21	0	0.0138249918220014	0	5.39591922643568	4.5789011831556	1.82271728005852	1.82075	0.00354491657274559		Pine-20	9.2	1	0.054	2025-11-07
H22	0	0.0109566245359445	0	0.35590444819633	0.870782331540292	1.20222598834274	1.19925	0.0042496614790597		Pine-20	9.5	1	0.038	2025-11-07
H23	0	0.0113885923966187	0	1.85305966098104	2.01264908687721	1.48659556611881	1.484	0.00807306225035023		Pine-20	9.8	1	0.054	2025-11-07
H24	0	0.00238738924725149	0	1.65808458924926	0.45588606205265	1.49201720117499	1.4935	0.0065498814008277		Pine-20	10.1	1	0.048	2025-11-07
H3	0.0881997803082158	0.0156982149858694	0.191513622013521	7.98930710761485	3.6193100692911	3.45691016820788	3.456125	0.00218331553675157		Pine-20	3.8	1	0.093	2025-11-07
H4	0.125569731547045	0.0142369367376642	0.174807407447198	11.7654287720662	3.96520485420113	4.49042433059592	4.49075	0.0026553342728537		Pine-20	4.1	1	0.127	2025-11-07
H5	0.153425361347817	0.0148428380117738	0.189846019255273	11.7671602131633	3.65110199981553	5.50897492449099	5.499375	0.00260434018774806		Pine-20	4.4	1	0.158	2025-11-07
H6	0.141381616221467	0.0147540288972953	0.184091095026334	11.6775567223917	3.76524014081612	5.08050966585907	5.0745	0.00291718215656864		Pine-20	4.7	1	0.143	2025-11-07
H7	0.160326699846365	0.0138261556367546	0.214104663090199	11.0248276466554	3.23742215865674	5.89361429838746	5.880125	0.00395530609626298		Pine-20	5	1	0.167	2025-11-07
H8	0.160273666926605	0.0135202547573481	0.224104380345301	10.6404202939121	3.09296578447927	5.95765415665186	5.961375	0.00328274137183355		Pine-20	5.3	1	0.165	2025-11-07
H9	0.250569340665146	0.0102968063346539	0.311391971374062	10.1156752447202	2.22596355808833	9.5101178146519	9.504875	0.00413552001369743		Pine-20	5.6	1	0.257	2025-11-07
I1	0	0	0	0	0	0	0	0	cannot fit data	Desert-30	3.2	1	0.013	2025-11-07
I10	0	0.00942306597901885	0	6.03643045557496	2.86648788786119	2.06460116353278	2.063875	0.00199834830668538		Desert-30	5.9	1	0.056	2025-11-07
I11	0	0.0128492104540573	0	7.02504426918248	3.59407461106823	2.50562590902531	2.503875	0.00208392473726344		Desert-30	6.2	1	0.067	2025-11-07
I12	0	0.00981498190124343	0	6.42930845557969	3.08815672656647	2.09743067045455	2.0955	0.00155044919611904		Desert-30	6.5	1	0.056	2025-11-07
I13	0	0.013254688901999	0	1.24727744561134	1.35861926281696	1.76658043804171	1.76525	0.00480516160841706		Desert-30	6.8	1	0.049	2025-11-07
I14	0	0.00566036855025021	0	4.93490684999992	1.82825805531682	1.81956343628776	1.819125	0.00498137468656501		Desert-30	7.1	1	0.057	2025-11-07
I15	0	0.0100923422416692	0	2.33183750245784	1.43431196194651	1.86772640528964	1.867125	0.00652262337097406		Desert-30	7.4	1	0.055	2025-11-07
I16	0	0.00994158048833435	0	3.06082829603998	2.06081550825497	1.67098204178438	1.669375	0.00303558946976723		Desert-30	7.7	1	0.047	2025-11-07
I17	0	0.00614742573370951	0	3.24737019401219	1.52111954713158	1.47524785100813	1.47625	0.00533766465831614		Desert-30	8	1	0.056	2025-11-07
I18	0	0.00964512742337787	0	2.48475073873428	2.1229957876534	1.39818203141003	1.397	0.00345936972076384		Desert-30	8.3	1	0.045	2025-11-07
I19	0	0.00891802955470036	0	1.85443083464357	1.73166620837033	1.25479344989758	1.253375	0.00327955605478415		Desert-30	8.6	1	0.039	2025-11-07
I2	0	0	0	0	0	0	0	0	cannot fit data	Desert-30	3.5	1	0.018	2025-11-07
I20	0	0.00916038705992814	0	1.96278352273508	1.94240388026482	1.24576830558969	1.243625	0.00288997943928056		Desert-30	8.9	1	0.037	2025-11-07
I21	0	0.00620281571402798	0	1.25697514823785	1.13844441804691	0.904947880453087	0.903875	0.00340326282448256		Desert-30	9.2	1	0.032	2025-11-07
I22	0	0.00928395967346118	0	-0.128732615071243	1.29566124564044	0.843151140091875	0.841375	0.00438418824406341	questionable fit	Desert-30	9.5	1	0.031	2025-11-07
I23	0	0.00850518461649872	0	1.18962316350213	1.41769911400577	1.09367860470128	1.09275	0.00694243819141653		Desert-30	9.8	1	0.04	2025-11-07
I24	0	0.00410753296174699	0	3.1223112986964	1.08249228212349	1.5456595481952	1.543875	0.00701046680903765		Desert-30	10.1	1	0.05	2025-11-07
I3	0	0	0	0	0	0	0	0	cannot fit data	Desert-30	3.8	1	0.021	2025-11-07
I4	0	0.0167474725975325	0	4299.46671917205	218.321920459537	0.872354632879667	0.868999999999999	0.00147522621252997		Desert-30	4.1	1	0.022	2025-11-07
I5	0	0.0179694482176171	0	-15.8444240907365	8.54428498110352	0.677643846917902	0.640375	0.00243727625231223	questionable fit (k < n0)	Desert-30	4.4	1	0.02	2025-11-07
I6	0	0.0157319148785737	0	15332.8777105369	1078.20506335358	0.770220230331242	0.76725	0.00138431744616126		Desert-30	4.7	1	0.02	2025-11-07
I7	0	0.0156109175086087	0	1885.69955141116	100.182791086	0.893200282405419	0.890625	0.0021599707746382		Desert-30	5	1	0.024	2025-11-07
I8	0	0.0188723075701646	0	0.0758101962665632	19.5348561432392	1.25960177397222	1.256125	0.0016113066905447		Desert-30	5.3	1	0.033	2025-11-07
I9	0	0.0107185149890428	0	6.01278613863493	2.99526979314477	2.21885794890916	2.218	0.00201420299635569		Desert-30	5.6	1	0.058	2025-11-07
J1	0	0.0182442169346342	0	-17.7124152466251	7.10367994113856	0.999992629814801	0.996624999999999	0.00154563631919806	questionable fit	Mmlr14-006	3.2	1	0.025	2025-11-07
J10	0.222576209686238	0.00856278322772073	0.428944964249302	7.5035581275927	1.61593499943058	9.03869246099514	9.057625	0.00702787569808572		Mmlr14-006	5.9	1	0.232	2025-11-07
J11	0.232931200600669	0.00799722357410686	0.448901238169371	7.43306592137554	1.54409727936286	9.47879804037386	9.49725	0.00839998662304777		Mmlr14-006	6.2	1	0.247	2025-11-07
J12	0.236293100879871	0.00209043593119311	0.599111120507189	7.87635890033684	1.15695929658783	9.5257436308403	9.56599999999999	0.00959880690383958		Mmlr14-006	6.5	1	0.252	2025-11-07
J13	0.226756997989007	0.0037631758656233	0.56115852709494	7.27402440576432	1.23520742729919	9.27449682180807	9.30262500000002	0.00719932613863106		Mmlr14-006	6.8	1	0.24	2025-11-07
J14	0.216642465132656	0.00320199403120457	0.556604845048849	7.54500119209609	1.24531287631733	8.80276635673338	8.817375	0.0106715554820972		Mmlr14-006	7.1	1	0.252	2025-11-07
J15	0.211768384142111	0.00296069952656804	0.495774212525377	8.5845289742035	1.39811059762304	8.38423147037153	8.41325	0.0105044935226729		Mmlr14-006	7.4	1	0.237	2025-11-07
J16	0.200823065796226	0.00249563309623589	0.450678144804835	9.70842933649571	1.53800930564341	7.72531558662012	7.749875	0.00578662624011024		Mmlr14-006	7.7	1	0.209	2025-11-07
J17	0.165340158490841	0.00888412954139225	0.335743686197945	8.54374523153169	2.06451292773168	6.53030861154803	6.524875	0.00575095880862627		Mmlr14-006	8	1	0.173	2025-11-07
J18	0.176201968076738	0.00722334804097042	0.280739372977025	11.2291111924196	2.46900594387475	6.48887397468599	6.50425	0.00470424592148463		Mmlr14-006	8.3	1	0.183	2025-11-07
J19	0.170565611365552	0.00724436266666954	0.240826500214679	12.9366805819739	2.87820144353738	5.98487399759222	5.98	0.0089514316865171		Mmlr14-006	8.6	1	0.178	2025-11-07
J2	0	0.0227238783506797	0	-7.28480125246144	3.93793002537487	1.3588979862596	1.3545	0.00106706710616839	questionable fit	Mmlr14-006	3.5	1	0.031	2025-11-07
J20	0.119542204137753	0.00338894679367449	0.245564725450019	14.3929112939374	2.82266591543102	4.02802578717963	4.045	0.00383411253868017		Mmlr14-006	8.9	1	0.13	2025-11-07
J21	0	0.00164608721688702	0	11.2869163735285	2.36828287609144	1.70835435817422	1.738875	0.00768151253649903		Mmlr14-006	9.2	1	0.061	2025-11-07
J22	0	0.0088091168780871	0	2.57900112573624	1.63510914537125	1.57733580996395	1.578	0.00729680389750775		Mmlr14-006	9.5	1	0.065	2025-11-07
J23	0	0.0153995987441429	0	-0.56343675868992	3.65750283663132	1.31056685952301	1.30725	0.0045130795316018	questionable fit	Mmlr14-006	9.8	1	0.04	2025-11-07
J24	0	0.00678396720327503	0	3.36057073440953	1.90235602269308	1.31815928720743	1.315875	0.00733769318905948		Mmlr14-006	10.1	1	0.051	2025-11-07
J3	0	0.0281559389013208	0	1.0329254896831	3.24584520724187	2.80965792588386	2.803875	0.00115187239002708		Mmlr14-006	3.8	1	0.066	2025-11-07
J4	0	0.0296144079887495	0	4.18749793404977	5.23575959004029	3.29630360251908	3.288625	0.00280641889887798		Mmlr14-006	4.1	1	0.084	2025-11-07
J5	0.106786008390344	0.0327843960348273	0.125616825277024	6.48109206876214	5.51794856327043	4.14819569350751	4.139375	0.00317862545986864		Mmlr14-006	4.4	1	0.109	2025-11-07
J6	0.127448451296656	0.0276855325958102	0.133058700832662	9.63399283440128	5.20933374685256	4.68679383366806	4.680625	0.00308615733014428		Mmlr14-006	4.7	1	0.128	2025-11-07
J7	0.152184950443228	0.0325834167913563	0.221677557645288	5.86600739767085	3.12682613397009	6.27792790893721	6.27737500000001	0.0116551809014634		Mmlr14-006	5	1	0.18	2025-11-07
J8	0.149532930198321	0.0202887384857233	0.231800937347219	7.98805051204184	2.99026910111959	5.91967006573143	5.920875	0.00293679698741061		Mmlr14-006	5.3	1	0.155	2025-11-07
J9	0.243329370588941	0.00417308203995507	0.499714619953945	8.10154884891725	1.38708605448411	9.74978897585926	9.76512499999999	0.00541721153787677		Mmlr14-006	5.6	1	0.253	2025-11-07
K1	0	0.0208747814880447	0	-20.5653041301461	12.8342615614748	0.772020209498868	0.698249999999999	0.00286159242135904	questionable fit (k < n0)	Mcba15-009	3.2	1	0.023	2025-11-07
K10	0.240876755840219	0.0162705865237643	0.294099186480417	8.92552465504821	2.3568483437682	9.40410605590399	9.39637499999999	0.00494295204952168		Mcba15-009	5.9	1	0.248	2025-11-07
K11	0.263368202555902	0.0186834020044962	0.314103208192924	8.18945891167467	2.20674976402728	10.4769807686497	10.472	0.00546118559818031		Mcba15-009	6.2	1	0.271	2025-11-07
K12	0.245538119466492	0.015197277692872	0.324456148497658	8.37846295299234	2.13633547636391	9.73044695552716	9.72974999999999	0.00548753808048896		Mcba15-009	6.5	1	0.253	2025-11-07
K13	0.235041771340597	0.0157546685489021	0.342012630683357	7.69926274500806	2.02667129332331	9.47272924586466	9.491625	0.00691179472863143		Mcba15-009	6.8	1	0.242	2025-11-07
K14	0.236570396136828	0.0144999219789448	0.2854807953621	9.55879189892998	2.42799933242713	9.0900162622624	9.07837499999999	0.00610272979245389		Mcba15-009	7.1	1	0.245	2025-11-07
K15	0.207793841008078	0.0111228941856134	0.328903236946594	8.7336522276807	2.10745016374678	8.16703206914493	8.18325	0.00526702539557241		Mcba15-009	7.4	1	0.216	2025-11-07
K16	0.194423154882758	0.0117995263028102	0.295751414506438	9.26240024343117	2.34368170889968	7.53008287361972	7.54675	0.00828640725102537		Mcba15-009	7.7	1	0.208	2025-11-07
K17	0.146185053842674	0.00882187901709411	0.32682077745513	8.40030264617241	2.1208785621199	5.79092979182302	5.810875	0.00941548067320936		Mcba15-009	8	1	0.159	2025-11-07
K18	0.136632730047814	0.0109858304202836	0.298156820162391	8.1731126890501	2.32477385619562	5.43118153935339	5.44825	0.0123317766619677		Mcba15-009	8.3	1	0.162	2025-11-07
K19	0.127882671616728	0.0136021568295298	0.253093891950232	8.40963681497969	2.7386958065991	5.03226559596018	5.0435	0.0100120952209216		Mcba15-009	8.6	1	0.153	2025-11-07
K2	0	0.027	0	-17.1635725408224	10.8290085935869	0.977384636989713	0.91625	0.00383702882494009	questionable fit (k < n0)	Mcba15-009	3.5	1	0.027	2025-11-07
K20	0.111912601148393	0.0236364798600692	0.210685381345569	6.25424678340169	3.28996333838197	4.56881026007624	4.568	0.00869982901766318		Mcba15-009	8.9	1	0.128	2025-11-07
K21	0	0.0187762371599845	0	5.46940255868795	3.12592266246415	3.40463204260424	3.40375	0.00677368484643356		Mcba15-009	9.2	1	0.094	2025-11-07
K22	0	0.0205088088653472	0	3.46299116532497	3.45263361625335	2.63241789141952	2.6305	0.00418134955326654		Mcba15-009	9.5	1	0.068	2025-11-07
K23	0	0.0207285717433499	0	2.87446062486144	4.35745195437569	2.25935097102835	2.25575	0.00364202027702605		Mcba15-009	9.8	1	0.06	2025-11-07
K24	0	0.0104095493842163	0	2.6498762536165	1.51619317789093	2.04083490877825	2.0395	0.00508505192420419		Mcba15-009	10.1	1	0.058	2025-11-07
K3	0.120222199775464	0.0189792934804472	0.157223472260614	10.6483723461318	4.40867492998107	4.38577286130508	4.393125	0.00466897016002189		Mcba15-009	3.8	1	0.119	2025-11-07
K4	0.151583816705807	0.0079098834006787	0.241724079970276	11.9948055627756	2.8675139880362	5.4552868989504	5.50175	0.00835976152547161		Mcba15-009	4.1	1	0.152	2025-11-07
K5	0.168629780698862	0.00999247658070334	0.269666758202177	10.2526097056913	2.57038422229363	6.36163384648978	6.393625	0.00698738422603045		Mcba15-009	4.4	1	0.168	2025-11-07
K6	0.181844423364784	0.00645005459585467	0.302573867942234	10.9161719799531	2.29083623537601	6.75896743429434	6.80224999999999	0.00650896817149575		Mcba15-009	4.7	1	0.183	2025-11-07
K7	0.201195475801797	0.0133080200640587	0.288185414020072	9.18671157268329	2.4052125709307	7.80242367730679	7.80812500000001	0.00283948432013754		Mcba15-009	5	1	0.203	2025-11-07
K8	0.21880342785127	0.0137422653671505	0.304897724242094	8.86471733382944	2.27337603874529	8.56112225181554	8.56275	0.00266939093476081		Mcba15-009	5.3	1	0.221	2025-11-07
K9	0.264115405109425	0.015194275042794	0.331405724436471	8.43744443262363	2.09153653497865	10.4558592096017	10.4475	0.00379567957590025		Mcba15-009	5.6	1	0.268	2025-11-07
L1	0	0.0191205471198878	0	-3.64637878501101	1.91838550049265	0.686939912330507	0.666249999999999	0.00125773367516657	questionable fit (k < n0)	Mcba15-003	3.2	1	0.023	2025-11-07
L10	0.233609971960939	0.0159389066687488	0.327747974917946	7.97631768295978	2.11487860675105	9.34732272648837	9.35662499999999	0.00797208036082033		Mcba15-003	5.9	1	0.256	2025-11-07
L11	0.243452205192219	0.00956768017166456	0.369292603676651	8.65556664048583	1.87695928285327	9.60183084581888	9.61762499999999	0.00564958577034609		Mcba15-003	6.2	1	0.252	2025-11-07
L12	0.25014234864657	0.00588426737313507	0.408621718399794	9.11831889069387	1.69630528517765	9.76252295819117	9.791875	0.00748013325234866		Mcba15-003	6.5	1	0.26	2025-11-07
L13	0.24194287733394	0.00626067334738848	0.397967272939391	9.11682142772908	1.74171905001221	9.44103333700158	9.47212499999998	0.00906177492044051		Mcba15-003	6.8	1	0.251	2025-11-07
L14	0.216159430732507	0.00877653323984296	0.331166212217011	9.54954108236262	2.0930492151347	8.32856876921848	8.319125	0.00391513264633178		Mcba15-003	7.1	1	0.221	2025-11-07
L15	0.210618155565185	0.0121057160796255	0.227301003704589	12.3060346222772	3.04946819091389	7.50627138005311	7.505125	0.00261284981555589		Mcba15-003	7.4	1	0.215	2025-11-07
L16	0.184117550452014	0.0124063115278315	0.174421879964305	15.0646747171446	3.97396921018049	6.03122964645743	6.023125	0.00396148867961405		Mcba15-003	7.7	1	0.189	2025-11-07
L17	0.170579331482994	0.0176867371296315	0.176712543678825	12.2058150954656	3.92245601885364	6.03662211204237	6.01962500000001	0.00463670971142797		Mcba15-003	8	1	0.175	2025-11-07
L18	0.165930936283986	0.0142225811880802	0.161720729630618	14.6371404620329	4.28607502664096	5.4824035197204	5.48025	0.0120547233536756		Mcba15-003	8.3	1	0.168	2025-11-07
L19	0.164292620540097	0.00692465917421316	0.209788098728065	14.8888232980001	3.30403480827779	5.44050856459842	5.46212500000001	0.0047932896698625		Mcba15-003	8.6	1	0.167	2025-11-07
L2	0	0.0101579859540556	0	0.0366529280647485	0.0451021871104829	1.34787711529648	1.33725	0.00200788015586858		Mcba15-003	3.5	1	0.032	2025-11-07
L20	0.106222765315184	0.0117127983468736	0.152894010474393	13.656670874581	4.53351428489108	3.59211190510661	3.593875	0.00440289278528817		Mcba15-003	8.9	1	0.107	2025-11-07
L21	0	0.00891918404194296	0	9.45704912988954	3.68342593337437	2.34319817981407	2.35325	0.00654526187061356		Mcba15-003	9.2	1	0.073	2025-11-07
L22	0	0.0149801969618699	0	6.98945700073885	7.54431694933063	1.60152431682691	1.59875	0.00270266389834485		Mcba15-003	9.5	1	0.045	2025-11-07
L23	0	0.0132608039565765	0	-1.58781179847152	3.01711856860934	1.0315092040585	1.02775	0.00271052734300511	questionable fit	Mcba15-003	9.8	1	0.031	2025-11-07
L24	0	0.0141802070901139	0	-24.0002198908415	11.1282866801661	0.573119289094657	0.544375	0.00306689521710906	questionable fit (k < n0)	Mcba15-003	10.1	1	0.021	2025-11-07
L3	0.0879317643584952	0.0448372530501946	0.118896902638815	-0.333429156993281	5.82981696895492	3.74289134583161	3.733625	0.00234557473110589	questionable fit	Mcba15-003	3.8	1	0.091	2025-11-07
L4	0.109049584958383	0.031635264920735	0.151254561410559	5.91651115634139	4.58265307238236	4.36565734564276	4.357875	0.00530485440640974		Mcba15-003	4.1	1	0.12	2025-11-07
L5	0.128032236574081	0.0303302041348302	0.160730924783698	7.27786710073188	4.31246931163211	5.02566957173229	5.017375	0.00492529310276382		Mcba15-003	4.4	1	0.137	2025-11-07
L6	0.139934115739956	0.025918314607447	0.18125907699324	8.17276145989157	3.82406879731489	5.44420814952194	5.438375	0.00361524001747626		Mcba15-003	4.7	1	0.143	2025-11-07
L7	0.146836311757231	0.0228920732351548	0.217344929998038	7.77124670651656	3.18915734802832	5.82266099705605	5.817	0.00430328217912572		Mcba15-003	5	1	0.153	2025-11-07
L8	0.159502379190364	0.0237415460135515	0.233434822153774	7.46961499643	2.96933925352121	6.38723199469603	6.37925	0.0037786473925633		Mcba15-003	5.3	1	0.167	2025-11-07
L9	0.245421669781656	0.00969548550232968	0.389332961667535	8.19609651496825	1.78034548524008	9.79350760104298	9.795125	0.002756529960435		Mcba15-003	5.6	1	0.248	2025-11-07
M1	0	0.0197819492090251	0	-8.31201088294595	6.17542903348257	0.631706156524697	0.5885	0.00137578666168909	questionable fit (k < n0)	23G3A05	3.2	1	0.024	2025-11-07
M10	0.197699527596762	0.0169050598385531	0.39777756860873	5.95746985242727	1.74254969425325	8.30778044483589	8.31012500000001	0.00454935859818841		23G3A05	5.9	1	0.204	2025-11-07
M11	0.225760234748831	0.0105975619578243	0.483278544818774	6.22988630731422	1.43426019630123	9.45372624768765	9.47450000000001	0.00920761352204632		23G3A05	6.2	1	0.239	2025-11-07
M12	0.221688075732836	0.00518632837604926	0.590574080539479	6.3185512816699	1.17368371454224	9.2767168567764	9.316125	0.0159132631300286		23G3A05	6.5	1	0.248	2025-11-07
M13	0.215033600902246	0.00496018077196991	0.603681271542028	6.20528593454563	1.14820057079026	9.02291749013432	9.065125	0.0148358094205886		23G3A05	6.8	1	0.24	2025-11-07
M14	0.221775783706557	0.00428405080263431	0.576168179048478	6.81617272833131	1.20302926431073	9.17140822533628	9.212375	0.0130315322856191		23G3A05	7.1	1	0.244	2025-11-07
M15	0.217366976342081	0.00483148110509181	0.505754639685596	7.48180173987585	1.37052065600593	8.84209693114647	8.877875	0.00677847904541516		23G3A05	7.4	1	0.226	2025-11-07
M16	0.227032887612313	0.00554555430464346	0.401655578560757	9.18042476720456	1.72572526701529	8.84575780089121	8.878125	0.00617312958183428		23G3A05	7.7	1	0.235	2025-11-07
M17	0.176752080225426	0.00904672025344689	0.408718293790637	7.14381123931192	1.69590446791942	7.2348314357355	7.250125	0.00613712157477319		23G3A05	8	1	0.185	2025-11-07
M18	0.194655877873876	0.00515666363474931	0.319060905347921	11.2959470422502	2.17246039530948	7.16808071543565	7.20325	0.00726375645881471		23G3A05	8.3	1	0.209	2025-11-07
M19	0.178114567190683	0.00637954041613042	0.279635055239987	11.7755504024749	2.47875639184463	6.46530829045025	6.475375	0.00368590312305249		23G3A05	8.6	1	0.187	2025-11-07
M2	0	0.0228344736244742	0	-0.44553794087824	0.235869447330795	1.39557011394054	1.31925	0.00981989431686041	questionable fit	23G3A05	3.5	1	0.042	2025-11-07
M20	0.14635223377143	0.00534039786896155	0.278626353697417	11.7488659220231	2.48773014957764	5.31585039512008	5.33925	0.00429603376605764		23G3A05	8.9	1	0.15	2025-11-07
M21	0	0.00797738543963085	0	8.10934838805927	2.55491018822307	3.1757619727198	3.19575	0.00929968251343256		23G3A05	9.2	1	0.093	2025-11-07
M22	0	0.0100480036002131	0	9.12452240636108	3.82642480119207	2.38305347761989	2.392375	0.00620256037412929		23G3A05	9.5	1	0.086	2025-11-07
M23	0	0.0155896487784541	0	0.3958651701848	7.05389263148515	1.30507296114557	1.301625	0.00275499142417991		23G3A05	9.8	1	0.035	2025-11-07
M24	0	0	0	0	0	0	0	0	cannot fit data	23G3A05	10.1	1	0.021	2025-11-07
M3	0.0868930589658828	0.03658039855693	0.154038257667288	2.06925350794253	4.4998378393574	3.70105347008676	3.693375	0.00328574045274008		23G3A05	3.8	1	0.09	2025-11-07
M4	0.0933490828597061	0.0260983298748424	0.249883985459445	3.78798541518475	2.77387596202094	4.02374120365488	4.017375	0.0020952498509799		23G3A05	4.1	1	0.096	2025-11-07
M5	0.103883388546527	0.0252022356419506	0.232310650553198	4.90064031611456	2.98370814643824	4.3743107393213	4.3685	0.00179157187165744		23G3A05	4.4	1	0.106	2025-11-07
M6	0.131254373691536	0.0245920357824544	0.219683526861433	6.67890534771696	3.15520781399852	5.32651723996822	5.32075	0.00208244382271084		23G3A05	4.7	1	0.135	2025-11-07
M7	0.144323308112654	0.0234403209361633	0.233978241058179	7.0107603413304	2.96244290676411	5.83592749289536	5.829125	0.00164805169892502		23G3A05	5	1	0.146	2025-11-07
M8	0.161055794211031	0.0249683979910054	0.256053968422988	6.62237872807936	2.70703549266966	6.59109169756161	6.59425	0.00365155271520153		23G3A05	5.3	1	0.164	2025-11-07
M9	0.246497417917897	0.00744132615377049	0.481448045596879	7.2066948246347	1.43971335411822	10.090145186946	10.099875	0.00657636301510626		23G3A05	5.6	1	0.258	2025-11-07
N1	0	0.00575842720696919	0	-29.0506802914156	16.9749114442484	0.224240742577644	0.20775	0.000730791778583319	questionable fit (k < n0)	23G1B05	3.2	1	0.00699999999999999	2025-11-07
N10	0	0.00433526680229618	0	31.8423136937867	7.95960997031784	1.33743618635836	1.337625	0.0020735848173285		23G1B05	5.9	1	0.064	2025-11-07
N11	0	0.00341299389624139	0	26.1520571424986	6.35023576169415	1.39977167395135	1.407875	0.00160094240129798		23G1B05	6.2	1	0.058	2025-11-07
N12	0.143429476400482	0.000587821557462069	0.132812077048226	41.3597067441452	5.21900715631646	1.34290858977874	1.391	0.00273579930216377		23G1B05	6.5	1	0.097	2025-11-07
N13	0	0.00537696895166968	0	668.559166187402	24.6579143434715	0.550304486896978	0.564625	0.00847839549188252		23G1B05	6.8	1	0.048	2025-11-07
N14	0.106306626023144	0.000015486448888217	0.257943961495865	34.2476396049463	2.68720064831235	1.49474982984913	1.63225	0.00545715721470029		23G1B05	7.1	1	0.102	2025-11-07
N15	0	0.00836201657551436	0	-0.358280323808803	0.298389908387233	0.576587400020934	0.535499999999999	0.00554104771263417	questionable fit	23G1B05	7.4	1	0.022	2025-11-07
N16	0	0.00832446479781618	0	-0.482484886613341	0.606640490473712	0.627269390417729	0.625499999999999	0.00254803426155489	questionable fit	23G1B05	7.7	1	0.017	2025-11-07
N17	0	0	0	0	0	0	0	0	cannot fit data	23G1B05	8	1	0.016	2025-11-07
N18	0	0.0104822886493333	0	-1.60846734778681	0.370643463539989	0.529965328989209	0.501125	0.0029359439701754	questionable fit	23G1B05	8.3	1	0.016	2025-11-07
N19	0	0.0104723807827963	0	-9.66249243170139	13.9184661290451	0.265490268746447	0.213	0.00268653370569214	questionable fit (k < n0)	23G1B05	8.6	1	0.013	2025-11-07
N2	0	0	0	0	0	0	0	0	cannot fit data	23G1B05	3.5	1	0.00700000000000001	2025-11-07
N20	0	0	0	0	0	0	0	0	cannot fit data	23G1B05	8.9	1	0.015	2025-11-07
N21	0	0.015	0	-5.64815439891062	56.7450261540801	0.210157651966332	0.167875	0.00271113693018039	questionable fit (k < n0)	23G1B05	9.2	1	0.015	2025-11-07
N22	0	0	0	0	0	0	0	0	cannot fit data	23G1B05	9.5	1	0.021	2025-11-07
N23	0	0.0149169902033532	0	-7.53670665679236	23.2659956155573	0.284899645613736	0.241125	0.00262185551056296	questionable fit (k < n0)	23G1B05	9.8	1	0.017	2025-11-07
N24	0	0.0253895595452851	0	-2.55847852932388	0.643042524591743	1.29997955992863	1.267375	0.00435982936561167	questionable fit	23G1B05	10.1	1	0.036	2025-11-07
N3	0	0.0102309760095622	0	-6.84866387316816	2.17343960115076	0.544889515171306	0.542749999999999	0.000531429583771088	questionable fit	23G1B05	3.8	1	0.012	2025-11-07
N4	0	0.00581520111759566	0	647.411554683186	24.7269607210141	0.593784340412169	0.594124999999999	0.000760763900559459		23G1B05	4.1	1	0.023	2025-11-07
N5	0	0.00220831074352437	0	39.9935851380082	8.18683377911909	0.849975646255847	0.857125	0.00117555544071766		23G1B05	4.4	1	0.043	2025-11-07
N6	0	0.0149050427378352	0	613.752627286119	25.2663162597065	1.49547037194417	1.49925	0.00555155628504031		23G1B05	4.7	1	0.064	2025-11-07
N7	0	0.00361926504561843	0	20.3192242945582	6.11433230166982	1.09217929356463	1.094125	0.00145302935382685		23G1B05	5	1	0.039	2025-11-07
N8	0	0.00682405251930917	0	23.5022638346211	8.77884588435213	1.23885875641146	1.240875	0.00149006397666155		23G1B05	5.3	1	0.043	2025-11-07
N9	0.17344355868374	0.00276777354718828	0.0901768705087881	45.7070922599284	7.68652955740347	1.5309812804504	1.55075	0.00308860238395942		23G1B05	5.6	1	0.088	2025-11-07
O1	0	0.00600234430691708	0	-6.05613049294969	10.3580116621003	0.128452363716963	0.109625	0.000883123192693059	questionable fit (k < n0)	Wood-1	3.2	2	0.00699999999999999	2025-11-07
O10	0	0.0044919466996489	0	13.6616107384378	3.86486626418457	1.92808281771463	1.9335	0.00261776104821299		Wood-1	5.9	2	0.058	2025-11-07
O11	0	0.00574634297324164	0	11.3947463241372	4.07345855074599	1.64632161490018	1.645875	0.00158502256144696		Wood-1	6.2	2	0.046	2025-11-07
O12	0	0.00578323495368067	0	15.4551422108324	4.61297813303184	2.08387868954065	2.09125	0.00299645860453985		Wood-1	6.5	2	0.066	2025-11-07
O13	0	0.00636326607430653	0	11.7131520869134	6.25042005903263	1.02338750337516	1.0215	0.000802323764801018		Wood-1	6.8	2	0.031	2025-11-07
O14	0	0.00488430412844051	0	22.1575412452199	9.08998253699766	0.799640657288654	0.798875	0.00319049375235751		Wood-1	7.1	2	0.039	2025-11-07
O15	0	0.0101987497115462	0	1.92123202678476	5.75095936821328	0.956058056374232	0.954	0.00106172214518038		Wood-1	7.4	2	0.028	2025-11-07
O16	0	0.0127284391391242	0	-3.24651897788112	10.2029706179547	0.91693758104753	0.914875000000001	0.00251112926611348	questionable fit	Wood-1	7.7	2	0.037	2025-11-07
O17	0	0.00741609127028374	0	2.17355193412685	5.0444113308172	0.731458100172365	0.729999999999999	0.000752628469997564		Wood-1	8	2	0.018	2025-11-07
O18	0	0.00909336626083531	0	0.496603584195808	4.53725757816838	0.820762029794713	0.817499999999998	0.00174891192030072		Wood-1	8.3	2	0.03	2025-11-07
O19	0	0.00417496769721913	0	4.51790539762556	4.22111262835507	0.534751939274403	0.534124999999999	0.00077030000557626		Wood-1	8.6	2	0.014	2025-11-07
O2	0	0	0	0	0	0	0	0	cannot fit data	Wood-1	3.5	2	0.011	2025-11-07
O20	0	0.00696568514433175	0	0.68667452180758	2.868702389406	0.683151874516869	0.68175	0.000715961706415968		Wood-1	8.9	2	0.016	2025-11-07
O21	0	0.00751656852278378	0	-1.08453787134639	1.75830867441939	0.582797816344207	0.581375	0.000889361073363325	questionable fit	Wood-1	9.2	2	0.014	2025-11-07
O22	0	0.00868079506193088	0	-0.0703898875340785	0.117172484435133	0.693154506239398	0.691124999999999	0.00117400766900783	questionable fit	Wood-1	9.5	2	0.017	2025-11-07
O23	0	0.00574209785190183	0	-2.39548132009806	2.23569004295966	0.397863868228995	0.396875	0.00118925163160397	questionable fit	Wood-1	9.8	2	0.011	2025-11-07
O24	0	0.000861591781820162	0	0.595571327750648	0.183837020823932	0.428239655644477	0.416	0.0015920079568344		Wood-1	10.1	2	0.012	2025-11-07
O3	0	0.0132130779620925	0	1.66883930316462	30.1261057813323	0.80953623244119	0.806875	0.000466657723491957		Wood-1	3.8	2	0.02	2025-11-07
O4	0	0.00970674508114651	0	19.9404484542659	13.7524605498011	0.95466181200959	0.952625	0.000551433748906816		Wood-1	4.1	2	0.03	2025-11-07
O5	0	0.00778874343439883	0	11.2761141886424	6.26612533986937	1.2144613552099	1.213125	0.000947783802379135		Wood-1	4.4	2	0.036	2025-11-07
O6	0	0.00618870333424171	0	16.1889237063354	6.53615966990634	1.25042163506528	1.25	0.000670469036988415		Wood-1	4.7	2	0.04	2025-11-07
O7	0	0.00919163658592234	0	18.6134349433696	7.05285848109703	1.90163956216518	1.8975	0.00145234220451271		Wood-1	5	2	0.065	2025-11-07
O8	0	0.00977731698290219	0	19.2072651483514	7.40054079508787	1.93144495992845	1.929875	0.000844202741596034		Wood-1	5.3	2	0.066	2025-11-07
O9	0	0.00579413561920553	0	13.8779487675141	4.68652321160257	1.70841075137844	1.70675	0.00119894201207328		Wood-1	5.6	2	0.053	2025-11-07
