sample	k	n0	r	t_mid	t_gen	auc_l	auc_e	sigma	note	strain	pH	replicate	max.OD	date
A1	0	0.00908338063508492	0	-11.4063922977947	13.6205312012351	0.253405613722802	0.212625	0.000988801425040676	questionable fit (k < n0)	28D03	3.2	1	0.01	2023-07-14
A10	0.278314233082199	0.00976790777393632	0.244258265745702	13.5672834963229	2.83776345682231	9.59962464726888	9.59912666666667	0.00852364736200521		28D03	5.9	1	0.287	2023-07-14
A11	0.265810988489666	0.00898216482139257	0.230229756307327	14.5644461268264	3.01067590774271	8.90276641826433	8.91687652777778	0.00871987441629922		28D03	6.2	1	0.275	2023-07-14
A12	0.277457072521745	0.00893738665934305	0.207455316841416	16.4019946778132	3.34118783318435	8.78192397999737	8.77225166666667	0.00854926085265209		28D03	6.5	1	0.293	2023-07-14
A13	0.294653808179956	0.0160077696662981	0.110734693976234	25.7992141947979	6.25953037544593	6.66700638760938	6.63000194444444	0.00829708566188667		28D03	6.8	1	0.293	2023-07-14
A14	0.047	0.0165619796062038	0.0149573406443013	1082.29445844852	46.3416055730491	1.16986271692761	1.16837486111111	0.00510993579429841		28D03	7.1	1	0.047	2023-07-14
A15	0	0.00963401259345268	0	-0.195641651328909	0.659091289591053	0.832550430447419	0.831	0.003781027591424	questionable fit	28D03	7.4	1	0.025	2023-07-14
A16	0	0.00671598939997459	0	0.103260413867576	0.765328939019406	0.66769435325678	0.666624861111111	0.00335281410821379		28D03	7.7	1	0.02	2023-07-14
A17	0	0.0127847959241407	0	-0.89754222269845	0.957494380948886	0.926804848815246	0.9245	0.00309209279275266	questionable fit	28D03	8	1	0.025	2023-07-14
A18	0	0.00744873887251122	0	-0.603882658537528	0.798916096145833	0.565339542492231	0.563999861111111	0.0025240170958003	questionable fit	28D03	8.3	1	0.016	2023-07-14
A19	0	0.00577837773418971	0	0.0405442784960223	1.04612869168826	0.552180915281698	0.551249861111111	0.00186330040285637		28D03	8.6	1	0.015	2023-07-14
A2	0	0.013	0	-11.5644564091259	16.5102807702238	0.344719293690304	0.2865	0.00151755236491899	questionable fit (k < n0)	28D03	3.5	1	0.013	2023-07-14
A20	0	0.00637252609045472	0	-0.531515791184397	1.84129775533026	0.540253156085008	0.53925	0.00115690902808425	questionable fit	28D03	8.9	1	0.014	2023-07-14
A21	0	0.00925275758218311	0	-2.42063597513704	1.93881093288408	0.620832925694436	0.618749722222223	0.00060795644417644	questionable fit	28D03	9.2	1	0.014	2023-07-14
A22	0	0.0076884292580302	0	12.5827365076994	4.85026383783793	1.87203483143627	1.87475	0.00575056126999527		28D03	9.5	1	0.061	2023-07-14
A23	0.13457826272886	0.0223938840192943	0.191086665252321	8.43259192028464	3.62739691775288	5.22463636277728	5.20674958333333	0.00647691618845523		28D03	9.8	1	0.148	2023-07-14
A24	0.136391173447272	0.0194247657841187	0.353097778971039	5.08453478829262	1.96304599417148	5.82186639611176	5.81125069444445	0.0074326336134048		28D03	10.1	1	0.152	2023-07-14
A3	0.196889291575464	0.0234561725934464	0.145637448217366	13.7372522268863	4.75940212523781	6.62368764639983	6.60837569444444	0.00623676643297149		28D03	3.8	1	0.199	2023-07-14
A4	0.23342852714577	0.0165248996375376	0.156485719531021	16.4525225521909	4.42945965061393	7.31267894487997	7.26762555555556	0.00729252567816992		28D03	4.1	1	0.241	2023-07-14
A5	0.205932239170486	0.0268907033787074	0.159461517431506	11.8889950717834	4.34679910065246	7.30181038878968	7.27200083333333	0.00801337301816324		28D03	4.4	1	0.213	2023-07-14
A6	0.221271482991088	0.0210268621309891	0.184939968451008	12.1863271251662	3.7479577095503	7.85190730048402	7.82787569444444	0.00545216919903292		28D03	4.7	1	0.23	2023-07-14
A7	0.218993820245802	0.0260802158707668	0.187729578327024	10.6592975199308	3.69226408931941	8.07531069329168	8.05075055555555	0.00636921925572242		28D03	5	1	0.225	2023-07-14
A8	0.241662911373588	0.0152275099163179	0.215285471207134	12.5384961228022	3.21966538974217	8.5466648801777	8.53450083333333	0.00459359127442504		28D03	5.3	1	0.249	2023-07-14
A9	0.258750095284072	0.0131824886670349	0.235760717410298	12.4053022577041	2.9400452635782	9.20595105898614	9.20162611111111	0.00645822145206731		28D03	5.6	1	0.268	2023-07-14
B1	0	0.00889389267045403	0	-6.5303144111045	11.0013109064857	0.194821253655794	0.167875	0.00127993069415314	questionable fit (k < n0)	28D03	3.2	2	0.011	2023-07-14
B10	0.252246242464724	0.0124492359681275	0.21746536930542	13.6027796776303	3.18739109024045	8.67012777364342	8.66787666666667	0.00669270112794332		28D03	5.9	2	0.26	2023-07-14
B11	0.269045329907103	0.0142056492864603	0.197569682185536	14.6125401908387	3.50836815088367	8.96573434450747	8.95862680555556	0.00819862881056232		28D03	6.2	2	0.276	2023-07-14
B12	0.244254522914921	0.00686846745276483	0.21200865300929	16.7103874697563	3.269428727183	7.66122247960876	7.66125180555556	0.00972058745813444		28D03	6.5	2	0.253	2023-07-14
B13	0.290150795462854	0.0159661763357801	0.120392055866488	23.6172490439177	5.75741626448035	7.11941010181577	7.07375208333333	0.00957955484910889		28D03	6.8	2	0.299	2023-07-14
B14	0.139152562645618	0.0102989919431936	0.0670965871726471	37.6566191279895	10.3305877358024	2.13918305231082	2.16212555555556	0.00969679679498046		28D03	7.1	2	0.089	2023-07-14
B15	0	0.00753176514740999	0	0.402480720496254	0.8133997672345	0.855955380531944	0.854999166666667	0.00333488777208067		28D03	7.4	2	0.028	2023-07-14
B16	0	0.00653840024183788	0	0.175120665873057	0.695675774565719	0.679174117486808	0.678249861111112	0.00338178324134149		28D03	7.7	2	0.021	2023-07-14
B17	0	0.00702909023907622	0	-0.126459319575807	0.343141405006944	0.59774499065771	0.596624722222223	0.00362264194916954	questionable fit	28D03	8	2	0.019	2023-07-14
B18	0	0.00643274646972077	0	-0.369990993238188	0.670305766010985	0.516154523376894	0.515125	0.00223172322642877	questionable fit	28D03	8.3	2	0.015	2023-07-14
B19	0	0.00581763700295228	0	-0.237434063363041	0.279860136206011	0.43457857457634	0.433499722222222	0.00241991337802476	questionable fit	28D03	8.6	2	0.013	2023-07-14
B2	0	0.015898580623835	0	-21.9428376993827	32.0987368989716	0.491002722540027	0.3885	0.00409657821100602	questionable fit (k < n0)	28D03	3.5	2	0.021	2023-07-14
B20	0	0.00631338056576384	0	-0.628286845808395	1.14787565966723	0.503403625075703	0.50225	0.00109492283138035	questionable fit	28D03	8.9	2	0.012	2023-07-14
B21	0	0.0142252752043071	0	-33.592537876751	12.5513849589824	0.613035601367949	0.58075	0.0014540211724253	questionable fit (k < n0)	28D03	9.2	2	0.016	2023-07-14
B22	0	0.00711162651112324	0	-1.72243792589191	1.68849713219206	0.501481162404668	0.499875	0.00057217701397928	questionable fit	28D03	9.5	2	0.012	2023-07-14
B23	0	0.0106759820465988	0	13.7074097068041	4.86785764619925	2.88601535241944	2.88100013888889	0.00398172470749264		28D03	9.8	2	0.091	2023-07-14
B24	0.124475247787613	0.0173017191384411	0.193414019022263	9.42870338142262	3.58374839664627	4.7306954881621	4.71012541666667	0.00547169480946933		28D03	10.1	2	0.132	2023-07-14
B3	0.169954447314561	0.0249803247599999	0.127566133689451	13.7847460378481	5.43363007494884	5.65443405336185	5.63587541666667	0.00482639123738902		28D03	3.8	2	0.171	2023-07-14
B4	0.185723991057267	0.0181173931636448	0.130931085090411	16.9917413234581	5.29398484768771	5.67502681356626	5.63387597222222	0.00890877318972601		28D03	4.1	2	0.188	2023-07-14
B5	0.197185717005859	0.0262862015711512	0.161342381014924	11.6028510088513	4.29612589202976	7.04583727009725	7.02387597222222	0.00836731878670273		28D03	4.4	2	0.202	2023-07-14
B6	0.186362526848591	0.0267002386884529	0.162783716584011	10.986285471855	4.2580867122678	6.76176403690173	6.73850055555556	0.00851440417745541		28D03	4.7	2	0.188	2023-07-14
B7	0.20685355070503	0.0253205764928508	0.188237761649071	10.4645312967514	3.68229612638601	7.6641082476529	7.64362555555556	0.00801041991845126		28D03	5	2	0.215	2023-07-14
B8	0.211950951355628	0.0208727454079191	0.191358175267343	11.5711729372414	3.62225015780781	7.65068637379001	7.62800083333333	0.00671696389200081		28D03	5.3	2	0.219	2023-07-14
B9	0.24444629018756	0.0198978608679885	0.207003170794248	11.7074495213651	3.34848581256227	8.82197905618209	8.80662638888889	0.00498382849091879		28D03	5.6	2	0.253	2023-07-14
C1	0	0.0109522226920042	0	-4.49399569589552	32.5338279430491	0.14207470087759	0.103625	0.00192325791158949	questionable fit (k < n0)	28D03	3.2	3	0.011	2023-07-14
C10	0.257242677780873	0.0183757847600937	0.190827534214717	13.4407894654975	3.63232268033199	8.84463095469494	8.82925111111111	0.00570925321032493		28D03	5.9	3	0.264	2023-07-14
C11	0.244615024913687	0.0132300972888942	0.212412772359786	13.4718280520572	3.26320857667584	8.43287482839326	8.43750125	0.00643080301379919		28D03	6.2	3	0.25	2023-07-14
C12	0.236288705935084	0.00931827528020003	0.193665300334732	16.4863926900991	3.579098472271	7.44821242811391	7.46525152777778	0.00912472853979199		28D03	6.5	3	0.24	2023-07-14
C13	0.22669075704841	0.01460391640537	0.124389505391208	21.5107059745292	5.57239277043496	5.99462349009569	5.95087583333333	0.011323297289473		28D03	6.8	3	0.234	2023-07-14
C14	0.101248389283472	0.0100907176237735	0.0780432429675166	28.2019893715157	8.88157839428135	2.13624404487443	2.15450041666667	0.00849555256452404		28D03	7.1	3	0.081	2023-07-14
C15	0	0.00785619195074479	0	1.19353521665709	1.05393608780243	1.16468404785768	1.16399986111111	0.00363096650873114		28D03	7.4	3	0.033	2023-07-14
C16	0	0.00858912102351204	0	-0.114882329948795	0.454240919058327	0.75518803912286	0.753749861111111	0.00387721741178867	questionable fit	28D03	7.7	3	0.023	2023-07-14
C17	0	0.0203302811714512	0	-26.059840310594	15.4815039107449	0.780061482614337	0.725749722222223	0.0031141772568159	questionable fit (k < n0)	28D03	8	3	0.022	2023-07-14
C18	0	0.0154211085677345	0	-24.7162735948405	16.3874212478088	0.573379688506007	0.521874722222223	0.00247384575831627	questionable fit (k < n0)	28D03	8.3	3	0.018	2023-07-14
C19	0	0.00644181798232217	0	0.00433016703052763	0.167653681247125	0.624453618998331	0.592624305555556	0.00378701712010671		28D03	8.6	3	0.018	2023-07-14
C2	0	0.021	0	-11.428888611661	16.5186542868095	0.55334151632328	0.486	0.00370109537422014	questionable fit (k < n0)	28D03	3.5	3	0.021	2023-07-14
C20	0	0.00933113460273689	0	-1.63942896425052	0.560250248496516	0.507924762859943	0.506249722222223	0.00164776376796603	questionable fit	28D03	8.9	3	0.014	2023-07-14
C21	0	0.0110263831384985	0	-1.72109811495409	0.745636631169162	0.636221021323028	0.634374722222223	0.00294458543920756	questionable fit	28D03	9.2	3	0.019	2023-07-14
C22	0	0	0	0	0	0	0	0	cannot fit data	28D03	9.5	3	0.013	2023-07-14
C23	0	0.00801118147624369	0	-1.47472312392147	1.17248778409029	0.540957207103243	0.5395	0.00203192458468359	questionable fit	28D03	9.8	3	0.016	2023-07-14
C24	0	0.00623567376840782	0	-3.082417937611	3.88971641463072	0.448987582156923	0.446374583333334	0.00281058228259001	questionable fit	28D03	10.1	3	0.021	2023-07-14
C3	0.15683602757949	0.0236578167564234	0.136683531786724	12.6423027057955	5.07118283745774	5.3986996495203	5.37950041666667	0.00510061389270389		28D03	3.8	3	0.158	2023-07-14
C4	0.183953392628974	0.018069270595634	0.131210943523333	16.8970414107513	5.28269336342881	5.63706444786879	5.59750097222222	0.0083121094095314		28D03	4.1	3	0.185	2023-07-14
C5	0.191774885081252	0.025261671125007	0.159786205200891	11.8019349373696	4.33796634502013	6.81518381222197	6.79237569444444	0.00821556150573847		28D03	4.4	3	0.195	2023-07-14
C6	0.188077595847019	0.026583527399958	0.158452810558683	11.3862080102137	4.37447072169943	6.74732927645928	6.72600055555556	0.00849854096596161		28D03	4.7	3	0.191	2023-07-14
C7	0.2033037411426	0.0259486420251979	0.178361439076539	10.7760660861995	3.88619414683293	7.45518015174458	7.43462569444444	0.00843011693144264		28D03	5	3	0.209	2023-07-14
C8	0.210902294133197	0.0237653910595943	0.1783689014124	11.5693378691637	3.88603156195566	7.58684201647904	7.56087597222222	0.00776585593104793		28D03	5.3	3	0.219	2023-07-14
C9	0.236294374609635	0.0226234678356628	0.19580962682512	11.4675119994733	3.53990348584344	8.56025305966507	8.53850097222222	0.00644008397167313		28D03	5.6	3	0.244	2023-07-14
D1	0	0.00900000000000001	0	-6.54605919573019	38.5232257770643	0.144341833397411	0.121125	0.00128682090388426	questionable fit (k < n0)	28D03	3.2	4	0.00900000000000001	2023-07-14
D10	0.243347366422074	0.0175415630900015	0.191064193452703	13.3730041600584	3.62782354995014	8.38255858838822	8.36400125	0.00532275045121544		28D03	5.9	4	0.248	2023-07-14
D11	0.251804318927366	0.0287136841129792	0.150106764020646	13.6583073315496	4.61769451285093	8.50519602787035	8.48012597222222	0.00569491484473557		28D03	6.2	4	0.253	2023-07-14
D12	0.228868679729613	0.00801284388308755	0.202458286734348	16.3809764273749	3.42365428326205	7.24496935621295	7.26775166666667	0.00829894494547855		28D03	6.5	4	0.233	2023-07-14
D13	0.246760134427735	0.0176597212789679	0.114265442625028	22.4291257400573	6.0661138191585	6.31071152452085	6.27812680555556	0.00777989842064076		28D03	6.8	4	0.24	2023-07-14
D14	0.10113217380642	0.0112617105031072	0.0726208586235293	28.6000586528577	9.54473953762045	2.11873798444491	2.13062527777778	0.00794217978445566		28D03	7.1	4	0.078	2023-07-14
D15	0	0.00982109823510997	0	0.567431085375851	0.786906655474243	1.22506740867524	1.22412416666667	0.00535948862302264		28D03	7.4	4	0.037	2023-07-14
D16	0	0.0183353523937619	0	-43.9332227688604	28.655879030067	0.732250827571353	0.651999583333334	0.00339823957143962	questionable fit (k < n0)	28D03	7.7	4	0.022	2023-07-14
D17	0	0.0123156069403777	0	-0.864449017184723	0.716191622607487	0.844264982971034	0.842374444444445	0.0044966731532018	questionable fit	28D03	8	4	0.027	2023-07-14
D18	0	0.0166014464176494	0	-17.1467651184397	15.215019464691	0.544471151216782	0.500749861111111	0.00287865055001556	questionable fit (k < n0)	28D03	8.3	4	0.019	2023-07-14
D19	0	0.0100867794558365	0	-0.724022604687677	0.306399028067611	0.579800691788192	0.578249444444444	0.00337891837411795	questionable fit	28D03	8.6	4	0.019	2023-07-14
D2	0	0.018949903607934	0	-11.103663085277	14.0326693138759	0.516412546433674	0.460374861111111	0.00314002128541399	questionable fit (k < n0)	28D03	3.5	4	0.019	2023-07-14
D20	0	0.00933825981156647	0	-0.796321893019433	0.43976636956904	0.576547330702076	0.563249861111111	0.00233303956271162	questionable fit	28D03	8.9	4	0.017	2023-07-14
D21	0	0.0156936103072385	0	-31.1483755161691	17.8868983225417	0.61770062300673	0.580625	0.00225747886663478	questionable fit (k < n0)	28D03	9.2	4	0.019	2023-07-14
D22	0	0.00890442606466076	0	-2.26753271596175	0.842765355670332	0.493923489370226	0.492125	0.00118308142745375	questionable fit	28D03	9.5	4	0.013	2023-07-14
D23	0	0.0102280881675309	0	-52.6827920472203	17.2275744874882	0.458559772302493	0.43975	0.000822292520951905	questionable fit (k < n0)	28D03	9.8	4	0.012	2023-07-14
D24	0	0	0	0	0	0	0	0	cannot fit data	28D03	10.1	4	0.00700000000000001	2023-07-14
D3	0.166205826440735	0.0229510876416963	0.132000375038069	13.8731356480046	5.2511000848296	5.53247735723183	5.51675069444445	0.00333281327423843		28D03	3.8	4	0.168	2023-07-14
D4	0.195463092089761	0.0158773332822527	0.13704906135967	17.6999413372493	5.05765726290427	5.86337059431908	5.82125083333333	0.0079070301366132		28D03	4.1	4	0.197	2023-07-14
D5	0.193011534669223	0.0228063184930639	0.160096067149124	12.5547571176394	4.32957031926526	6.73325385708546	6.71475111111111	0.00669340309436707		28D03	4.4	4	0.196	2023-07-14
D6	0.186772322960241	0.0245792306250522	0.15424479604825	12.2330593899527	4.49381242232069	6.55235756115579	6.53212569444444	0.00771989670892261		28D03	4.7	4	0.188	2023-07-14
D7	0.202181854198749	0.0245764760447676	0.179331148235933	11.028616081838	3.86518007261083	7.37164995597222	7.35287569444444	0.00722798336655111		28D03	5	4	0.209	2023-07-14
D8	0.20776022520518	0.0230365945178525	0.177396993387887	11.7351301319301	3.90732203135115	7.44110519927946	7.41450055555556	0.00826544760148542		28D03	5.3	4	0.216	2023-07-14
D9	0.233835340825848	0.0260160202364448	0.17348617433709	11.9776492156899	3.99540299512937	8.31470260834838	8.29037583333333	0.00858348278775304		28D03	5.6	4	0.239	2023-07-14
E1	0	0.0116343577528547	0	-7.12990386532091	26.2002469123444	0.209634327593273	0.174499861111111	0.00207381749742933	questionable fit (k < n0)	28D03	3.2	5	0.012	2023-07-14
E10	0.236701057832414	0.0204304995261827	0.17464225480768	13.5104837718246	3.96895459992344	8.09298182090501	8.06887625	0.00545574493006441		28D03	5.9	5	0.241	2023-07-14
E11	0.239949132225484	0.0182629195949694	0.185939562739607	13.4258150122448	3.72780902755289	8.24501405746462	8.22662611111111	0.00608367813274215		28D03	6.2	5	0.245	2023-07-14
E12	0.212406120234851	0.0116067380376748	0.17529355441062	16.2625518428114	3.9542080305832	6.72109734646002	6.73062652777778	0.00863107622523986		28D03	6.5	5	0.214	2023-07-14
E13	0.224070769356965	0.0161764108641367	0.114655901330805	22.2707768864292	6.0454557725736	5.76204354997455	5.72287611111111	0.00974396535289699		28D03	6.8	5	0.226	2023-07-14
E14	0.0871676971297829	0.0102230864378581	0.0807492647367285	24.9963549383095	8.58394417360769	2.04250712039922	2.05700055555556	0.00766157555999458		28D03	7.1	5	0.075	2023-07-14
E15	0	0.00796015214863618	0	0.161161363509752	0.682402440433098	0.822397345196445	0.821124583333334	0.00338225199707191		28D03	7.4	5	0.025	2023-07-14
E16	0	0.00797598165916165	0	-0.291585789211622	0.68310543475348	0.662864895299631	0.661625	0.00314839255439199	questionable fit	28D03	7.7	5	0.02	2023-07-14
E17	0	0.0203262142565171	0	-15.5671933239123	13.8500864697883	0.655983902045146	0.607999861111111	0.00388260491864946	questionable fit (k < n0)	28D03	8	5	0.024	2023-07-14
E18	0	0.0169902626249452	0	-16.0659635039493	12.5389011519629	0.572676212197589	0.532249861111111	0.00288347091758041	questionable fit (k < n0)	28D03	8.3	5	0.019	2023-07-14
E19	0	0.0101243672622709	0	-0.62567579650521	0.239676373516749	0.567337603814507	0.565875	0.00442642820316092	questionable fit	28D03	8.6	5	0.022	2023-07-14
E2	0	0.00653874708293691	0	0.0400927835669454	0.0591365573011699	0.818094493778917	0.756375	0.00298810772974398		28D03	3.5	5	0.019	2023-07-14
E20	0	0.00852952254171838	0	-0.321746694368067	0.263543999847745	0.585910582837494	0.584374861111111	0.00303097175452847	questionable fit	28D03	8.9	5	0.02	2023-07-14
E21	0	0.0122957153766067	0	-1.63778695138943	0.559484406475455	0.669241918584451	0.667	0.0027965361867607	questionable fit	28D03	9.2	5	0.021	2023-07-14
E22	0	0.00934757699038522	0	-1.63895590951402	0.753131964971075	0.547817125488022	0.546124861111112	0.00174154419360861	questionable fit	28D03	9.5	5	0.016	2023-07-14
E23	0	0.000999999999999987	0	-0.473044887778988	25486.7183673435	0.00219228574917226	0.000999999999999987	0.000115292413150059	questionable fit (k < n0)	28D03	9.8	5	0.000999999999999987	2023-07-14
E24	0	0.00214122310613152	0	-2.12574953656006	0.541953025040234	0.0965161388741456	0.0763748611111112	0.000652902801047825	questionable fit (k < n0)	28D03	10.1	5	0.003	2023-07-14
E3	0.157423799273157	0.022268685300554	0.136332370953007	13.2268048568392	5.08424503817124	5.34000716365138	5.32300069444444	0.0037735676920962		28D03	3.8	5	0.162	2023-07-14
E4	0.155593816355917	0.0164566049991058	0.125233524944171	17.0460239215089	5.53483726397502	4.73405766725997	4.69000055555556	0.00893629347212394		28D03	4.1	5	0.16	2023-07-14
E5	0.199341614116129	0.0215443723210692	0.164098486742875	12.8613567049608	4.22397058204463	6.91013595098298	6.89537611111111	0.00561739950128943		28D03	4.4	5	0.203	2023-07-14
E6	0.183317468101871	0.0251385825408587	0.144564955961031	12.7231578946958	4.79471097232437	6.32484530012172	6.30600083333333	0.00642294179423439		28D03	4.7	5	0.183	2023-07-14
E7	0.20441199341013	0.0239586689334066	0.172803824454368	11.6845905612624	4.01117962955146	7.31983140862572	7.30662583333333	0.00763752944633495		28D03	5	5	0.209	2023-07-14
E8	0.206006128779908	0.0239236566126516	0.165317454341706	12.2769368211904	4.19282515158522	7.25079185999505	7.22387583333333	0.00866471200471809		28D03	5.3	5	0.211	2023-07-14
E9	0.236063274993152	0.024663595306441	0.183360169554131	11.7169518400831	3.78024945245983	8.47295460613712	8.44725097222222	0.00778745044809362		28D03	5.6	5	0.244	2023-07-14
F1	0	0	0	0	0	0	0	0	cannot fit data	28G4A05	3.2	1	0.003	2023-07-14
F10	0	0.00594215436421811	0	9.97714864423206	4.27310614653942	1.33356402530999	1.32875013888889	0.00175849965502349		28G4A05	5.9	1	0.039	2023-07-14
F11	0	0.00893924867778615	0	25.3534082111693	9.578179563721	1.5079562499701	1.50187513888889	0.00186072640928616		28G4A05	6.2	1	0.056	2023-07-14
F12	0	0.00858267257052724	0	7.15772998604724	4.04389386316355	1.49721858766513	1.49700027777778	0.00132763429991041		28G4A05	6.5	1	0.039	2023-07-14
F13	0	0.00244349816099437	0	15.7073831263232	4.29298296328669	1.06773236347295	1.06100027777778	0.001073363512669		28G4A05	6.8	1	0.034	2023-07-14
F14	0	0.00830438222202955	0	5.74949004832324	6.58062709971715	0.903874495982706	0.901874861111111	0.00133961095126474		28G4A05	7.1	1	0.026	2023-07-14
F15	0	0.00654118270384839	0	-0.881540597204777	3.37802776737277	0.542973185297909	0.541499861111112	0.000407041725846769	questionable fit	28G4A05	7.4	1	0.014	2023-07-14
F16	0	0.00554358212887539	0	-0.883693554321162	2.80596433202291	0.458165610159644	0.455	0.000631753610712711	questionable fit	28G4A05	7.7	1	0.012	2023-07-14
F17	0	0.00382786927049834	0	-5.39440527158439	3.37665090622699	0.238410982838773	0.2375	0.000304075686209776	questionable fit	28G4A05	8	1	0.00600000000000001	2023-07-14
F18	0	0.00290775837199906	0	3.05528641406582	3.0305918222336	0.379888474627714	0.379499861111111	0.00108433049141235		28G4A05	8.3	1	0.011	2023-07-14
F19	0	0.00182933845772582	0	12.8763443302791	4.46030989020353	0.530528479348249	0.532376527777778	0.00218903756006448		28G4A05	8.6	1	0.017	2023-07-14
F2	0	0	0	0	0	0	0	0	cannot fit data	28G4A05	3.5	1	0.00599999999999999	2023-07-14
F20	0	0.00532328246397977	0	-34.2346820883286	13.4509640501138	0.283153777684699	0.281875	0.000375792738699071	questionable fit	28G4A05	8.9	1	0.00700000000000001	2023-07-14
F21	0	0.00669858037964756	0	-30.3957738227963	9.24019004910157	0.346612985154276	0.345249861111111	0.000396495581369029	questionable fit	28G4A05	9.2	1	0.00800000000000001	2023-07-14
F22	0.00900000000000001	0.00655072364645479	0.00219789722801552	4928.42839061094	315.368331023279	0.333110275616467	0.331624861111111	0.000736081333570275		28G4A05	9.5	1	0.00900000000000001	2023-07-14
F23	0	0.00496181707050935	0	-83.2702686711431	35.1791587140431	0.220739988707584	0.216125	0.000436904392729296	questionable fit (k < n0)	28G4A05	9.8	1	0.00599999999999999	2023-07-14
F24	0	0.00374971387225517	0	-14.6720227763465	13.3423084028375	0.11910953090716	0.1155	0.00035828548238017	questionable fit (k < n0)	28G4A05	10.1	1	0.005	2023-07-14
F3	0	0.00458037092143743	0	6.63663239525576	3.20809359424114	0.965606107727612	0.96525	0.000752262470311653		28G4A05	3.8	1	0.025	2023-07-14
F4	0	0.00000000000913420738937448	0	12.0709907660419	0.409778687486555	0.243291584367929	0.243500138888889	0.00178312894366012		28G4A05	4.1	1	0.012	2023-07-14
F5	0	0.00107177695694845	0	8.38402954656643	1.86727929755094	0.998751553100924	1.00200027777778	0.00158203749570438		28G4A05	4.4	1	0.031	2023-07-14
F6	0	0.00171967841959391	0	6.84967186720483	1.83717226804535	1.00899564820267	1.013125	0.00216599407251077		28G4A05	4.7	1	0.032	2023-07-14
F7	0	0.00402795414179732	0	7.79937572166666	2.88266674550888	1.2064637226525	1.20737513888889	0.000978327547439849		28G4A05	5	1	0.031	2023-07-14
F8	0	0.00189935774525319	0	7.16996897651771	2.02190217610379	0.982618888696739	0.984375	0.00079679973746944		28G4A05	5.3	1	0.025	2023-07-14
F9	0	0.00878499007821711	0	9.39687979511907	5.40124555836272	1.40377600779887	1.39975027777778	0.00155604620781569		28G4A05	5.6	1	0.041	2023-07-14
G1	0.003	0.00211106862841803	0.000659176652722021	10319.6197593915	1051.53478615732	0.103395675059754	0.103000138888889	0.000354398438672555		28G4A05	3.2	2	0.003	2023-07-14
G10	0	0.00787739976992301	0	11.4670148737544	5.3572493263799	1.50087488159945	1.49737513888889	0.00103583816208404		28G4A05	5.9	2	0.043	2023-07-14
G11	0	0.00503092028141535	0	11.3363113562148	4.36485924107638	1.27431076447132	1.27287513888889	0.000803373218375039		28G4A05	6.2	2	0.037	2023-07-14
G12	0	0.00390588869877885	0	9.65247205908743	3.34083747469433	1.24621239131048	1.24825013888889	0.00140892182313399		28G4A05	6.5	2	0.034	2023-07-14
G13	0	0.00188688033852566	0	17.6432455291112	4.39361305319821	0.979712929769312	0.97125	0.00113811992268011		28G4A05	6.8	2	0.034	2023-07-14
G14	0	0.0065459466310267	0	14.1124726326902	9.22550553169621	0.79197717451141	0.790000138888889	0.00114386802171266		28G4A05	7.1	2	0.025	2023-07-14
G15	0	0.0064070350512757	0	0.347006714644892	3.86893231854749	0.584025835686447	0.582750000000001	0.000447685631343992		28G4A05	7.4	2	0.016	2023-07-14
G16	0	0.00693978183284714	0	81.5826823097003	34.6893976566455	0.499044773613391	0.497625277777778	0.00132178559707123		28G4A05	7.7	2	0.014	2023-07-14
G17	0	0.00522774616512939	0	-1.39033273377215	4.55228016570565	0.419128912776292	0.417999444444445	0.000824848943802977	questionable fit	28G4A05	8	2	0.013	2023-07-14
G18	0	0.00245014294224844	0	4.57649670716095	3.22607131167821	0.379346318629932	0.371	0.00115194215312409		28G4A05	8.3	2	0.01	2023-07-14
G19	0	0.00214088495344772	0	2.21742156280877	5.3582963020401	0.208101732143524	0.207624722222222	0.000788688002355288		28G4A05	8.6	2	0.00700000000000001	2023-07-14
G2	0	0.00599999999999999	0	-81.3687647380516	31.4777350601223	0.268937778305885	0.26275	0.000386253950604311	questionable fit (k < n0)	28G4A05	3.5	2	0.00599999999999999	2023-07-14
G20	0	0.00369472503678318	0	8.19981017582841	5.875016965022	0.50109323093998	0.501249861111111	0.000983560219622443		28G4A05	8.9	2	0.013	2023-07-14
G21	0	0.00627110131905598	0	-2.35406150220564	29.2122136956077	0.381325531463767	0.379875	0.000644431336021344	questionable fit	28G4A05	9.2	2	0.01	2023-07-14
G22	0	0.00569778831288574	0	-19.6123888116958	11.0659578305465	0.32653941634036	0.32525	0.000403215088613285	questionable fit	28G4A05	9.5	2	0.00800000000000001	2023-07-14
G23	0.00700000000000001	0.00509273817513953	0.000996885994014691	9321.80364932992	695.312387496268	0.251487649758154	0.250125	0.000446405506186715		28G4A05	9.8	2	0.00700000000000001	2023-07-14
G24	0	0.00557490303615302	0	-3.46295113729602	1.89887705158939	0.196456732555049	0.178875138888889	0.000597949715472029	questionable fit (k < n0)	28G4A05	10.1	2	0.00600000000000001	2023-07-14
G3	0	0.0109447509804216	0	1.14956270172132	2.46326792006411	1.17627089443428	1.17424902777778	0.00498246408278158		28G4A05	3.8	2	0.035	2023-07-14
G4	0	0.000000000000237006791636923	0	13.6217859165608	0.39628835639429	0.182411821084261	0.182625	0.00158130129853365		28G4A05	4.1	2	0.011	2023-07-14
G5	0	0.00111786005483249	0	7.78995039336301	1.76610720412257	1.00323753782872	1.00800027777778	0.00248014816255144		28G4A05	4.4	2	0.034	2023-07-14
G6	0	0.00188969361051418	0	8.04452976599932	2.16507672487359	1.06675749235585	1.07062513888889	0.00175300140540973		28G4A05	4.7	2	0.031	2023-07-14
G7	0	0.00455582852528507	0	6.36555002269364	2.5639309005218	1.23777154489727	1.23962472222222	0.00169565438247732		28G4A05	5	2	0.034	2023-07-14
G8	0	0.00339734062494851	0	8.02884736812202	2.80173846802645	1.11670888943424	1.11737513888889	0.000700727285672901		28G4A05	5.3	2	0.029	2023-07-14
G9	0	0.004920518017208	0	7.82363142625016	3.19388509684863	1.25946642661322	1.25875013888889	0.000817319112626093		28G4A05	5.6	2	0.033	2023-07-14
H1	0.003	0.00194622205500447	0.00226581969211336	5193.12744660719	305.914536347522	0.0991322930859186	0.0987500000000001	0.000224596404921241		28G4A05	3.2	3	0.003	2023-07-14
H10	0	0.00577726276089623	0	11.4149643458224	4.53298535209578	1.39015114381152	1.38637513888889	0.00114308324430289		28G4A05	5.9	3	0.04	2023-07-14
H11	0	0.00629780269141984	0	9.97906327045022	4.59878763311426	1.27866922988176	1.27750013888889	0.000813542103244782		28G4A05	6.2	3	0.036	2023-07-14
H12	0	0.003540549230269	0	9.6230364478948	3.20641474180201	1.21297381360642	1.21562513888889	0.00151240818003589		28G4A05	6.5	3	0.033	2023-07-14
H13	0	0.0030216270580695	0	14.9136328590948	4.46028354036326	1.10264052987353	1.09762513888889	0.000897442493954738		28G4A05	6.8	3	0.035	2023-07-14
H14	0	0.00371359302094569	0	9.95009406920407	4.52109992247859	0.768876225906243	0.771375138888889	0.0032436129229214		28G4A05	7.1	3	0.029	2023-07-14
H15	0	0.00667834434838985	0	4.44942590895236	6.20725585599923	0.698528173276143	0.697875277777778	0.00148618733298415		28G4A05	7.4	3	0.02	2023-07-14
H16	0	0.00622019782897514	0	-3.587601709091	3.17966241204939	0.421342834771872	0.419875	0.000380906230497717	questionable fit	28G4A05	7.7	3	0.01	2023-07-14
H17	0	0.00354359613190478	0	3.25781305464577	2.73472086209991	0.506310574096144	0.506000277777778	0.00141485458108466		28G4A05	8	3	0.015	2023-07-14
H18	0	0.0037381313883834	0	-7.76843430431612	9.7577436968386	0.24779224500964	0.247000138888889	0.000561905585062454	questionable fit	28G4A05	8.3	3	0.00700000000000001	2023-07-14
H19	0	0.00265666637908294	0	13.7868203101188	11.8931851936134	0.259717263204247	0.259249722222222	0.00100574337069447		28G4A05	8.6	3	0.00900000000000001	2023-07-14
H2	0	0.00699999999999999	0	-65.6897234789674	23.3991516223468	0.313390824043455	0.311625	0.000351471025399088	questionable fit (k < n0)	28G4A05	3.5	3	0.00699999999999999	2023-07-14
H20	0	0.00395454487453016	0	6.5990417408776	5.61210658544587	0.498620940248793	0.497624861111111	0.000834058516127665		28G4A05	8.9	3	0.013	2023-07-14
H21	0	0.00554186264693263	0	-7.54738089065622	10.31904843525	0.36881383437926	0.367500138888889	0.000660128334644177	questionable fit	28G4A05	9.2	3	0.01	2023-07-14
H22	0.00800000000000001	0.00471853609772002	0.00416369029937076	3118.03097645147	166.474240570846	0.251888883553236	0.25075	0.000496949013239208		28G4A05	9.5	3	0.00800000000000001	2023-07-14
H23	0	0.00765239840639708	0	-2.44076591156286	0.66021399550968	0.340976929751024	0.3395	0.000461557254159388	questionable fit (k < n0)	28G4A05	9.8	3	0.01	2023-07-14
H24	0	0.00553969810662727	0	-15.4789505853622	7.42480424323362	0.216162398228154	0.215000138888889	0.000459635588928145	questionable fit (k < n0)	28G4A05	10.1	3	0.00600000000000001	2023-07-14
H3	0	0.00511883541374667	0	6.05068311155982	3.31997421876288	0.951303059894495	0.951124583333334	0.000885437152659333		28G4A05	3.8	3	0.025	2023-07-14
H4	0	0.000000000000618055389906042	0	13.3537406923311	0.404736376513619	0.184216455421021	0.184375	0.00165009403220534		28G4A05	4.1	3	0.011	2023-07-14
H5	0	0.00102613098465184	0	8.09897002472724	1.76789732925452	1.02355345000001	1.02812527777778	0.00216101159284248		28G4A05	4.4	3	0.03	2023-07-14
H6	0	0.0020090193079127	0	8.15683386665796	2.22696617186001	1.09272847917465	1.09625	0.00160080822562287		28G4A05	4.7	3	0.03	2023-07-14
H7	0	0.00458432005860386	0	6.59178854160189	2.6127302531555	1.26851124826726	1.27025013888889	0.00149301503930648		28G4A05	5	3	0.033	2023-07-14
H8	0	0.00247234681178691	0	8.44128715007732	2.57542812142323	1.04202637201171	1.04262513888889	0.000597195075889361		28G4A05	5.3	3	0.027	2023-07-14
H9	0	0.00649650202785751	0	6.07013481849922	2.93048053055835	1.39367678094692	1.39200013888889	0.00107732161806639		28G4A05	5.6	3	0.035	2023-07-14
I1	0	0.000828519158987515	0	41.3843805046262	19.0864826599852	0.078193702728916	0.0781250000000001	0.000381250300943782		28G4A05	3.2	4	0.004	2023-07-14
I10	0	0.00660148664104563	0	11.2199775723557	4.73123621518097	1.45964689737839	1.45575	0.00127839297372063		28G4A05	5.9	4	0.042	2023-07-14
I11	0	0.00509464348956317	0	10.1187224211182	4.06491886515342	1.25144057522932	1.25099986111111	0.000860355304985444		28G4A05	6.2	4	0.035	2023-07-14
I12	0	0.00705552459220426	0	8.24768054669379	3.87355753857306	1.47180005267859	1.47325027777778	0.00165036994459581		28G4A05	6.5	4	0.039	2023-07-14
I13	0	0.00129364253581221	0	13.3315039483539	3.02115699105786	1.00025938861933	0.995625	0.000828921803088084		28G4A05	6.8	4	0.03	2023-07-14
I14	0	0.00551276317340327	0	9.20230992895842	5.51531510727708	0.849718245154114	0.850375138888889	0.00202985344395896		28G4A05	7.1	4	0.027	2023-07-14
I15	0	0.00618106934303877	0	3.07600679791697	3.972308781925	0.71189536989102	0.711123611111111	0.00162080897570651		28G4A05	7.4	4	0.022	2023-07-14
I16	0	0.0104452658218198	0	-7.59439923426982	5.03084465332133	0.649565203059479	0.647124722222223	0.000958259596933499	questionable fit	28G4A05	7.7	4	0.016	2023-07-14
I17	0	0.00437857608027551	0	-0.437200332930237	4.44836246151959	0.372411190535037	0.371375138888889	0.000906313188428379	questionable fit	28G4A05	8	4	0.012	2023-07-14
I18	0	0.00393678533129868	0	-4.07361395613876	5.8710224076656	0.281230030282919	0.280250138888889	0.000542128965827545	questionable fit	28G4A05	8.3	4	0.00800000000000001	2023-07-14
I19	0	0.00231835746733576	0	10.9990119539304	5.37651420394417	0.42315288686927	0.423750138888889	0.000825715798436412		28G4A05	8.6	4	0.013	2023-07-14
I2	0	0.0075709042902586	0	-32.1527477864497	14.1712583334012	0.315322822900059	0.310375	0.00035793571919268	questionable fit (k < n0)	28G4A05	3.5	4	0.00799999999999999	2023-07-14
I20	0	0.00501437413204407	0	3.28742291705603	3.8392205318935	0.598678774742347	0.597500138888889	0.000743266663686361		28G4A05	8.9	4	0.015	2023-07-14
I21	0	0.00452345604419839	0	5.4198748704352	14.5365465857197	0.346171950739872	0.345374861111111	0.00132728976465633		28G4A05	9.2	4	0.011	2023-07-14
I22	0	0.00700318448791992	0	-38.0312920042722	32.3655418247648	0.383212197103594	0.381499861111111	0.000959150346226411	questionable fit	28G4A05	9.5	4	0.011	2023-07-14
I23	0	0.00687838292231837	0	-82.9253220024069	27.92900028114	0.312740684998027	0.310375	0.000469313761129898	questionable fit (k < n0)	28G4A05	9.8	4	0.00800000000000001	2023-07-14
I24	0	0.00436651308690322	0	-0.494319342030666	0.348473749888081	0.28826972211392	0.286499722222222	0.000835057736360192	questionable fit	28G4A05	10.1	4	0.00900000000000001	2023-07-14
I3	0	0.0040018518092413	0	7.04754974958789	3.37881887209345	0.842274459747533	0.842250138888889	0.000750632467768245		28G4A05	3.8	4	0.022	2023-07-14
I4	0	0.000000000896533249753607	0	12.7243780249969	0.54920104752046	0.299974804904265	0.299875	0.00144922340245375		28G4A05	4.1	4	0.012	2023-07-14
I5	0	0.000646581111898613	0	8.70996267533868	1.69169126737128	0.929808954776157	0.934125	0.00207433391569042		28G4A05	4.4	4	0.033	2023-07-14
I6	0	0.0021171789838248	0	7.89986363857377	2.16901123872788	1.14384574684317	1.14762513888889	0.00185553361112269		28G4A05	4.7	4	0.034	2023-07-14
I7	0	0.00354251138611672	0	6.86342979568845	2.44142031312882	1.16105758876566	1.163	0.00132586340031829		28G4A05	5	4	0.03	2023-07-14
I8	0	0.00222442241601678	0	8.99151181193213	2.52981237569418	1.10342706570192	1.10475013888889	0.000605029923379026		28G4A05	5.3	4	0.03	2023-07-14
I9	0	0.00437997816708876	0	8.15330070519984	3.10020863213876	1.24021104905121	1.23975013888889	0.000647668061619103		28G4A05	5.6	4	0.033	2023-07-14
J1	0	0.00242644119288045	0	-12.1303905556343	7.13758202426257	0.144300235290984	0.14375	0.000366970717965876	questionable fit	28G4A05	3.2	5	0.004	2023-07-14
J10	0	0.0061858280614673	0	9.80913767755451	4.19478012977551	1.39818394217187	1.39412513888889	0.00159366376656829		28G4A05	5.9	5	0.04	2023-07-14
J11	0	0.00422804222535693	0	10.6394123885862	4.00818484095611	1.13277098812146	1.131625	0.000780734465668775		28G4A05	6.2	5	0.032	2023-07-14
J12	0	0.00541647819095136	0	10.1834968655724	4.05649381118	1.34535286675104	1.345625	0.0013155501468177		28G4A05	6.5	5	0.037	2023-07-14
J13	0	0.00248673383308356	0	13.7310123056215	3.70374047304673	1.1920284972037	1.18575013888889	0.0013358660031953		28G4A05	6.8	5	0.036	2023-07-14
J14	0	0.00500395688665915	0	9.2978888382223	5.29048760461331	0.810604331044952	0.809999861111111	0.00248672512952149		28G4A05	7.1	5	0.027	2023-07-14
J15	0	0.00443729342976583	0	3.98459114406136	3.3234581016329	0.621326675022537	0.621124166666667	0.00185818579201747		28G4A05	7.4	5	0.02	2023-07-14
J16	0	0.0050988507573971	0	0.101948607207907	3.43125529233977	0.460811950369793	0.459749861111112	0.000432780637593914		28G4A05	7.7	5	0.011	2023-07-14
J17	0	0.00414986035736711	0	-2.98366514709207	6.26700727684423	0.309145446429054	0.30825	0.000337315394838544	questionable fit	28G4A05	8	5	0.00700000000000001	2023-07-14
J18	0	0.00427282221142821	0	1.98669344062752	7.71142150949794	0.371760492278188	0.371250138888889	0.00149059008757823		28G4A05	8.3	5	0.012	2023-07-14
J19	0	0.00225135303738638	0	10.6332147282532	7.68912549075134	0.278930569316488	0.278750416666667	0.000963824542312398		28G4A05	8.6	5	0.00900000000000001	2023-07-14
J2	0	0.00775892126627438	0	-2.29111600669113	0.683133403301747	0.338143178298251	0.328	0.000420973429299865	questionable fit (k < n0)	28G4A05	3.5	5	0.00799999999999999	2023-07-14
J20	0	0.00226303889694038	0	-3.70876486906652	3.73609114532257	0.156449865580197	0.155875138888889	0.00129024850997364	questionable fit	28G4A05	8.9	5	0.00900000000000001	2023-07-14
J21	0	0.00520197458403814	0	-4.88667684554022	9.8779307292204	0.363767956204864	0.362750138888889	0.000662209975998704	questionable fit	28G4A05	9.2	5	0.01	2023-07-14
J22	0	0.00589263443122264	0	-19.5885958416179	7.49099929681785	0.319359420248343	0.317999722222223	0.00112770867641192	questionable fit	28G4A05	9.5	5	0.011	2023-07-14
J23	0	0.00547558469224812	0	-7.39478365737803	11.1210924851811	0.364778363416203	0.363750138888889	0.000818839640039973	questionable fit	28G4A05	9.8	5	0.00900000000000001	2023-07-14
J24	0	0.00463055408418071	0	-30.2008674536935	20.0560601699727	0.176314383158617	0.169	0.000520663491154314	questionable fit (k < n0)	28G4A05	10.1	5	0.00800000000000001	2023-07-14
J3	0	0.00448748635398945	0	7.91989975642319	3.77450161986481	0.927844466581073	0.926874861111111	0.00105508783040427		28G4A05	3.8	5	0.026	2023-07-14
J4	0	0.0000000000731666466571806	0	12.5945621657599	0.468482988490445	0.322619832165738	0.322375138888889	0.00159177946877399		28G4A05	4.1	5	0.014	2023-07-14
J5	0	0.00107847538982326	0	8.48484504314579	1.86119505213605	1.04950150446391	1.05374986111111	0.00161840220755721		28G4A05	4.4	5	0.032	2023-07-14
J6	0	0.00145128496618688	0	7.94697312194963	1.93450624084717	1.06174060931784	1.06587513888889	0.00163553917356211		28G4A05	4.7	5	0.03	2023-07-14
J7	0	0.00281188159502219	0	7.15606798988874	2.20010513217491	1.20613315811206	1.20949916666667	0.00204952578685058		28G4A05	5	5	0.042	2023-07-14
J8	0	0.00169569924463275	0	8.39214258053099	2.19298349461015	1.01993833307072	1.02112527777778	0.000606815685834219		28G4A05	5.3	5	0.026	2023-07-14
J9	0	0.00392613460741611	0	8.10847426019701	3.00075417805288	1.16365650629922	1.162875	0.000906152079443781		28G4A05	5.6	5	0.031	2023-07-14
K1	0	0.0142546461435098	0	-0.871076530640611	0.150009876102334	0.674920729044262	0.656749861111111	0.00107113690200271	questionable fit (k < n0)	35G1B03	3.2	1	0.015	2023-07-14
K10	0.191	0.0253987716586909	0.0410849309562407	450.005902022877	16.8710805744863	3.86145796002216	3.87212597222222	0.00669817661881886		35G1B03	5.9	1	0.191	2023-07-14
K11	0.0905181663431501	0.0238843021697271	0.0578317215774799	17.7409812685135	11.9855878686112	2.52611136092759	2.51912527777778	0.00266612260534439		35G1B03	6.2	1	0.082	2023-07-14
K12	0	0.0177740919150516	0	10.6338188255356	10.1869289285798	1.78809945141951	1.78337541666667	0.00302004637316727		35G1B03	6.5	1	0.052	2023-07-14
K13	0.028	0.0176150512058149	0.00910886413786209	1494.30975026216	76.0958962686463	1.06611446582155	1.06387430555556	0.00325692193329283		35G1B03	6.8	1	0.028	2023-07-14
K14	0	0	0	0	0	0	0	0	cannot fit data	35G1B03	7.1	1	0.04	2023-07-14
K15	0	0	0	0	0	0	0	0	cannot fit data	35G1B03	7.4	1	0.04	2023-07-14
K16	0	0.00684279425545985	0	1.04757404143297	0.847375601005726	1.07296069658623	1.07225027777778	0.00402157417832205		35G1B03	7.7	1	0.033	2023-07-14
K17	0	0.00820699482174152	0	0.790832718498299	0.720602951757522	1.21149484274643	1.21050013888889	0.00713833425884536		35G1B03	8	1	0.041	2023-07-14
K18	0	0.00810641291082729	0	1.68546443491927	1.51417400922504	1.1715467784663	1.17075069444444	0.0035861002049289		35G1B03	8.3	1	0.032	2023-07-14
K19	0	0.00916156659061597	0	4.35631803484341	2.51124568719377	1.70096591730082	1.69987458333333	0.00308766906781102		35G1B03	8.6	1	0.047	2023-07-14
K2	0	0.0163774292633923	0	-14.7599836344151	17.9148703178948	0.994366250402433	0.99125	0.000450753663820021	questionable fit	35G1B03	3.5	1	0.024	2023-07-14
K20	0	0.0127574944540867	0	2.46388926391522	2.86962729403874	1.57640402517155	1.57387527777778	0.00180026433959226		35G1B03	8.9	1	0.04	2023-07-14
K21	0	0.0113901009353862	0	4.06535657625825	3.18804367393222	1.65760928560598	1.65512430555556	0.002663684150042		35G1B03	9.2	1	0.045	2023-07-14
K22	0	0.0122463174688155	0	4.9054990395417	5.44457361525583	1.40324805423029	1.40024972222222	0.00208429345788641		35G1B03	9.5	1	0.038	2023-07-14
K23	0	0.012315080069449	0	2.2460346774209	2.70684376541115	1.51234126916437	1.51087666666667	0.00325408160343503		35G1B03	9.8	1	0.041	2023-07-14
K24	0	0.00749295652015593	0	1.81813825764364	1.37334627128173	1.2001972825663	1.19899972222222	0.00218255232272337		35G1B03	10.1	1	0.031	2023-07-14
K3	0.165120304027415	0.0388511122126122	0.055862824880241	21.0995302997807	12.4080223663217	4.27043804666492	4.25637555555556	0.0116603928158161		35G1B03	3.8	1	0.138	2023-07-14
K4	0.138732611480486	0.0182455389036959	0.104710606280427	18.0270359058543	6.61964632984375	4.05486327307836	4.02837541666667	0.0102086924050987		35G1B03	4.1	1	0.137	2023-07-14
K5	0.157402860862734	0.0324477828276939	0.108670501238123	12.4074350133379	6.37842995718863	5.32952865010416	5.30237527777778	0.0112884590095283		35G1B03	4.4	1	0.167	2023-07-14
K6	0.177075101249865	0.0285784033916458	0.109764266103405	15.0131866539324	6.31487099733311	5.63511882836786	5.61887527777778	0.00876559504435683		35G1B03	4.7	1	0.178	2023-07-14
K7	0.155997707822388	0.0257021817203281	0.136475816613097	11.8938967233982	5.07890113986265	5.46664009805272	5.44850013888889	0.00896091429256339		35G1B03	5	1	0.167	2023-07-14
K8	0.164290853751597	0.0178500569210242	0.11758991824202	17.897916453834	5.89461401897846	4.85746798001012	4.86600027777778	0.0125605186554731		35G1B03	5.3	1	0.16	2023-07-14
K9	0.179742256463561	0.0167506289647865	0.111762660222473	20.357989172928	6.2019567105881	4.91793075815016	4.94387527777778	0.0129054610250404		35G1B03	5.6	1	0.164	2023-07-14
L1	0	0.0734182506371601	0	-20.8241691757366	3.88598553283059	3.61520230035142	3.60050013888889	0.000817215316712136	questionable fit	35G1B03	3.2	2	0.077	2023-07-14
L10	0.201	0.0279575543214711	0.0412517160778675	431.477213184868	16.802868982506	4.27293569928477	4.27150041666667	0.00758750966910793		35G1B03	5.9	2	0.201	2023-07-14
L11	0.115218699432628	0.0211101916809107	0.0528125549675288	28.3018406005663	13.1246666817411	2.50564259271351	2.49937527777778	0.00223313655638295		35G1B03	6.2	2	0.088	2023-07-14
L12	0	0.0181355013526156	0	10.0109399936586	9.60341185095478	1.86242030107477	1.85762486111111	0.00265537329432472		35G1B03	6.5	2	0.053	2023-07-14
L13	0.028	0.0173387179438508	0.0060858377489552	2094.14157621452	113.895113401428	0.971328769839883	0.969250555555556	0.00380815178949055		35G1B03	6.8	2	0.028	2023-07-14
L14	0.04	0.0263484794216694	0.00022460057381957	40751.72279138	3086.13272340424	1.27702095557813	1.27274916666667	0.00504138072450008		35G1B03	7.1	2	0.04	2023-07-14
L15	0	0.00980789064984451	0	0.273807770514678	0.772270551609839	1.05677911098755	1.05499986111111	0.00397624935694062		35G1B03	7.4	2	0.032	2023-07-14
L16	0	0.00973157282361976	0	1.24325934737964	1.45161230326805	1.25928069207775	1.25762430555556	0.00248070086381978		35G1B03	7.7	2	0.033	2023-07-14
L17	0	0.00800818368285843	0	1.00006159175617	0.973391804769282	1.13492696039971	1.13362472222222	0.0038960760682562		35G1B03	8	2	0.036	2023-07-14
L18	0	0.00758389455844375	0	2.35397810640152	1.67151911351144	1.24930315612794	1.24849916666667	0.00215409312806102		35G1B03	8.3	2	0.034	2023-07-14
L19	0	0.00671576921937968	0	5.44210556670856	2.42982384257269	1.61768686190924	1.61762527777778	0.00255024843037091		35G1B03	8.6	2	0.043	2023-07-14
L2	0	0.016508408568356	0	-23.0300979279996	10.1902044071626	0.90859348897081	0.905375138888888	0.000459193269880046	questionable fit	35G1B03	3.5	2	0.02	2023-07-14
L20	0	0.0144845614524611	0	1.35199556505744	4.28999152740756	1.40439890321207	1.40150013888889	0.00139226577185273		35G1B03	8.9	2	0.034	2023-07-14
L21	0	0.0121433983727079	0	4.20009725689472	4.55472887591548	1.44933933818817	1.44687513888889	0.00223043227149428		35G1B03	9.2	2	0.04	2023-07-14
L22	0	0.00926434321080938	0	4.98887808897176	3.13996900891659	1.55642425168685	1.55462541666667	0.00134783406236086		35G1B03	9.5	2	0.039	2023-07-14
L23	0	0.0115981808187824	0	1.27640489433222	2.65669545624441	1.24611259196567	1.24412444444444	0.00252586828464722		35G1B03	9.8	2	0.033	2023-07-14
L24	0	0.0119471003623596	0	2.81316450773143	6.62661877118344	1.12349024188741	1.12112472222222	0.00198881450968807		35G1B03	10.1	2	0.03	2023-07-14
L3	0.140748965120588	0.0376820419134193	0.0598402288867337	16.8146896608966	11.5832976152538	4.0197335300138	4.00437541666667	0.0117076614996207		35G1B03	3.8	2	0.128	2023-07-14
L4	0.13956633204085	0.0192669742636917	0.0931564457119417	19.6614503519488	7.44067869123404	3.86250535813871	3.83900041666667	0.0108152028196833		35G1B03	4.1	2	0.134	2023-07-14
L5	0.144413913276575	0.0322678817182816	0.116880781634077	10.6581210044608	5.9303776965661	5.12505037291961	5.09662583333333	0.0117403118484314		35G1B03	4.4	2	0.158	2023-07-14
L6	0.161260332726247	0.0283580121815374	0.1190985868596	12.9699676566512	5.81994462601864	5.44032101912215	5.41675055555556	0.00959478126664953		35G1B03	4.7	2	0.168	2023-07-14
L7	0.150682687049822	0.0225291995112786	0.204340442522092	8.50745168981932	3.39211940624532	5.86249083278017	5.842625	0.0096656266334894		35G1B03	5	2	0.174	2023-07-14
L8	0.16224870524614	0.0177459628485462	0.129863417465966	16.1488160555496	5.33750916220575	5.07560502790159	5.07762513888889	0.0116287916687481		35G1B03	5.3	2	0.163	2023-07-14
L9	0.178871270690334	0.0227380077578448	0.113422049389376	16.9867501745455	6.11122073963223	5.41465748818964	5.42412569444445	0.0131960219402654		35G1B03	5.6	2	0.168	2023-07-14
M1	0	0.012	0	-74.5838202996663	20.8046305323035	0.553411655735444	0.545375	0.000485431715689157	questionable fit (k < n0)	35G1B03	3.2	3	0.012	2023-07-14
M10	0.596819229029089	0.0288581890708177	0.0515264378293937	57.8277705125596	13.4522627559659	4.93527773221555	4.92812597222222	0.00530963763667824		35G1B03	5.9	3	0.214	2023-07-14
M11	0.119644621345732	0.0220834816022915	0.0629323151756622	23.6070985371822	11.0141694076433	2.92164779663777	2.91337541666667	0.00268917615202		35G1B03	6.2	3	0.103	2023-07-14
M12	0	0.016384974397413	0	12.1609270730044	9.44413709112224	1.82129573169519	1.81687486111111	0.00204653107904305		35G1B03	6.5	3	0.053	2023-07-14
M13	0.032	0.0209361637995329	0.00609213761733976	2037.85377197581	113.777334672656	1.17304712268318	1.17025013888889	0.00416051320036169		35G1B03	6.8	3	0.032	2023-07-14
M14	0	0.00891725497836555	0	0.542909848273456	0.639978332322609	1.18002406014372	1.17824930555556	0.0042768161352429		35G1B03	7.1	3	0.036	2023-07-14
M15	0	0.0107931589215732	0	0.263937300597352	0.773125585864133	1.15712912030556	1.15537444444444	0.00514885338371892		35G1B03	7.4	3	0.035	2023-07-14
M16	0	0.0061679547151199	0	1.40025704403302	0.999379191651095	1.0407378991369	1.04012472222222	0.00314669683383653		35G1B03	7.7	3	0.031	2023-07-14
M17	0	0.00895922935408888	0	0.731195055755187	0.788151878961853	1.22192805429681	1.22062555555556	0.00468189682370029		35G1B03	8	3	0.037	2023-07-14
M18	0	0.00618524888677985	0	2.21223875922758	1.21221515780837	1.28014117018634	1.28062472222222	0.00483820204963802		35G1B03	8.3	3	0.038	2023-07-14
M19	0	0.00910795196919234	0	3.84828294323787	2.1776471062704	1.74668881056056	1.74487611111111	0.00232118639495363		35G1B03	8.6	3	0.045	2023-07-14
M2	0	0.0159114819233077	0	-19.3115030251709	8.3127276841569	0.879391667236007	0.87625	0.000376380149616116	questionable fit	35G1B03	3.5	3	0.02	2023-07-14
M20	0	0.0124504793798915	0	2.69637208288195	2.68488093115793	1.64453480044339	1.64237486111111	0.00214661788899662		35G1B03	8.9	3	0.041	2023-07-14
M21	0	0.0148524828102927	0	3.72994091190203	4.30446868900878	1.7512784299491	1.74824958333333	0.00277522856648537		35G1B03	9.2	3	0.047	2023-07-14
M22	0	0.012654136002709	0	4.16884370628331	6.30081761767584	1.29554649191683	1.29287652777778	0.00230996380118073		35G1B03	9.5	3	0.036	2023-07-14
M23	0	0.0166222582458159	0	1.1619786111641	5.50727172250684	1.51039234786408	1.50787527777778	0.00275849922447957		35G1B03	9.8	3	0.042	2023-07-14
M24	0	0.0115084276158415	0	0.647377962201334	1.91436974675551	1.19725133695844	1.19450027777778	0.00164570540118686		35G1B03	10.1	3	0.03	2023-07-14
M3	0.124737015041921	0.0355080012990315	0.0696042383342604	13.2383920165744	9.9584047918353	3.9119000291352	3.89612541666667	0.00992535792498555		35G1B03	3.8	3	0.123	2023-07-14
M4	0.140387907340743	0.0217610873368584	0.0786279074904046	21.5681589803697	8.81553640028553	3.64608500094608	3.62312513888889	0.011956047929315		35G1B03	4.1	3	0.129	2023-07-14
M5	0.145190034866638	0.03391051996045	0.0942941411433558	12.6022665291324	7.35090401328488	4.81227502649926	4.78812597222222	0.0101804089455106		35G1B03	4.4	3	0.154	2023-07-14
M6	0.162826733743144	0.031375557204239	0.0951137012594799	15.0620397044876	7.28756395115956	5.10174473771919	5.07850027777778	0.010348986246754		35G1B03	4.7	3	0.162	2023-07-14
M7	0.140914765725592	0.0205514193311852	0.203957262939779	8.66644817321116	3.39849226533603	5.46282985021683	5.44537625	0.00722597584347908		35G1B03	5	3	0.16	2023-07-14
M8	0.156032694884858	0.0213085401248776	0.137193865568655	13.4417194613665	5.05231905003128	5.26677713562713	5.25612569444444	0.00958279692077109		35G1B03	5.3	3	0.162	2023-07-14
M9	0.163037794592804	0.02142904193739	0.138053093233294	13.6782222388774	5.02087395744627	5.47271572702223	5.46987555555556	0.0103217905515177		35G1B03	5.6	3	0.164	2023-07-14
N1	0	0.00946241983074142	0	-1.32536430233621	0.320317559209947	0.481791868499484	0.467999861111112	0.000699097937767145	questionable fit	35G1B03	3.2	4	0.011	2023-07-14
N10	0.40507820172196	0.0286718267215163	0.0579132466106852	44.4588155857759	11.9687156415102	5.13454830332643	5.12175152777778	0.00550203712958804		35G1B03	5.9	4	0.218	2023-07-14
N11	0.101653382987449	0.0216092853708538	0.071839165080986	18.2275865948596	9.64859738804792	2.86449363842833	2.85725041666667	0.00217279148986141		35G1B03	6.2	4	0.095	2023-07-14
N12	0	0.0185752215000443	0	11.6842120579902	9.70129259316539	1.99298966939152	1.98825013888889	0.00228922176392767		35G1B03	6.5	4	0.058	2023-07-14
N13	0.034	0.0164179188287863	0.0159198484317836	893.664794196203	43.5398102896567	1.19029321171327	1.18900069444444	0.0037253123540148		35G1B03	6.8	4	0.034	2023-07-14
N14	0	0	0	0	0	0	0	0	cannot fit data	35G1B03	7.1	4	0.033	2023-07-14
N15	0	0.00797674649488663	0	0.532157085589072	0.580079562300206	1.09029405751507	1.08912513888889	0.0061268614701483		35G1B03	7.4	4	0.037	2023-07-14
N16	0	0.00627576846890004	0	1.28379765434575	0.908870304974672	1.06872474944247	1.067625	0.00455586248315729		35G1B03	7.7	4	0.033	2023-07-14
N17	0	0.00885263938867305	0	1.47161061843775	1.45471499876781	1.22525082050867	1.22437541666667	0.00484579095066153		35G1B03	8	4	0.039	2023-07-14
N18	0	0.000553648835079802	0	1.30104688606453	0.235596865501736	1.21930534408675	1.20862472222222	0.00423691662937286		35G1B03	8.3	4	0.034	2023-07-14
N19	0	0.00584822522712855	0	2.95133852394262	1.28651292084497	1.55070382783342	1.54987541666667	0.00225447934048288		35G1B03	8.6	4	0.039	2023-07-14
N2	0	0.0146640310997629	0	-7.44076010062084	3.50216330426797	0.850167855886059	0.84725	0.000335187563208664	questionable fit	35G1B03	3.5	4	0.019	2023-07-14
N20	0	0.0114826344909434	0	2.31917878669035	2.45699986582713	1.49066166767209	1.48912569444444	0.00244164511111483		35G1B03	8.9	4	0.039	2023-07-14
N21	0	0.0113877275080264	0	3.20379419891835	2.38492331543909	1.76672138571131	1.76550027777778	0.00249799541437921		35G1B03	9.2	4	0.045	2023-07-14
N22	0	0.0124849941762706	0	2.26239435301692	5.20600474319197	1.22716637763179	1.22387486111111	0.00219191275143344		35G1B03	9.5	4	0.034	2023-07-14
N23	0	0.0191437354549098	0	3.08206362671499	6.96462620769848	1.79254555155738	1.78924944444444	0.00243312970831637		35G1B03	9.8	4	0.049	2023-07-14
N24	0	0.0151134513388075	0	1.01486468567681	4.83687565038362	1.39660292597456	1.39349986111111	0.00179144447086953		35G1B03	10.1	4	0.036	2023-07-14
N3	0.605841638444311	0.033167626784731	0.0284590559650054	100.09967793324	24.355944252412	3.17978962781094	3.17400013888889	0.00698064685135511		35G1B03	3.8	4	0.11	2023-07-14
N4	0.149670686914591	0.0200503323836616	0.0727137599367553	25.66727533305	9.53254488782905	3.44248465504416	3.42700027777778	0.0104976997459092		35G1B03	4.1	4	0.126	2023-07-14
N5	0.155054638426074	0.027374362312887	0.0953395342436554	16.1519816002597	7.27030172801659	4.728833485034	4.71112583333333	0.00720666992091168		35G1B03	4.4	4	0.155	2023-07-14
N6	0.168842271973628	0.0315870644764129	0.082572383533538	17.791594159225	8.39441894369457	4.87107177410905	4.854625	0.0118945202358365		35G1B03	4.7	4	0.156	2023-07-14
N7	0.158742939474657	0.0230284863077805	0.134877635219872	13.1513358890818	5.13908165301092	5.39037619117085	5.37675027777778	0.00689800176380041		35G1B03	5	4	0.168	2023-07-14
N8	0.152027722468672	0.0161696298359708	0.188193166664386	11.3100606195007	3.68316869759713	5.51894872960066	5.5055	0.00760243741470606		35G1B03	5.3	4	0.163	2023-07-14
N9	0.169627608697881	0.0151526609126392	0.180818238955372	12.8408272971562	3.83339194411147	5.91247663748153	5.91750097222222	0.00606099264414745		35G1B03	5.6	4	0.172	2023-07-14
O1	0	0.012	0	-19.1697683234739	7.41587868997168	0.501356369718728	0.452124861111111	0.00179199700530282	questionable fit (k < n0)	35G1B03	3.2	5	0.012	2023-07-14
O10	0.433010756135234	0.0263319372006052	0.0586274929870153	46.6886958163161	11.822903304316	4.99158675040621	4.978375	0.00599917750449696		35G1B03	5.9	5	0.222	2023-07-14
O11	0.144558352815276	0.0244333139963801	0.0569218870788886	27.9784410420219	12.1771644639839	3.15146008440704	3.14287541666667	0.00277506620089974		35G1B03	6.2	5	0.115	2023-07-14
O12	0	0.0249232622919513	0	19.320888696552	16.5729690418901	2.12783328978487	2.12375013888889	0.00277576340544555		35G1B03	6.5	5	0.062	2023-07-14
O13	0.027	0.0126989499065918	0.016043029409976	955.579675609305	43.2055045743996	0.923755660656427	0.92225	0.0022332129491085		35G1B03	6.8	5	0.027	2023-07-14
O14	0	0.0256660742082879	0	-71.458032614565	21.8721819499721	1.17175709358659	1.12450013888889	0.00439050130960538	questionable fit (k < n0)	35G1B03	7.1	5	0.036	2023-07-14
O15	0	0	0	0	0	0	0	0	cannot fit data	35G1B03	7.4	5	0.037	2023-07-14
O16	0	0.00597030965452403	0	1.1541525225998	0.87935007275557	0.969673732589079	0.968499861111111	0.00363646654525643		35G1B03	7.7	5	0.031	2023-07-14
O17	0	0.00657290082207137	0	1.20688371910312	0.710442060081794	1.30403932611606	1.3039975	0.00743382058845261		35G1B03	8	5	0.042	2023-07-14
O18	0	0.0000297437811149685	0	2.14540562495084	0.222219546565318	1.10541405671211	1.07637347222222	0.00476044433585942		35G1B03	8.3	5	0.033	2023-07-14
O19	0	0.00847921074982894	0	3.53616154496547	2.06011579788845	1.5947766864316	1.59300013888889	0.00156779631885048		35G1B03	8.6	5	0.041	2023-07-14
O2	0	0.0132532107833039	0	-6.16638172478436	3.97816907996334	0.827068654820591	0.824375	0.00055000955835649	questionable fit	35G1B03	3.5	5	0.019	2023-07-14
O20	0	0.0145186068820536	0	1.64192222464421	2.94836979235805	1.59138076021619	1.58862569444444	0.0020505881409897		35G1B03	8.9	5	0.041	2023-07-14
O21	0	0.0129173820727136	0	3.75335838425056	3.21023253599959	1.79398304520763	1.791625	0.00189677592405488		35G1B03	9.2	5	0.046	2023-07-14
O22	0	0.0171970388058302	0	3.8056510263352	6.09887660046671	1.75041524956346	1.74712416666667	0.00184380276413797		35G1B03	9.5	5	0.045	2023-07-14
O23	0	0.0175719153902296	0	2.44290651684179	5.37433814475822	1.72997292448519	1.72687513888889	0.002154586198495		35G1B03	9.8	5	0.046	2023-07-14
O24	0	0.0190411009746975	0	-2.39358534252706	6.27178401805187	1.45006578387997	1.44662444444444	0.00235176324154439	questionable fit	35G1B03	10.1	5	0.038	2023-07-14
O3	0.212774518255151	0.0349648597478265	0.0323250912198279	50.3129313054684	21.4430077194887	3.1604032494332	3.1535	0.00810152337640844		35G1B03	3.8	5	0.102	2023-07-14
O4	0.144649546267558	0.0129807598286444	0.0886512951478361	26.1340945306767	7.8188048962403	3.25480069595021	3.24725069444444	0.0075150972193628		35G1B03	4.1	5	0.124	2023-07-14
O5	0.179978514045065	0.0381161837936328	0.0545696787224244	24.0833032078338	12.7020572007713	4.33988551223733	4.32587555555556	0.012952562525403		35G1B03	4.4	5	0.146	2023-07-14
O6	0.151888944630404	0.0233024670598283	0.105756625498652	16.1506894700397	6.55417263260521	4.67707317427528	4.66575097222222	0.00768572608907316		35G1B03	4.7	5	0.15	2023-07-14
O7	0.141871241708582	0.0238818457914627	0.166407586402674	9.59977973279182	4.16535805574792	5.32116586155596	5.29937513888889	0.00753933712316609		35G1B03	5	5	0.159	2023-07-14
O8	0.161665604685801	0.0189521687662653	0.13837034918035	14.5907003579054	5.00936208274294	5.29965265139302	5.29087513888889	0.00977864070940896		35G1B03	5.3	5	0.165	2023-07-14
O9	0.182957077211669	0.0181761172819849	0.145709655396799	15.1294612240914	4.7570435787001	5.93006553592507	5.93175069444445	0.00897411839937754		35G1B03	5.6	5	0.18	2023-07-14
