sample	k	n0	r	t_mid	t_gen	auc_l	auc_e	sigma	note	strain	pH	replicate	max.OD	date
A1	0	0	0	0	0	0	0	0	cannot fit data	Wood-1	3.2	1	0.0121	2025-11-07
A10	0	0.00744052801085835	0	11.5408160679752	3.94502905520655	2.30045923610489	2.294675	0.00271750556932218		Wood-1	5.9	1	0.0671	2025-11-07
A11	0	0.0105344745977014	0	9.41693858889305	4.18650568428444	2.28182272344049	2.28	0.00163130902818209		Wood-1	6.2	1	0.0606	2025-11-07
A12	0	0.0089106220624571	0	10.0897307413697	4.36219988839296	1.96642558011069	1.9686625	0.00262189216087948		Wood-1	6.5	1	0.0554	2025-11-07
A13	0	0.00912935140279376	0	8.23489259180178	5.97739475341156	1.22341938550661	1.221325	0.00127991451237257		Wood-1	6.8	1	0.0336	2025-11-07
A14	0	0.0121554203605593	0	2.54157340766946	23.2884319455698	0.790812501250734	0.788975	0.00291752436156901		Wood-1	7.1	1	0.0234	2025-11-07
A15	0	0.00804373268292967	0	7.24529345311605	9.64539643445707	0.759275675544245	0.758449999999999	0.00138306592065799		Wood-1	7.4	1	0.0198	2025-11-07
A16	0	0.0137055701028505	0	339.326820102539	47.6073654450205	0.954203687169412	0.9523375	0.00275418984510488		Wood-1	7.7	1	0.0293	2025-11-07
A17	0	0.00746720260448109	0	0.851839064453076	1.68149785547747	0.832483298155747	0.831149999999999	0.000920619645336239		Wood-1	8	1	0.0199	2025-11-07
A18	0	0.00581916259129392	0	1.32445992664052	1.13234301280141	0.875045268822601	0.8742125	0.00324630883563504		Wood-1	8.3	1	0.0343	2025-11-07
A19	0	0.00238122602078142	0	3.12249886361808	1.26591943589778	0.695918157643741	0.696725	0.00265860654022423		Wood-1	8.6	1	0.029	2025-11-07
A2	0	0	0	0	0	0	0	0	cannot fit data	Wood-1	3.5	1	0.015	2025-11-07
A20	0	0.00318637201423104	0	1.86351071216721	1.15598412576678	0.592872873628322	0.592662500000001	0.0022021495950507		Wood-1	8.9	1	0.0222	2025-11-07
A21	0	0.00744368378822276	0	-0.438907668172894	1.51586242101276	0.63463204956014	0.6332	0.000933218773996426	questionable fit	Wood-1	9.2	1	0.018	2025-11-07
A22	0	0.00603990229481267	0	-0.7816923303352	1.16821890620742	0.466113690561897	0.4651	0.0011833306831041	questionable fit	Wood-1	9.5	1	0.0156	2025-11-07
A23	0	0	0	0	0	0	0	0	cannot fit data	Wood-1	9.8	1	0.0184	2025-11-07
A24	0	0.0109649294159111	0	-1.10263085959646	0.444546993381775	0.434937361421792	0.3509625	0.00365245917313909	questionable fit (k < n0)	Wood-1	10.1	1	0.0124	2025-11-07
A3	0	0.0136937702976349	0	-11.3136931654869	21.9641915188562	0.835558896775589	0.8331375	0.00169887182284121	questionable fit	Wood-1	3.8	1	0.0219	2025-11-07
A4	0	0	0	0	0	0	0	0	cannot fit data	Wood-1	4.1	1	0	2025-11-07
A5	0	0	0	0	0	0	0	0	cannot fit data	Wood-1	4.4	1	0	2025-11-07
A6	0	0.0156871591329719	0	8.4530403218895	6.30557207696421	2.04113833152993	2.036725	0.00157088388399943		Wood-1	4.7	1	0.0563	2025-11-07
A7	0	0.0175097807034038	0	13.9483095950973	8.17019748357997	2.36975160319042	2.363425	0.00215312827260012		Wood-1	5	1	0.0729	2025-11-07
A8	0	0.0124289275508309	0	17.2481244949452	6.77831311058476	2.53212499800034	2.5255125	0.00165977839212819		Wood-1	5.3	1	0.0833	2025-11-07
A9	0	0.00756237703575606	0	13.0835964722933	4.5993494789286	2.12172879870403	2.1178625	0.00182020307116754		Wood-1	5.6	1	0.0653	2025-11-07
B1	0	0	0	0	0	0	0	0	cannot fit data	Wood-2	3.2	1	0.0081	2025-11-07
B10	0	0.00502471289465597	0	7.82329737178944	2.23356597302985	2.48546652492758	2.4888875	0.00643058267321791		Wood-2	5.9	1	0.0757	2025-11-07
B11	0	0.0145030695039224	0	5.18704248580534	4.24618100845571	1.97319152469271	1.9693	0.0038899090766002		Wood-2	6.2	1	0.0529	2025-11-07
B12	0	0.017015882505062	0	3.37718415173508	10.1082339153551	1.42188544243706	1.41925	0.0030831056799611		Wood-2	6.5	1	0.0373	2025-11-07
B13	0	0.011498673870725	0	18.1885743481686	8.46238284385155	1.78352917714568	1.7806375	0.00262773353027665		Wood-2	6.8	1	0.056	2025-11-07
B14	0	0.0158075876786274	0	14.4439902513863	16.9923267079921	1.2605030800783	1.2569125	0.0030513777770331		Wood-2	7.1	1	0.0386	2025-11-07
B15	0	0.0148626918249137	0	6.48264296093937	7.83474476183546	1.5234382916422	1.520875	0.0032227516910632		Wood-2	7.4	1	0.0406	2025-11-07
B16	0	0	0	0	0	0	0	0	cannot fit data	Wood-2	7.7	1	0.0349	2025-11-07
B17	0	0.0126193038629973	0	2.26843617364082	7.58857438874581	1.11399316082074	1.1118375	0.00220982075681699		Wood-2	8	1	0.0318	2025-11-07
B18	0	0.00481648452083468	0	1.55523763946722	0.637843172076107	1.43750053541216	1.437125	0.00407612571679021		Wood-2	8.3	1	0.0411	2025-11-07
B19	0	0.00979931139764622	0	10.0702376834076	8.21858372153697	1.12439208617539	1.121425	0.00346594557971927		Wood-2	8.6	1	0.0479	2025-11-07
B2	0	0.0071604310274809	0	0.017531691766973	0.798517064760049	0.68390392269975	0.682525	0.00145161504545951		Wood-2	3.5	1	0.017	2025-11-07
B20	0	0.00242580598739906	0	1.65392561016984	0.526037731097582	1.10915432940544	1.10925	0.00262788700320496		Wood-2	8.9	1	0.0332	2025-11-07
B21	0	0.00226917662561458	0	13.1965094106602	4.01148437682589	0.842708804363764	0.85135	0.00567927196812169		Wood-2	9.2	1	0.0402	2025-11-07
B22	0	0.00305557264451519	0	1.67165971947013	0.634169888936146	1.02288510699179	1.0231	0.00267005838298954		Wood-2	9.5	1	0.0306	2025-11-07
B23	0	0.00579730640693118	0	5.73649799327742	4.19088559157161	0.840939624095739	0.8432125	0.00618631891420714		Wood-2	9.8	1	0.039	2025-11-07
B24	0	0.00238483255997273	0	2.09095928114937	0.771087165217886	0.827468611180907	0.8278125	0.00372020724228294		Wood-2	10.1	1	0.0293	2025-11-07
B3	0	0.0186827885265063	0	11.2761207894934	6.34745723779827	2.87252073856135	2.8609	0.00403319375159231		Wood-2	3.8	1	0.0897	2025-11-07
B4	0	0.00314881440701956	0	30.4676550858665	6.92678959582243	1.31011364142446	1.2815875	0.00554061819260145		Wood-2	4.1	1	0.0611	2025-11-07
B5	0	0.00000244663911503844	0	17.842690715889	1.36440445769919	0.641989457439017	0.6374	0.00258622695943323		Wood-2	4.4	1	0.0316	2025-11-07
B6	0	0.00740548590411974	0	7.05057072223531	2.39616042865926	2.62002861974858	2.62175	0.00422633481181562		Wood-2	4.7	1	0.0729	2025-11-07
B7	0	0	0	0	0	0	0	0	cannot fit data	Wood-2	5	1	0.1252	2025-11-07
B8	0	0.00435102826923139	0	8.84911231543794	2.32654328879728	2.54679929002571	2.556175	0.00880893278130124		Wood-2	5.3	1	0.0853	2025-11-07
B9	0	0.00546671504032948	0	6.60539765058679	1.91225678799797	2.70388108516689	2.70965	0.00662169183084059		Wood-2	5.6	1	0.0781	2025-11-07
C1	0	0.00295894378463784	0	-7.40468713992887	7.09276297460358	0.194206850266466	0.193674999999999	0.00119220779772739	questionable fit	Wood-11	3.2	1	0.0062	2025-11-07
C10	0	0.0126546832908146	0	16.387853443277	10.879186200563	1.41057451358136	1.4060875	0.0031495322649316		Wood-11	5.9	1	0.0429	2025-11-07
C11	0	0.0183929693354547	0	6.0493041174399	5.54266061969524	2.25240984463227	2.2470125	0.0017161533491188		Wood-11	6.2	1	0.0596	2025-11-07
C12	0	0.0111410545937601	0	2.46253322982413	2.95962122540759	1.35772664572235	1.35505	0.000968830028533592		Wood-11	6.5	1	0.0328	2025-11-07
C13	0	0.00859077651200901	0	0.772711688002802	0.90937038790572	1.12775436534339	1.126275	0.00278116315482081		Wood-11	6.8	1	0.0374	2025-11-07
C14	0	0.00791772735009238	0	0.0614498252349568	0.424106102218048	0.795987550038215	0.7947125	0.00361318165078635		Wood-11	7.1	1	0.0272	2025-11-07
C15	0	0.00638016604049666	0	0.202125430015097	0.400051371412061	0.73613837281251	0.7351375	0.00366677141977927		Wood-11	7.4	1	0.0242	2025-11-07
C16	0	0.00739220735841102	0	-0.0263417745787291	0.480755493354194	0.692540372204451	0.69125	0.00307345479150184	questionable fit	Wood-11	7.7	1	0.0221	2025-11-07
C17	0	0.00826374264841196	0	0.178028448460816	0.608969074811179	0.8731776285321	0.8719	0.00368084797202259		Wood-11	8	1	0.0269	2025-11-07
C18	0	0.00778868907871059	0	-0.0839269707237176	0.608638413622321	0.708164870185916	0.706849999999999	0.00402844189802755	questionable fit	Wood-11	8.3	1	0.0226	2025-11-07
C19	0	0.00375627494309542	0	0.457618245322529	0.438640488194182	0.546038182422342	0.5453625	0.00444221620058992		Wood-11	8.6	1	0.0248	2025-11-07
C2	0	0.00917557136757444	0	3828.71509918168	316.253431470284	0.466459420458379	0.464225	0.00180983473328022		Wood-11	3.5	1	0.0125	2025-11-07
C20	0	0	0	0	0	0	0	0	cannot fit data	Wood-11	8.9	1	0.0167	2025-11-07
C21	0	0	0	0	0	0	0	0	cannot fit data	Wood-11	9.2	1	0.0266	2025-11-07
C22	0	0.00516444104653766	0	816.705481310516	38.9435370031621	0.394089448620532	0.3947625	0.00382669148204795		Wood-11	9.5	1	0.0246	2025-11-07
C23	0	0.015685154155373	0	-20.7237250981764	10.2931252644697	0.6169310943562	0.605925	0.0039659940570676	questionable fit (k < n0)	Wood-11	9.8	1	0.0238	2025-11-07
C24	0	0.00408225038665186	0	9.64201867095675	8.09768373691926	0.465487172873591	0.4658875	0.00354469980672291		Wood-11	10.1	1	0.0193	2025-11-07
C3	0	0.0152415108414906	0	-76.1710254754239	50.9236430740725	0.79095812230675	0.78795	0.000819936369744009	questionable fit	Wood-11	3.8	1	0.0174	2025-11-07
C4	0	0	0	0	0	0	0	0	cannot fit data	Wood-11	4.1	1	0	2025-11-07
C5	0	0	0	0	0	0	0	0	cannot fit data	Wood-11	4.4	1	0	2025-11-07
C6	0	0.0125154448247346	0	3.75654572666865	6.8951497375858	1.21134590249657	1.2082625	0.00198509969548966		Wood-11	4.7	1	0.0323	2025-11-07
C7	0	0.0119852088811902	0	1.85556338703538	3.7631530760078	1.25314976487978	1.2510125	0.00181092226004652		Wood-11	5	1	0.0329	2025-11-07
C8	0	0.00891162064402629	0	8.16363535045951	5.46520603207005	1.28175262294264	1.2815	0.00202724919197282		Wood-11	5.3	1	0.0342	2025-11-07
C9	0	0.0101404698839354	0	9.37868405344397	4.72838200841604	1.8742878988476	1.8715125	0.00190207963318807		Wood-11	5.6	1	0.0515	2025-11-07
D1	0	0.00129441032876345	0	23.3975689200388	8.13631673125475	0.266009665465991	0.2681625	0.00162091430115799		Wood-31	3.2	1	0.0093	2025-11-07
D10	0	0.00400179669249328	0	7.61287072213187	2.68708430295793	1.30331031209309	1.302075	0.000786699995308064		Wood-31	5.9	1	0.0342	2025-11-07
D11	0	0.0138685829035524	0	4.44028996770157	3.80168355774254	1.87968620777022	1.876225	0.00140606265406442		Wood-31	6.2	1	0.0471	2025-11-07
D12	0	0.0111583296937662	0	0.991900690265544	2.06369775972553	1.21878127862265	1.2170375	0.00174212490365182		Wood-31	6.5	1	0.0295	2025-11-07
D13	0	0.00787182288124621	0	0.0875705188473573	0.566680700950706	0.791563074498727	0.79065	0.00486489103909421		Wood-31	6.8	1	0.027	2025-11-07
D14	0	0.00876227502801948	0	0.480919404822685	0.954908690263818	0.995354776402383	0.9941	0.00334850829269448		Wood-31	7.1	1	0.0267	2025-11-07
D15	0	0.00717384304394394	0	1.25783908153339	1.0770089758952	1.08006273539791	1.08005	0.00576198946218328		Wood-31	7.4	1	0.0341	2025-11-07
D16	0	0.00196412481069697	0	0.136373403592353	0.0497431066538256	0.72560556457668	0.7015875	0.00472772626018871		Wood-31	7.7	1	0.0229	2025-11-07
D17	0	0.00729922928495272	0	1.5721698740104	1.24951717137097	1.13886383415199	1.1382375	0.00332738262859121		Wood-31	8	1	0.0337	2025-11-07
D18	0	0.00678391777740855	0	0.190997657267479	0.631384892529682	0.719157732199536	0.718475	0.00616069349252052		Wood-31	8.3	1	0.0314	2025-11-07
D19	0	0.00566535388888373	0	0.365835274282004	0.501612840256676	0.715124591319216	0.7146	0.00434949710164144		Wood-31	8.6	1	0.0245	2025-11-07
D2	0	0.00825910811805679	0	-16.4285074859222	15.1264101412584	0.496642381453109	0.4946625	0.00212677099298115	questionable fit	Wood-31	3.5	1	0.0125	2025-11-07
D20	0	0.0087734568857266	0	19.184439285899	20.4608027444565	0.664976872235331	0.664025	0.00188409309133868		Wood-31	8.9	1	0.022	2025-11-07
D21	0	0	0	0	0	0	0	0	cannot fit data	Wood-31	9.2	1	0.0246	2025-11-07
D22	0	0	0	0	0	0	0	0	cannot fit data	Wood-31	9.5	1	0.0159	2025-11-07
D23	0	0.0125338045016164	0	-5.44065230414342	8.02409503336151	0.27937498969579	0.26865	0.00250516163010153	questionable fit (k < n0)	Wood-31	9.8	1	0.0144	2025-11-07
D24	0	0	0	0	0	0	0	0	cannot fit data	Wood-31	10.1	1	0.0083	2025-11-07
D3	0	0.11729941003454	0	-5.63544353600244	109.789955425016	1.5675265120924	1.104475	0.0313910170565435	questionable fit (k < n0)	Wood-31	3.8	1	0.1288	2025-11-07
D4	0	0	0	0	0	0	0	0	cannot fit data	Wood-31	4.1	1	0	2025-11-07
D5	0	0	0	0	0	0	0	0	cannot fit data	Wood-31	4.4	1	0	2025-11-07
D6	0	0.0141053035467357	0	-10.4154231270085	6.86225275189928	0.86136814676323	0.8586125	0.00178601232435174	questionable fit	Wood-31	4.7	1	0.0235	2025-11-07
D7	0	0.0172133463061764	0	50.8116510124483	32.2094086705557	1.19987204523565	1.196825	0.00116890112253652		Wood-31	5	1	0.0331	2025-11-07
D8	0	0.0092344260069261	0	18.5020477530376	12.531586147573	0.955145096405854	0.954775	0.00256614191230079		Wood-31	5.3	1	0.0272	2025-11-07
D9	0	0.0118744940931694	0	9.48650308265212	5.83917182227889	1.76661238596696	1.762875	0.00182340578925891		Wood-31	5.6	1	0.0497	2025-11-07
E1	0	0.00361796410374587	0	11.9204504449389	9.25343715083271	0.405392265933807	0.40605	0.00248652753142136		Wood-46	3.2	1	0.0115	2025-11-07
E10	0.119291241440646	0.00360163396483294	0.513799622286559	6.75267757124435	1.34906128866977	4.93715160878976	4.9520125	0.00475854514974867		Wood-46	5.9	1	0.1246	2025-11-07
E11	0.133020632440109	0.00870275205355462	0.453145111909765	5.86832443579717	1.52963622985736	5.61108702361174	5.62275	0.00676813122617897		Wood-46	6.2	1	0.144	2025-11-07
E12	0.115383641408477	0.0055247269629265	0.494548740687814	6.04584113336624	1.40157505930745	4.85242074779385	4.864075	0.00504943541914625		Wood-46	6.5	1	0.1229	2025-11-07
E13	0.118629609985547	0.00717486264846534	0.467856097450252	5.86298875145155	1.48153926888523	5.00657121288011	5.0089125	0.00324720724893473		Wood-46	6.8	1	0.1268	2025-11-07
E14	0.135454846991858	0.0205130395443567	0.210204439485957	8.19851960805822	3.29749068219014	5.31268269499955	5.295275	0.00620551468660664		Wood-46	7.1	1	0.1414	2025-11-07
E15	0.0951641482855376	0.00514641837734828	0.606058653015887	4.72182951872117	1.14369653351319	4.12880677086432	4.1364875	0.00505278798906761		Wood-46	7.4	1	0.1049	2025-11-07
E16	0.103367225904551	0.00608667411658717	0.44574822371133	6.21762944295503	1.55501950134261	4.32549896729266	4.33415	0.00598783599370777		Wood-46	7.7	1	0.1131	2025-11-07
E17	0	0.00562485130029336	0	4.77180022956988	1.26260920831248	3.58770203254744	3.5913375	0.0030899396726928		Wood-46	8	1	0.1002	2025-11-07
E18	0	0.00571172859981241	0	5.7398619847146	1.53184546310528	3.48565046496762	3.4901625	0.0027333557154605		Wood-46	8.3	1	0.0862	2025-11-07
E19	0.0950131758231984	0.00639631557891476	0.436246762858997	6.0254888418966	1.58888784874258	3.99192884128263	3.9992375	0.0101305982748042		Wood-46	8.6	1	0.1252	2025-11-07
E2	0	0.00931888954957798	0	-6.42464741439665	11.9207465394451	0.627682578504562	0.625637500000001	0.00254867545528933	questionable fit	Wood-46	3.5	1	0.0152	2025-11-07
E20	0	0.0144858825456293	0	12.0720167272022	5.56381574607588	2.75679644418469	2.7486	0.00340733940789258		Wood-46	8.9	1	0.0791	2025-11-07
E21	0	0.00898779202303842	0	4.89927595072173	2.76610372309861	1.67689339421249	1.67735	0.003435398811681		Wood-46	9.2	1	0.0568	2025-11-07
E22	0	0.00780923166427187	0	9.93798681035776	5.96345885017817	1.17374647903213	1.1774125	0.005758489521967		Wood-46	9.5	1	0.0638	2025-11-07
E23	0	0.0138983998074882	0	-5.7087008764417	12.5904681133285	0.941524178517699	0.939425	0.00310077641967787	questionable fit	Wood-46	9.8	1	0.0329	2025-11-07
E24	0	0.00585199921796105	0	1639.21524653112	85.7031630118275	0.344941265804377	0.3439375	0.00280819524716162		Wood-46	10.1	1	0.0159	2025-11-07
E3	0	0.0189047580187285	0	5.38999234711438	8.79341996922206	1.7622778217564	1.75985	0.0028679672572558		Wood-46	3.8	1	0.0452	2025-11-07
E4	0	0.00000135767991790452	0	17.6314545036864	1.22128211762946	0.920467699583783	0.912925	0.00236572800592297		Wood-46	4.1	1	0.0332	2025-11-07
E5	0	0.000359272177159046	0	18.8629635544082	2.70480216055484	1.33412713150473	1.3157875	0.00279553201068683		Wood-46	4.4	1	0.0519	2025-11-07
E6	0.106574407542028	0.0243976701683202	0.114924993962257	10.5667581697127	6.03130056102145	3.78182139629287	3.7705125	0.00375794662226503		Wood-46	4.7	1	0.1125	2025-11-07
E7	0.137444998989618	0.0373583315668242	0.0858140338981914	11.4839087036986	8.07731729966553	4.60553488130741	4.5885375	0.00748885357317405		Wood-46	5	1	0.1455	2025-11-07
E8	0.182369616064696	0.0322568668291554	0.060198797523363	25.5429641630659	11.5143027614619	4.23191255077426	4.2179875	0.00754879727003301		Wood-46	5.3	1	0.1449	2025-11-07
E9	0.118936732728608	0.00782535058399897	0.395967677310583	6.7004575233898	1.75051455024766	4.91534424176803	4.922425	0.00419096522260246		Wood-46	5.6	1	0.1242	2025-11-07
F1	0	0.000484388240875609	0	11.3386591067408	26.1905756583689	0.0318762306505695	0.0318625	0.000598525616558069		Wood-47	3.2	1	0.0029	2025-11-07
F10	0	0.00666533746069883	0	5.88366253971001	2.70370940066698	1.52808188330529	1.5274375	0.000905354990427188		Wood-47	5.9	1	0.0377	2025-11-07
F11	0	0.00992420051083959	0	4.3868112380375	2.28453134081143	2.04378470150391	2.0443	0.00315580596782981		Wood-47	6.2	1	0.0523	2025-11-07
F12	0	0.0109737359609007	0	3.13346199856526	2.50129493557417	1.62606950951706	1.6252625	0.00329717048381805		Wood-47	6.5	1	0.0428	2025-11-07
F13	0	0.00745880202875995	0	2.906751987214	1.57909366490551	1.52877901777719	1.528275	0.00324848715245706		Wood-47	6.8	1	0.0382	2025-11-07
F14	0	0.0120787122843401	0	0.679460409860605	2.06868434975326	1.24708216317954	1.244275	0.00119975011645334		Wood-47	7.1	1	0.0317	2025-11-07
F15	0	0.000390371197203805	0	1.10044710512846	0.184256714960256	1.17266735746185	1.1559625	0.00353627555819024		Wood-47	7.4	1	0.0306	2025-11-07
F16	0	0.00687000560619721	0	0.981416411966083	0.874417149314242	1.02019184108254	1.0192375	0.00255613712971248		Wood-47	7.7	1	0.0316	2025-11-07
F17	0	0.00665065070308988	0	2.15302966478041	1.23124163073269	1.32193504991833	1.318525	0.00122989175291822		Wood-47	8	1	0.0318	2025-11-07
F18	0	0.00785297201126956	0	1.16522121513338	1.17763043843517	1.08645839524667	1.0848125	0.00274316092726975		Wood-47	8.3	1	0.0329	2025-11-07
F19	0	0.00451038766427965	0	2.15176288726368	1.23333330035273	0.894597448687355	0.8941875	0.00228970605258453		Wood-47	8.6	1	0.0301	2025-11-07
F2	0	0.00666574164538037	0	1678.45558265581	96.436514736622	0.383964212019647	0.3824375	0.00273851176703187		Wood-47	3.5	1	0.0135	2025-11-07
F20	0	0.00342760377265396	0	1.17616989994177	0.706239661493372	0.668444117145435	0.664525	0.00124240042053836		Wood-47	8.9	1	0.019	2025-11-07
F21	0	0.00485748434847055	0	0.317541919169987	0.391346779226025	0.637351983861006	0.636175	0.00107767921414684		Wood-47	9.2	1	0.0182	2025-11-07
F22	0	0	0	0	0	0	0	0	cannot fit data	Wood-47	9.5	1	0.0151	2025-11-07
F23	0	0	0	0	0	0	0	0	cannot fit data	Wood-47	9.8	1	0.000600000000000003	2025-11-07
F24	0	0	0	0	0	0	0	0	cannot fit data	Wood-47	10.1	1	0	2025-11-07
F3	0	0.0099250634495821	0	17.8018313751006	11.4095639380963	1.09755826091147	1.098025	0.00301827256923041		Wood-47	3.8	1	0.0324	2025-11-07
F4	0	0.000101148314317315	0	42.8823843345884	6.66867213449372	0.0845366169943866	0.081425	0.0012012622001104		Wood-47	4.1	1	0.00609999999999999	2025-11-07
F5	0	0	0	0	0	0	0	0	cannot fit data	Wood-47	4.4	1	0	2025-11-07
F6	0	0.0190561088748631	0	11.4552582600525	13.2755272035493	1.66383504897187	1.6605875	0.0025159126046455		Wood-47	4.7	1	0.0457	2025-11-07
F7	0	0.0189282107377768	0	19.9586598855107	12.5500266100759	2.01224270968589	2.010325	0.0033779786125674		Wood-47	5	1	0.0597	2025-11-07
F8	0	0.0144592650171769	0	17.8008897945315	8.95950174171273	2.0573817120097	2.0565	0.00280515118070073		Wood-47	5.3	1	0.0634	2025-11-07
F9	0	0.00949765992452	0	6.32659838215553	3.15413651922964	1.94672335527883	1.9452	0.00102149938779447		Wood-47	5.6	1	0.05	2025-11-07
G1	0	0.000000000000000841902671426569	0	23.4751702625934	0.548350296733977	0.160563143894687	0.1823625	0.0019404906537231		Wood-52	3.2	1	0.0082	2025-11-07
G10	0	0.00510887418367363	0	4.8805521652342	2.08723561152293	1.32367690462721	1.3251875	0.00255486980923029		Wood-52	5.9	1	0.0333	2025-11-07
G11	0	0.0158280947879345	0	6.9473630812183	5.0316357403447	2.22005563018682	2.216025	0.00159590575387262		Wood-52	6.2	1	0.0572	2025-11-07
G12	0	0.0192175836681551	0	5.82051443120688	6.81258914086619	2.06045498020618	2.056975	0.00126101076576609		Wood-52	6.5	1	0.0532	2025-11-07
G13	0	0.00261098438912701	0	1.81184162944242	0.502968076342813	1.59013503033854	1.5916625	0.00436315011131283		Wood-52	6.8	1	0.0512	2025-11-07
G14	0	0.0155944265289521	0	1.67555426745372	4.52968859143837	1.52938213712788	1.526075	0.00242187495576425		Wood-52	7.1	1	0.0374	2025-11-07
G15	0	0.00590773814317384	0	2.09167919119403	1.14152423533325	1.23145701118317	1.23085	0.00164190696164996		Wood-52	7.4	1	0.0351	2025-11-07
G16	0	0.00918563712868558	0	1.70534281492669	1.67518415848348	1.26501579418583	1.2627125	0.00287259987250667		Wood-52	7.7	1	0.0335	2025-11-07
G17	0	0.00680648610665564	0	1.85903120038831	1.18069158338922	1.24149636415089	1.240575	0.00157419627128987		Wood-52	8	1	0.0344	2025-11-07
G18	0	0.00752989376900127	0	2.26654920091538	1.62774893587718	1.23317575679161	1.231375	0.00300188245550261		Wood-52	8.3	1	0.037	2025-11-07
G19	0	0.00411230382560802	0	2.07844194948807	1.13640318061392	0.85589702582375	0.8554	0.00196061446085778		Wood-52	8.6	1	0.0291	2025-11-07
G2	0	0.00000000000000101340072162885	0	22.0921692429734	0.514636100263461	0.221354021572493	0.2615	0.00259687708334328		Wood-52	3.5	1	0.0088	2025-11-07
G20	0	0.00486049061639642	0	1.16478882323964	1.10648739811245	0.693461106632061	0.6926625	0.00240748374129484		Wood-52	8.9	1	0.0256	2025-11-07
G21	0	0.00546809346860023	0	0.00599058938597516	0.285250494964016	0.527810314059527	0.52665	0.00251254764421532		Wood-52	9.2	1	0.0219	2025-11-07
G22	0	0	0	0	0	0	0	0	cannot fit data	Wood-52	9.5	1	0.0134	2025-11-07
G23	0	0.0112080596942971	0	-7.19295712650995	12.8690157335823	0.245955197982233	0.201175	0.00288436038798035	questionable fit (k < n0)	Wood-52	9.8	1	0.0139	2025-11-07
G24	0	0	0	0	0	0	0	0	cannot fit data	Wood-52	10.1	1	0.0112	2025-11-07
G3	0	0	0	0	0	0	0	0	cannot fit data	Wood-52	3.8	1	0.0231	2025-11-07
G4	0	0	0	0	0	0	0	0	cannot fit data	Wood-52	4.1	1	0	2025-11-07
G5	0	0	0	0	0	0	0	0	cannot fit data	Wood-52	4.4	1	0	2025-11-07
G6	0	0.0176103445507469	0	1062.2592893806	45.2935891219263	1.25541123536463	1.2526875	0.00271933963621057		Wood-52	4.7	1	0.0356	2025-11-07
G7	0	0.0200477541993879	0	72.6598684349071	53.0035500679997	1.20425020146549	1.20085	0.00239977000062812		Wood-52	5	1	0.0303	2025-11-07
G8	0	0.0147919849271224	0	-0.433461014846067	6.33633808645992	1.21728585536464	1.2143	0.00179928181837147	questionable fit	Wood-52	5.3	1	0.0323	2025-11-07
G9	0	0.0161187658605215	0	619.488417200137	24.9546583251979	1.63327146299904	1.6317875	0.00317911387764198		Wood-52	5.6	1	0.0616	2025-11-07
H1	0	0.00327220627762364	0	591.11838733182	28.478292698893	0.300094513018002	0.3017875	0.00406877503182856		Pine-20	3.2	1	0.019	2025-11-07
H10	0.23418773428444	0.0117760841248845	0.328765214231797	8.93786541852768	2.10833491669602	9.15789597272035	9.1391875	0.00598786769291187		Pine-20	5.9	1	0.2414	2025-11-07
H11	0.237671611323163	0.0114667518246217	0.345242953941158	8.63736481904928	2.00770840547866	9.36880851010898	9.36035	0.00613947685549007		Pine-20	6.2	1	0.2423	2025-11-07
H12	0.239319694941068	0.01744785624931	0.308597995304464	8.24011549203457	2.24611692592521	9.50441818886212	9.5052125	0.00534769659633379		Pine-20	6.5	1	0.2436	2025-11-07
H13	0.203155388974477	0.00897865303840521	0.343846106570884	8.93981004944514	2.01586456066808	7.94915650378991	7.9492875	0.00617769297961881		Pine-20	6.8	1	0.2094	2025-11-07
H14	0.191453842145075	0.010583971800247	0.32936759826925	8.61783938920942	2.104478959686	7.54504821182518	7.5396375	0.00833526175847787		Pine-20	7.1	1	0.2017	2025-11-07
H15	0.170244118646296	0.0108720173647188	0.286430195861499	9.37418432993891	2.41995149455231	6.57060512879876	6.5745625	0.00423223289035994		Pine-20	7.4	1	0.1744	2025-11-07
H16	0.160177403507285	0.0139166254422984	0.242053444651317	9.71813056641942	2.86361213143832	6.10379462093277	6.0937125	0.00639696454235892		Pine-20	7.7	1	0.1697	2025-11-07
H17	0.13897075444848	0.0121709239594282	0.22775197692547	10.2899650383448	3.04342991844489	5.2125303847173	5.207025	0.00526167174479132		Pine-20	8	1	0.1515	2025-11-07
H18	0.123515127210389	0.0130172823239552	0.197393452907523	10.8347977192806	3.51150035804217	4.54583908191382	4.540225	0.00400487809949683		Pine-20	8.3	1	0.1325	2025-11-07
H19	0.0983097916802701	0.0100870616315614	0.210378208074496	10.3081544610023	3.29476701462585	3.6746839338813	3.679525	0.00748534278779708		Pine-20	8.6	1	0.1143	2025-11-07
H2	0	0.0105227326665278	0	-1.77610399914777	14.4414773537682	0.735540042102537	0.73355	0.0027957935775313	questionable fit	Pine-20	3.5	1	0.0216	2025-11-07
H20	0	0.00849522620335934	0	11.6106286622802	3.92058431715298	2.68157738431187	2.6982125	0.0111812604464739		Pine-20	8.9	1	0.0963	2025-11-07
H21	0	0.0131008723053119	0	5.14015096234971	5.64983836342849	1.49433628877941	1.494675	0.00397913730085869		Pine-20	9.2	1	0.0444	2025-11-07
H22	0	0.0135690736675788	0	35.2519762514561	36.1504850778471	0.868347202955905	0.866375	0.00268966063014488		Pine-20	9.5	1	0.0237	2025-11-07
H23	0	0	0	0	0	0	0	0	cannot fit data	Pine-20	9.8	1	0.0216	2025-11-07
H24	0	0.00475425799154193	0	-9270.49333417164	5424.71345786455	0.228844141270176	0.2229125	0.00427613686239824	questionable fit (k < n0)	Pine-20	10.1	1	0.0183	2025-11-07
H3	0.0920086121113534	0.0204780082422181	0.119830084621538	10.4378950125179	5.78441701638724	3.28938238842202	3.2866625	0.00191273822897167		Pine-20	3.8	1	0.0898	2025-11-07
H4	0.0956991306622844	0.00152973599743651	0.227545185463089	18.1062941550948	3.04619576612568	2.87358421932285	2.8518875	0.00340636105668061		Pine-20	4.1	1	0.0977	2025-11-07
H5	0.125814432867593	0.00195040771812184	0.230781906624292	17.9873111213046	3.00347280555392	3.79315063322664	3.751075	0.00536052006505308		Pine-20	4.4	1	0.1308	2025-11-07
H6	0.169878663759626	0.0210193846215177	0.156901526849512	12.4763370663912	4.41772106669656	5.92960970933653	5.921525	0.00316865736003012		Pine-20	4.7	1	0.1723	2025-11-07
H7	0.183640878017382	0.0169933322284779	0.179894785030485	12.6910851376615	3.85306989550857	6.42342975930937	6.4198	0.00541756826832481		Pine-20	5	1	0.1866	2025-11-07
H8	0.167005341242838	0.0159768403791468	0.214000646342185	10.4968298344462	3.23899573392694	6.21835434316272	6.2079875	0.00271320128853073		Pine-20	5.3	1	0.1707	2025-11-07
H9	0.249967175063491	0.0123259708451118	0.311610030912789	9.496014922857	2.22440586565693	9.6340967112632	9.62215	0.00677514271941393		Pine-20	5.6	1	0.2559	2025-11-07
I1	0	0.00178559907055563	0	28.7827392879079	8.68100537382411	0.40355589911265	0.4109125	0.00263368656444712		Desert-30	3.2	1	0.0155	2025-11-07
I10	0	0.00876227649437484	0	3.16643814456334	1.90965785217026	1.61233599027457	1.6115375	0.00130660603156127		Desert-30	5.9	1	0.0386	2025-11-07
I11	0	0.0178373497540792	0	2.3001862793669	2.28010275519432	2.39490075224517	2.3925375	0.00224977299529012		Desert-30	6.2	1	0.0574	2025-11-07
I12	0	0.0152684189475119	0	2.39182530219759	2.5826508382208	1.95864380849469	1.9549375	0.00133285700502301		Desert-30	6.5	1	0.0461	2025-11-07
I13	0	0.00707131399235964	0	2.63553571554812	1.29174378144128	1.63283145632422	1.633775	0.00590315082525565		Desert-30	6.8	1	0.0439	2025-11-07
I14	0	0.00899194779656949	0	2.55990126840788	1.62557370122586	1.60860729752244	1.608275	0.00540258750759237		Desert-30	7.1	1	0.0459	2025-11-07
I15	0	0.0048985422998881	0	1.56463278700063	0.794849007963904	1.11618247881336	1.1170125	0.00567247482385615		Desert-30	7.4	1	0.0391	2025-11-07
I16	0	0	0	0	0	0	0	0	cannot fit data	Desert-30	7.7	1	0.0405	2025-11-07
I17	0	0.00560003005518974	0	1.77119417232948	0.931640419229517	1.22268299196494	1.2233125	0.00571766790208369		Desert-30	8	1	0.0397	2025-11-07
I18	0	0.0320942342083074	0	-52.1487998810705	28.1676532107202	1.34081411288571	1.1969875	0.00744465578811662	questionable fit (k < n0)	Desert-30	8.3	1	0.0398	2025-11-07
I19	0	0.0324562997900094	0	-12.8599571676081	21.2970732906664	0.850668850429102	0.782825	0.00790116579135757	questionable fit (k < n0)	Desert-30	8.6	1	0.0372	2025-11-07
I2	0	0.00528002958545129	0	804.427177729162	37.1977552667773	0.412300825119881	0.413	0.0037630931139935		Desert-30	3.5	1	0.0147	2025-11-07
I20	0	0.0259524247308199	0	-13.5232790179358	15.2796737189768	0.76165912617975	0.6843875	0.00654664071801195	questionable fit (k < n0)	Desert-30	8.9	1	0.0338	2025-11-07
I21	0	0.00503301472796342	0	0.286552713557375	0.22335234307414	0.826035130309806	0.825875	0.00915568297525416		Desert-30	9.2	1	0.0364	2025-11-07
I22	0	0	0	0	0	0	0	0	cannot fit data	Desert-30	9.5	1	0.0166	2025-11-07
I23	0	0.00980859770270423	0	-0.216598720571332	0.141367754579049	0.635436879950944	0.631775	0.00580876457662636	questionable fit	Desert-30	9.8	1	0.0259	2025-11-07
I24	0	0.0153087963676587	0	-8.10995263044162	8.67649742007319	0.418505897179747	0.3316	0.00389910384959381	questionable fit (k < n0)	Desert-30	10.1	1	0.0177	2025-11-07
I3	0	0.0152740740605254	0	1763.92742208717	88.7922664864808	0.893847258064273	0.8911	0.00432267644001953		Desert-30	3.8	1	0.0252	2025-11-07
I4	0	0	0	0	0	0	0	0	cannot fit data	Desert-30	4.1	1	0	2025-11-07
I5	0	0	0	0	0	0	0	0	cannot fit data	Desert-30	4.4	1	0	2025-11-07
I6	0	0	0	0	0	0	0	0	cannot fit data	Desert-30	4.7	1	0.0231	2025-11-07
I7	0	0.0181989832549591	0	3443.32589988034	196.362695659464	0.956226950091962	0.952175	0.00458074791173845		Desert-30	5	1	0.027	2025-11-07
I8	0	0	0	0	0	0	0	0	cannot fit data	Desert-30	5.3	1	0.0211	2025-11-07
I9	0	0.008528787356384	0	6.19454803371214	2.56285657961165	2.23728610543604	2.2383875	0.00166576210972261		Desert-30	5.6	1	0.0559	2025-11-07
J1	0	0.028	0	-1.92527799127777	3.53702999224476	0.47613068936463	0.4564625	0.00227714960786895	questionable fit (k < n0)	Mmlr14-006	3.2	1	0.028	2025-11-07
J10	0.218793454735359	0.0150820966889147	0.384928759220816	6.76279864098153	1.80071549333709	9.02553029638744	9.02565	0.00229145876327275		Mmlr14-006	5.9	1	0.2207	2025-11-07
J11	0.222281485475317	0.018981644581204	0.410914446134696	5.77056738399114	1.68684062358989	9.38292956265645	9.3905	0.00387222483520903		Mmlr14-006	6.2	1	0.2245	2025-11-07
J12	0.239735441951726	0.0159627163328604	0.456558926577736	5.7832077996291	1.51819872574965	10.1325603313433	10.150675	0.00831438794624035		Mmlr14-006	6.5	1	0.2591	2025-11-07
J13	0.214972755174277	0.00825595825413017	0.573300833502077	5.61732058495132	1.20904617620346	9.13937164011087	9.1635	0.0112625703421059		Mmlr14-006	6.8	1	0.236	2025-11-07
J14	0.205473673001252	0.00772061219828941	0.560620844485256	5.78488198465133	1.23639209526069	8.70109607350192	8.7254	0.0125044196576387		Mmlr14-006	7.1	1	0.2559	2025-11-07
J15	0.194264464829646	0.0098424541579942	0.476848855811904	6.14559843384944	1.45359933679565	8.14843999474868	8.15608749999999	0.00753888632493352		Mmlr14-006	7.4	1	0.2225	2025-11-07
J16	0.188169648693468	0.00765533760459106	0.429056904822741	7.36593886332052	1.61551340339415	7.66546334352156	7.68079999999999	0.00537926928006667		Mmlr14-006	7.7	1	0.1985	2025-11-07
J17	0.164953683806613	0.0135865964604863	0.376648462037925	6.4001965206732	1.84030269713447	6.85734091644264	6.8585625	0.00379446960136046		Mmlr14-006	8	1	0.1781	2025-11-07
J18	0.171014027365467	0.00952596643951121	0.344273839934447	8.22139095721725	2.01336000635984	6.80838571292777	6.8208	0.00532171116016541		Mmlr14-006	8.3	1	0.1803	2025-11-07
J19	0.148609065158264	0.0109437802734363	0.29349135972468	8.62735443434218	2.36172942607298	5.84208456388913	5.838275	0.00327078744042517		Mmlr14-006	8.6	1	0.1569	2025-11-07
J2	0	0.0176463491173734	0	2179.80792654435	100.005819652309	1.0098588589876	1.006275	0.00301112355192394		Mmlr14-006	3.5	1	0.0259	2025-11-07
J20	0.125973029511861	0.0131356757955402	0.198811859858657	10.8173403937986	3.48644784598228	4.63977134914073	4.6363875	0.00370057980205474		Mmlr14-006	8.9	1	0.1367	2025-11-07
J21	0.0885635147549297	0.0105947408673497	0.203069282938588	9.82891478941851	3.41335316956611	3.34286635567612	3.360475	0.010139094670783		Mmlr14-006	9.2	1	0.1033	2025-11-07
J22	0	0.00992532398048788	0	11.3746331148079	4.4053124713789	2.48731120601233	2.5013625	0.00611772055717248		Mmlr14-006	9.5	1	0.0786	2025-11-07
J23	0	0.0208660616412847	0	6.04842110532622	18.0031138920992	1.49514116191479	1.4921125	0.00305182552098619		Mmlr14-006	9.8	1	0.044	2025-11-07
J24	0	0.0152975096778203	0	-8.44780421844631	8.5891132586985	0.996349699732407	0.9938875	0.00254373656534152	questionable fit	Mmlr14-006	10.1	1	0.028	2025-11-07
J3	0	0.0367818299170966	0	-1.18818465046069	8.55044768805169	2.83917757729627	2.8328	0.00304149236534492	questionable fit	Mmlr14-006	3.8	1	0.069	2025-11-07
J4	0	0.00539626241550069	0	7.82490331884888	3.0193797347102	1.50576242889326	1.4989375	0.00361319283493953		Mmlr14-006	4.1	1	0.0425	2025-11-07
J5	0	0.00482445098079022	0	14.7795287874855	4.80507199688951	1.48788504850783	1.4747375	0.00358589329173706		Mmlr14-006	4.4	1	0.0505	2025-11-07
J6	0.122259759076487	0.0377645773308534	0.132663055053871	6.07043879723977	5.22486972939435	4.81367389798404	4.7997125	0.00680025984797817		Mmlr14-006	4.7	1	0.1362	2025-11-07
J7	0.128127305294411	0.0351184870913962	0.172399063795954	5.64948902287761	4.02059712679376	5.21426117641564	5.203275	0.00422475268545248		Mmlr14-006	5	1	0.1377	2025-11-07
J8	0.157605690564056	0.027732759034598	0.203928130380297	7.57101126131961	3.39897776372158	6.25393387790466	6.2428625	0.00365249998857289		Mmlr14-006	5.3	1	0.1635	2025-11-07
J9	0.202591008254529	0.0121495923248682	0.449990030946533	6.11579993858623	1.54036119222896	8.49798105973313	8.5091	0.00686061744520537		Mmlr14-006	5.6	1	0.225	2025-11-07
K1	0	0.0161288626528182	0	2470.75874268434	132.230797766582	0.88443765831623	0.881675	0.00450203499936388		Mcba15-009	3.2	1	0.0295	2025-11-07
K10	0.234275804921922	0.0234027461922605	0.27748499685357	7.92260117067	2.4979627310291	9.3471121440521	9.3305875	0.00496701159598065		Mcba15-009	5.9	1	0.2379	2025-11-07
K11	0.268542834949823	0.0213131632937174	0.307887003088568	7.96068962937461	2.25130380174103	10.7337819408568	10.7163625	0.00658874579939872		Mcba15-009	6.2	1	0.2741	2025-11-07
K12	0.247569429525139	0.0218991866214568	0.304431444390789	7.66223522231062	2.27685803595956	9.96052880425066	9.948325	0.00653736195838264		Mcba15-009	6.5	1	0.252	2025-11-07
K13	0.255323460645376	0.0171581695748767	0.352187228411895	7.46901165194405	1.96812128504923	10.3490732758594	10.3405125	0.0048250489933054		Mcba15-009	6.8	1	0.2625	2025-11-07
K14	0.227022411798753	0.0216630222493477	0.311675094270148	7.21634433458438	2.22394151250068	9.2310987310929	9.228975	0.00432160986023816		Mcba15-009	7.1	1	0.2344	2025-11-07
K15	0.21265386276701	0.0215371418154681	0.299818096453698	7.28143297786774	2.3118924066246	8.62569805643754	8.61515	0.00659732978493507		Mcba15-009	7.4	1	0.2248	2025-11-07
K16	0.177237565818976	0.014892400508465	0.356950234942083	6.69245579630339	1.94185943223265	7.31306818784317	7.3243125	0.00956962724188117		Mcba15-009	7.7	1	0.1902	2025-11-07
K17	0.148563902289609	0.0142481127192276	0.376492348661278	5.95913626613697	1.84106578267691	6.23564215159621	6.2498875	0.0180812238594348		Mcba15-009	8	1	0.1746	2025-11-07
K18	0.147113745721175	0.0167409571813315	0.317411457461315	6.46649533250486	2.18374971749224	6.08354004569253	6.0967375	0.0149136618053055		Mcba15-009	8.3	1	0.17	2025-11-07
K19	0.135196413127162	0.01562047717881	0.315718680652216	6.44678015079052	2.19545824506815	5.59227348734772	5.604	0.0154543080744282		Mcba15-009	8.6	1	0.1576	2025-11-07
K2	0	0.0196333408485221	0	3589.39459268131	199.944602703736	1.02997731442347	1.0259875	0.00335615273421476		Mcba15-009	3.5	1	0.0278	2025-11-07
K20	0.124130603398447	0.0171707864508845	0.252122412918577	7.25537933167957	2.74924855960266	5.009161691961	5.0220875	0.018060585435563		Mcba15-009	8.9	1	0.1546	2025-11-07
K21	0.0954089040801586	0.0186587336657472	0.242323801272153	5.83616330661354	2.86041724717529	3.9561934859057	3.961875	0.0152604528683832		Mcba15-009	9.2	1	0.1287	2025-11-07
K22	0	0.0211772300359161	0	2.77334731699673	3.16034288054948	2.61040865868562	2.609	0.00854040621628716		Mcba15-009	9.5	1	0.078	2025-11-07
K23	0	0.0157413096856333	0	1.30884292910071	1.39210078275832	2.11571697353381	2.113025	0.00632314629605072		Mcba15-009	9.8	1	0.0601	2025-11-07
K24	0	0.0186938654444696	0	0.752360292041249	2.45227954461032	1.89647614174545	1.8937625	0.00619084981083061		Mcba15-009	10.1	1	0.0522	2025-11-07
K3	0.113929761896638	0.013645121772145	0.153680000469574	12.9791154306574	4.5103278139121	3.92140110797709	3.9452875	0.00724215138364463		Mcba15-009	3.8	1	0.1104	2025-11-07
K4	0.117236874620414	0.00000766206633126224	0.723344111990468	13.3209139547866	0.958253712265069	4.0890718788539	4.09095	0.00352982336693908		Mcba15-009	4.1	1	0.1252	2025-11-07
K5	0.115266696274208	0.000011967810707653	0.755882335909525	12.1350624926241	0.917004072764721	4.15703834556077	4.14535	0.00221462123195628		Mcba15-009	4.4	1	0.1177	2025-11-07
K6	0.189326013548747	0.0128181362674005	0.298697072052842	8.77981301884433	2.32056904942584	7.41878384537498	7.434625	0.00534286602349564		Mcba15-009	4.7	1	0.1959	2025-11-07
K7	0.21505793864654	0.0170226307561596	0.291442563930714	8.41984652022635	2.37833201578864	8.49413536732043	8.4977875	0.00348753664347732		Mcba15-009	5	1	0.2211	2025-11-07
K8	0.226259276994874	0.0186524810468094	0.291624328669891	8.26291389434074	2.37684963981371	8.96932862149998	8.9565	0.00374810299906983		Mcba15-009	5.3	1	0.234	2025-11-07
K9	0.268611553555542	0.0114840726304483	0.370657475446341	8.38674818622245	1.87004775696286	10.662560292542	10.6595125	0.00466344348189056		Mcba15-009	5.6	1	0.2712	2025-11-07
L1	0	0.0118768464363558	0	1374.79935861492	71.6450083480571	0.729345701506163	0.7279	0.00374191666592699		Mcba15-003	3.2	1	0.0264	2025-11-07
L10	0.207598911768173	0.0209655612721175	0.381042269713624	5.73759139415579	1.81908212199367	8.7570897750674	8.7475	0.00319600740449831		Mcba15-003	5.9	1	0.2102	2025-11-07
L11	0.220889452256006	0.0223957683225096	0.39901879367529	5.46812653536553	1.73712915668831	9.37977810469795	9.372525	0.00504751748830264		Mcba15-003	6.2	1	0.2379	2025-11-07
L12	0.214572275027673	0.0180569824150622	0.406069621367991	5.8788140759295	1.70696635277673	9.03444273063635	9.04075	0.00644900309942446		Mcba15-003	6.5	1	0.2275	2025-11-07
L13	0.200869312703414	0.0100806695424881	0.543285545196003	5.412524919398	1.2758432222044	8.57559812147378	8.5913625	0.0128194347530492		Mcba15-003	6.8	1	0.2224	2025-11-07
L14	0.176860877643227	0.0158815961476371	0.461359117549487	5.02019927296477	1.5024026928125	7.60070001897926	7.603825	0.0051994834133998		Mcba15-003	7.1	1	0.2025	2025-11-07
L15	0.314977635469595	0.0217714886489717	0.250620728269532	10.3753376613578	2.76572167572067	11.823912751909	11.838525	0.0324883781316582		Mcba15-003	7.4	1	0.3826	2025-11-07
L16	0.25953986058501	0.0274069676619522	0.186552603958039	11.4526021152529	3.71555886036227	9.38354485399331	9.4051	0.0227145626650025		Mcba15-003	7.7	1	0.2743	2025-11-07
L17	0.160257107172525	0.0183992287712495	0.370982811921161	5.50569159895378	1.86840780296649	6.78934033521302	6.7890375	0.0107215900293906		Mcba15-003	8	1	0.2582	2025-11-07
L18	0.162078229306128	0.0320047149071864	0.188073977275867	7.45566491183053	3.68550285690634	6.41455596022985	6.4004375	0.00858446766442095		Mcba15-003	8.3	1	0.1719	2025-11-07
L19	0.143288727537209	0.0149104356798465	0.331115963158097	6.5020119866779	2.09336684933245	5.92726211848839	5.92655	0.00489774516739845		Mcba15-003	8.6	1	0.1561	2025-11-07
L2	0	0.0211697293878668	0	-35.8642390105002	47.1796249284047	1.14450114332306	1.1404875	0.00300416853951967	questionable fit	Mcba15-003	3.5	1	0.0281	2025-11-07
L20	0.105238240070759	0.0149801546672575	0.332100495710627	5.40784160939845	2.08716093324929	4.45468333526058	4.45275	0.00512607850237027		Mcba15-003	8.9	1	0.1213	2025-11-07
L21	0.0874329368792286	0.0130056432770931	0.327185148357624	5.33165814923994	2.11851663817672	3.70504411071499	3.708775	0.0126780597801785		Mcba15-003	9.2	1	0.1322	2025-11-07
L22	0	0.0133756066389887	0	3.61935561870387	2.1418226058353	2.47289442328506	2.4710625	0.00408927671734631		Mcba15-003	9.5	1	0.0708	2025-11-07
L23	0	0.0171209018008665	0	3.47254290553217	3.17562617838575	2.30539165813074	2.3015125	0.00268467137719441		Mcba15-003	9.8	1	0.0582	2025-11-07
L24	0	0.0168365602999753	0	0.407114803629501	1.92103686950177	1.67397005645622	1.6713125	0.00472024742781426		Mcba15-003	10.1	1	0.0462	2025-11-07
L3	0.0902574841074762	0.039985078211828	0.091000270301315	2.51592655122711	7.61697935912536	3.55827379383825	3.5509375	0.00360325399634588		Mcba15-003	3.8	1	0.0888	2025-11-07
L4	0.0887466640808441	0.0047750467456177	0.21968041635099	13.0511182424013	3.15525248938205	3.09715740089597	3.0964625	0.00628213560260633		Mcba15-003	4.1	1	0.1039	2025-11-07
L5	0	0.00372284741710632	0	14.2473798033631	3.2369155421608	2.78026768654047	2.7627875	0.00280073987520784		Mcba15-003	4.4	1	0.0877	2025-11-07
L6	0.152120432506073	0.0323188065469177	0.155630646051093	8.4185729757586	4.4537962036885	5.82007644801389	5.81075	0.00333653246174155		Mcba15-003	4.7	1	0.1589	2025-11-07
L7	0.14619781565543	0.0327823934100637	0.176498526630625	7.03215952782624	3.92721227645463	5.80887252821957	5.7987375	0.00302700526539873		Mcba15-003	5	1	0.1542	2025-11-07
L8	0.159789424542355	0.0234954323352233	0.220829479325024	7.96093090398533	3.13883446484855	6.31475217920483	6.309775	0.00248148463138915		Mcba15-003	5.3	1	0.1709	2025-11-07
L9	0.225842138318496	0.0137321807265026	0.465653856503312	5.87853559759838	1.48854598942856	9.5274825320987	9.53285	0.00676975425100165		Mcba15-003	5.6	1	0.2367	2025-11-07
M1	0	0.0115942075480128	0	2436.92449493608	137.881985196277	0.632358119899898	0.6292375	0.00345839867766128		23G3A05	3.2	1	0.0279	2025-11-07
M10	0.19322587103585	0.0134894043972537	0.412249347889717	6.2816040808651	1.68137847666256	8.06574513158781	8.0739375	0.00336275809748657		23G3A05	5.9	1	0.1951	2025-11-07
M11	0.228322959107355	0.0102606712099063	0.519806086764936	5.88000519122126	1.33347261259254	9.64236631050874	9.66174999999999	0.00801680611030376		23G3A05	6.2	1	0.2348	2025-11-07
M12	0.228273990596205	0.0108955614888101	0.539515783198161	5.54809393423013	1.28475792951057	9.71556445600321	9.738	0.0118034193838115		23G3A05	6.5	1	0.2462	2025-11-07
M13	0.20172863106571	0.00522403850109735	0.635581421766051	5.70723894162677	1.09057180846152	8.56362287741884	8.6029375	0.017355401030295		23G3A05	6.8	1	0.2341	2025-11-07
M14	0.207652878418477	0.00653271043885306	0.586074569230058	5.8475163877755	1.18269451866944	8.7832317970248	8.8187125	0.0156258673949157		23G3A05	7.1	1	0.2387	2025-11-07
M15	0.194353939863881	0.00952952204918461	0.469343369879976	6.31736146203026	1.47684451308474	8.11918321720783	8.1331625	0.00715862645872393		23G3A05	7.4	1	0.2047	2025-11-07
M16	0.193084523750057	0.0118502849376648	0.436239288491832	6.25216135034956	1.58891507217586	8.07139082064461	8.090625	0.00955018653703571		23G3A05	7.7	1	0.2042	2025-11-07
M17	0.160997478594223	0.00944452148801325	0.453215389972187	6.124020367494	1.52939903607969	6.7526067455419	6.7696	0.00955314019193891		23G3A05	8	1	0.1724	2025-11-07
M18	0.155577139860021	0.00748089355779714	0.498672812639827	5.98691176886221	1.38998389924373	6.5519740389842	6.5774	0.0166999434574734		23G3A05	8.3	1	0.1849	2025-11-07
M19	0.129917410955958	0.00952918378514748	0.470402401237511	5.39189994213212	1.47351964772384	5.54044254907974	5.5558875	0.0151793563715774		23G3A05	8.6	1	0.1567	2025-11-07
M2	0	0.029399769762499	0	-35.7473682837956	13.5143430979225	1.2678741893136	1.23955	0.00352500891970897	questionable fit (k < n0)	23G3A05	3.5	1	0.0329	2025-11-07
M20	0.113179303861056	0.00744039478247191	0.413560581215851	6.41755801855311	1.67604750559669	4.71026657143453	4.733775	0.0154828080498673		23G3A05	8.9	1	0.1394	2025-11-07
M21	0.0916541786919224	0.010049908870462	0.312648479032203	6.6986349221309	2.21701759978353	3.7697015477316	3.783525	0.00954961117398868		23G3A05	9.2	1	0.1078	2025-11-07
M22	0	0.0153062821361022	0	7.42539065180457	3.86545454381669	2.89195257498756	2.896375	0.00518662418270776		23G3A05	9.5	1	0.0799	2025-11-07
M23	0	0.0182046875796826	0	9.73452954378421	7.20790576831847	2.28000612425502	2.2777125	0.00262104100561427		23G3A05	9.8	1	0.0665	2025-11-07
M24	0.106440081615625	0.0235490068798089	0.0190541162111824	66.0457683009327	36.3778184659729	1.60578857808891	1.60255	0.00220079556283952		23G3A05	10.1	1	0.043	2025-11-07
M3	0	0.0352874887030418	0	2.49537295581969	5.10610572811118	3.54097487205471	3.534575	0.00411446555916157		23G3A05	3.8	1	0.0845	2025-11-07
M4	0	0.00639467942703433	0	9.47286813288416	2.93761863633957	2.53419660087487	2.5259	0.00375914877458489		23G3A05	4.1	1	0.0727	2025-11-07
M5	0	0.00395828799901945	0	11.7745951334813	2.90836707147068	2.51293950832154	2.496525	0.00396879484797604		23G3A05	4.4	1	0.0761	2025-11-07
M6	0.141577284299788	0.0272807713997196	0.242268438335334	5.91333300440185	2.86107090681177	5.8617261647496	5.8569875	0.00245297524024637		23G3A05	4.7	1	0.1451	2025-11-07
M7	0.152591779015352	0.0253817145953365	0.245452313878195	6.56669610547032	2.82395863215989	6.23978089760311	6.2362375	0.00270060726933659		23G3A05	5	1	0.1587	2025-11-07
M8	0.165811231242091	0.0231706640468851	0.254961999678203	7.12828168294573	2.71862937000334	6.71223449643562	6.7080375	0.00246377570929888		23G3A05	5.3	1	0.1733	2025-11-07
M9	0.224159243077657	0.0106231029562142	0.494192699714442	6.07207459980469	1.40258482361327	9.42127969113446	9.4323125	0.00379353626282013		23G3A05	5.6	1	0.2338	2025-11-07
N1	0	0.0352072523394012	0	-20.5968626482708	136.349086698912	0.917864415850817	0.656975	0.0194300862250064	questionable fit (k < n0)	23G1B05	3.2	1	0.09	2025-11-07
N10	0	0.00371570943365262	0	25.0082220573174	6.36155963332055	1.40809693097679	1.4179125	0.00176440119900017		23G1B05	5.9	1	0.0555	2025-11-07
N11	0.0939679231977019	0.0073986322366171	0.0705856712960039	34.8463073233236	9.81994175068768	1.58365212708202	1.5881125	0.0024085493245086		23G1B05	6.2	1	0.0704	2025-11-07
N12	0.759997638308454	0.00252907099461696	0.0808889720104295	70.4932929669217	8.56911842655849	1.40159580875568	1.4449125	0.0045736195877179		23G1B05	6.5	1	0.1024	2025-11-07
N13	0	0.00750036466213341	0	-142.381143135513	93.166329163952	0.333884776287601	0.25925	0.00433924089243247	questionable fit (k < n0)	23G1B05	6.8	1	0.0155	2025-11-07
N14	0.148107420708155	0.000171376506724492	0.175753283178536	38.4668341523396	3.94386476328767	1.58055875680446	1.6060625	0.00454670601334171		23G1B05	7.1	1	0.127	2025-11-07
N15	0	0	0	0	0	0	0	0	cannot fit data	23G1B05	7.4	1	0.0101	2025-11-07
N16	0	0.0067	0	-2.64765965764072	68465.9692851422	0.0524260212586025	0.036525	0.00109799210742546	questionable fit (k < n0)	23G1B05	7.7	1	0.0067	2025-11-07
N17	0	0.0148642604633426	0	-13.9066108898603	21.8615343672609	0.402713496255656	0.3531375	0.00235175897696065	questionable fit (k < n0)	23G1B05	8	1	0.0155	2025-11-07
N18	0	0.0145	0	-12.2065811010392	17.3345683625765	0.390052471005865	0.3569125	0.00284938668143544	questionable fit (k < n0)	23G1B05	8.3	1	0.0145	2025-11-07
N19	0	0.0092	0	-6.35838470485067	317170.695940587	0.125741337203237	0.1047875	0.00194963857607611	questionable fit (k < n0)	23G1B05	8.6	1	0.0092	2025-11-07
N2	0	0.00332785358219082	0	-6.91185368857834	6.77434363234841	0.220191984741071	0.219525	0.00130949779621567	questionable fit	23G1B05	3.5	1	0.0058	2025-11-07
N20	0	0	0	0	0	0	0	0	cannot fit data	23G1B05	8.9	1	0.012	2025-11-07
N21	0	0.00274215437367599	0	1022.00091378564	60.0870000360602	0.176788168771417	0.1761625	0.00232425650310325		23G1B05	9.2	1	0.0086	2025-11-07
N22	0	0.0039409574549424	0	9.47477533052044	17.6887851247639	0.293429836306887	0.292475	0.00257865208977508		23G1B05	9.5	1	0.0097	2025-11-07
N23	0	0	0	0	0	0	0	0	cannot fit data	23G1B05	9.8	1	0.0137	2025-11-07
N24	0	0.00289451422683051	0	-13564.2726710165	4717.72561734246	0.139437067001605	0.138175	0.00184348479299304	questionable fit (k < n0)	23G1B05	10.1	1	0.0084	2025-11-07
N3	0	0.00432056757043557	0	8.5900043358918	16.9973234953309	0.323854383945233	0.322975	0.0024195676772188		23G1B05	3.8	1	0.0084	2025-11-07
N4	0	0	0	0	0	0	0	0	cannot fit data	23G1B05	4.1	1	0	2025-11-07
N5	0	0.0000000000000000108577166400878	0	44.456372467099	0.906878832331922	0.023672341122526	0.02305	0.000141065496051576		23G1B05	4.4	1	0.00620000000000001	2025-11-07
N6	0	0.00861955017573024	0	393.103770548299	17.1331472247713	1.28444318503597	1.3104875	0.0178717535353348		23G1B05	4.7	1	0.1359	2025-11-07
N7	0	0.0209234359510569	0	1303.72311979562	65.7274101747954	1.31437585193982	1.3128	0.014941110949253		23G1B05	5	1	0.0709	2025-11-07
N8	0	0.00338444555637422	0	29.1698191401968	7.11731903606729	1.22363467426744	1.2259875	0.00220703403464626		23G1B05	5.3	1	0.0546	2025-11-07
N9	0.114021825657674	0.00779224156153639	0.0426226326420764	61.2931184826776	16.2624206341417	1.02126009052537	1.0202625	0.000447250836629796		23G1B05	5.6	1	0.0407	2025-11-07
O1	0	0.00769052922710702	0	-1.5556271293516	0.890251476117061	0.262730846234665	0.259425	0.00133263796310462	questionable fit (k < n0)	Wood-1	3.2	2	0.0086	2025-11-07
O10	0	0.0114806876240266	0	23.3395934186919	9.94691510461934	1.72019459085087	1.714575	0.00222419662150352		Wood-1	5.9	2	0.0594	2025-11-07
O11	0	0.0111454753735321	0	13.8517446727025	6.25465080547954	2.06152501660225	2.057075	0.001911686970072		Wood-1	6.2	2	0.0612	2025-11-07
O12	0	0.0119553485560336	0	15.9682085211282	8.57730180241843	1.6680308375559	1.66965	0.0027227469019373		Wood-1	6.5	2	0.051	2025-11-07
O13	0	0.0107969493483955	0	29.9220668606895	12.9360470684724	1.34101543147315	1.339125	0.00152903023520693		Wood-1	6.8	2	0.0454	2025-11-07
O14	0	0.0104435347118478	0	1062.02211469979	52.1880002006865	0.705172247468043	0.704775	0.00441048617747534		Wood-1	7.1	2	0.0241	2025-11-07
O15	0	0.0108719720036049	0	923.785289896434	39.9728276712392	0.819245222892309	0.8184625	0.00216053277699243		Wood-1	7.4	2	0.0244	2025-11-07
O16	0	0.00795117619812757	0	1147.0373241628	54.0930563363348	0.530241333595271	0.5302125	0.00355968504077139		Wood-1	7.7	2	0.0203	2025-11-07
O17	0	0.0142430257809243	0	2287.54875623136	136.000235587409	0.778182820044478	0.775825	0.0016027971691496		Wood-1	8	2	0.0203	2025-11-07
O18	0	0.0069838007915565	0	0.451843210544118	0.846217905706534	0.805319185835237	0.803925	0.00482227502707727		Wood-1	8.3	2	0.034	2025-11-07
O19	0	0.0111283803847204	0	2899.69186171615	170.687621605449	0.592478315489569	0.5907375	0.00257728014320746		Wood-1	8.6	2	0.0189	2025-11-07
O2	0	0.0109	0	-1.28544004510973	0.866910950693454	0.341275149337482	0.33065	0.00121518859133463	questionable fit (k < n0)	Wood-1	3.5	2	0.0109	2025-11-07
O20	0	0.00715756368725863	0	8.15346132227289	10.7556785498304	0.654356026789683	0.6539625	0.00236840706969901		Wood-1	8.9	2	0.0175	2025-11-07
O21	0	0.0055623473423904	0	6.54425742853474	6.35522458529206	0.644563434444468	0.6453	0.00250557917959608		Wood-1	9.2	2	0.0198	2025-11-07
O22	0	0.00663657704957487	0	1.54422902540098	4.60087442248787	0.642309517620331	0.6413625	0.00327847036027215		Wood-1	9.5	2	0.0241	2025-11-07
O23	0	0.0101612343156191	0	-6.15498738819185	6.05790601200063	0.678888531332527	0.6772375	0.0016899645884422	questionable fit	Wood-1	9.8	2	0.0242	2025-11-07
O24	0	0.00393248361549491	0	-0.786627040205206	4.58093335330254	0.326674720076181	0.3263625	0.00147431594219607	questionable fit	Wood-1	10.1	2	0.0144	2025-11-07
O3	0	0.062925015283503	0	1.93596259443803	1.88544837369536	8.63497032470061	8.626325	0.0125103070493491		Wood-1	3.8	2	0.2081	2025-11-07
O4	0	0	0	0	0	0	0	0	cannot fit data	Wood-1	4.1	2	0	2025-11-07
O5	0	0	0	0	0	0	0	0	cannot fit data	Wood-1	4.4	2	0	2025-11-07
O6	0	0.0109865523850884	0	18.0332948056764	8.45213738806752	1.6959334056841	1.6958	0.0017999463724289		Wood-1	4.7	2	0.0527	2025-11-07
O7	0.108900294788148	0.0147196375465461	0.0523306703552989	35.4673907472858	13.245524581547	1.94692612647572	1.9463625	0.00204443636574207		Wood-1	5	2	0.0685	2025-11-07
O8	0	0.0131861489480605	0	21.9590755124264	9.20391453570345	2.10508481438422	2.1000625	0.00159316557639659		Wood-1	5.3	2	0.0717	2025-11-07
O9	0	0.0104708831970433	0	13.8065872759526	6.01329652752991	2.0392773525657	2.02905	0.00355753289361925		Wood-1	5.6	2	0.0707	2025-11-07
