sample	k	n0	r	t_mid	t_gen	auc_l	auc_e	sigma	note	strain	pH	replicate	max.OD	date
A1	0	0	0	0	0	0	0	0	cannot fit data	25G2A02	3.2	1	0.005	2023-04-28
A10	0.348825530195635	0.0135717438634191	0.280945122378146	11.4146770539787	2.46719777404423	12.7823309107875	12.732625	0.0107354504485032		25G2A02	5.9	1	0.36	2023-04-28
A11	0.35955147447467	0.00935351430667453	0.292441529938927	12.3879343042339	2.37020774957887	12.8438083403426	12.77525	0.0121871365339909		25G2A02	6.2	1	0.374	2023-04-28
A12	0.35132094979029	0.00889712860146522	0.284583837831977	12.8268725492366	2.43565195353501	12.3956092486957	12.3665	0.00506200359094075		25G2A02	6.5	1	0.359	2023-04-28
A13	0.316503589770226	0.00611537755855475	0.305085590978543	12.8718543823031	2.27197613081863	11.1611776495458	11.178625	0.00844738874901764		25G2A02	6.8	1	0.325	2023-04-28
A14	0.307969263480487	0.0185142334668973	0.193766382562378	14.1895621882007	3.57723136177559	10.3777243700564	10.34325	0.00750900638729853		25G2A02	7.1	1	0.315	2023-04-28
A15	0.227833424491641	0.0110480240511412	0.248055882887539	11.9999425066382	2.7943186530843	8.20198090942269	8.184	0.00513750846605965		25G2A02	7.4	1	0.232	2023-04-28
A16	0.185895851179561	0.015549560755589	0.231718884485854	10.3306253263818	2.99132797095034	6.9697531026754	6.956	0.00639179787189211		25G2A02	7.7	1	0.196	2023-04-28
A17	0.142037997386272	0.00401778695704912	0.344053923152472	10.2794028667522	2.01464693152988	5.37428098419169	5.36775	0.00368040793154476		25G2A02	8	1	0.145	2023-04-28
A18	0.156675654438464	0.0283844409086665	0.158194223713578	9.53550395434864	4.38162130252579	5.86196806777401	5.85925	0.00623723934939934		25G2A02	8.3	1	0.159	2023-04-28
A19	0.126989906958187	0.0134310501829528	0.142374656926232	14.9939048579726	4.86847305218853	4.12495312937721	4.1255	0.00613377475227374		25G2A02	8.6	1	0.126	2023-04-28
A2	0	0	0	0	0	0	0	0	cannot fit data	25G2A02	3.5	1	0.00700000000000001	2023-04-28
A20	0.194303948096504	0.021205135123974	0.0530012851234816	39.6144966037081	13.0779315811883	3.04558982716281	3.038	0.00709877001957232		25G2A02	8.9	1	0.119	2023-04-28
A21	0.112763085436868	0.0026785218499399	0.129138801439547	28.7751140251567	5.36745867882649	2.23771408625524	2.243	0.00413518034586371		25G2A02	9.2	1	0.101	2023-04-28
A22	0	0.0145744314397967	0	7.04730918783216	3.71625259832335	2.74491368582172	2.742625	0.00504029298409112		25G2A02	9.5	1	0.076	2023-04-28
A23	0	0.00215271994814106	0	17.2533022148214	4.93893252862624	0.80327590318601	0.793875	0.00246835664707508		25G2A02	9.8	1	0.029	2023-04-28
A24	0	0.0123781174410746	0	10.9827966894201	12.0508211316903	1.1317171548834	1.129	0.0016855686645207		25G2A02	10.1	1	0.033	2023-04-28
A3	0.19476886924222	0.00312605426215231	0.437373839697993	9.41039755249776	1.58479341388722	7.54774761711553	7.535125	0.00378890345313269		25G2A02	3.8	1	0.199	2023-04-28
A4	0.235787493763689	0.00437881704683113	0.392133734794673	10.1174837851474	1.76762955863231	8.96804412262959	8.96625	0.00162594994071865		25G2A02	4.1	1	0.238	2023-04-28
A5	0.292737968981886	0.00468508772786998	0.417184329157551	9.87275683696583	1.66148901604158	11.2084369885829	11.180375	0.00820027868822838		25G2A02	4.4	1	0.303	2023-04-28
A6	0.274364652245828	0.00536288341302608	0.384214382222307	10.1901864055435	1.80406359738738	10.4143771313604	10.400375	0.00569032605552317		25G2A02	4.7	1	0.281	2023-04-28
A7	0.310525295872418	0.0079470390404995	0.34523657371522	10.5421638662545	2.00774550940744	11.6703076913583	11.60175	0.0138473984174761		25G2A02	5	1	0.328	2023-04-28
A8	0.283936618768589	0.00475600138123827	0.395796311055259	10.2892613284011	1.7512724631311	10.7520502393914	10.74475	0.00546928414840818		25G2A02	5.3	1	0.29	2023-04-28
A9	0.33178222339798	0.00823621133111154	0.352370268060217	10.4174535150442	1.96709893935062	12.5118179224963	12.4625	0.00925571558237306		25G2A02	5.6	1	0.34	2023-04-28
B1	0	0	0	0	0	0	0	0	cannot fit data	25G2A02	3.2	2	0	2023-04-28
B10	0.336846292859491	0.012903907162517	0.275186276981944	11.7121957064193	2.51882902069795	12.2429280745941	12.190875	0.00971580648951671		25G2A02	5.9	2	0.346	2023-04-28
B11	0.355910082673664	0.0123694277506692	0.276631267465207	12.0162755489941	2.50567185304577	12.8326013692291	12.767375	0.00959588985052123		25G2A02	6.2	2	0.364	2023-04-28
B12	0.331461040488345	0.0107485728482053	0.26160639556815	12.9804624517991	2.64958040897504	11.6321710219863	11.596	0.00666002704141425		25G2A02	6.5	2	0.337	2023-04-28
B13	0.327404904608788	0.00718913453139708	0.294253928168279	12.9018643195679	2.35560892890968	11.5320221546632	11.542	0.00586240863491113		25G2A02	6.8	2	0.331	2023-04-28
B14	0.3129204428585	0.0102530343482634	0.237384555762596	14.259819196446	2.91993376878802	10.5769920918874	10.62325	0.0115708159810736		25G2A02	7.1	2	0.318	2023-04-28
B15	0.253327262190131	0.0117287541413159	0.245308385146811	12.3323703069643	2.82561552123509	9.03737942987765	9.020375	0.0064132048694024		25G2A02	7.4	2	0.259	2023-04-28
B16	0.1669136486247	0.0163065915029968	0.200565763598422	11.0841687118623	3.4559596220409	6.11002542957472	6.08875	0.00456445018419343		25G2A02	7.7	2	0.174	2023-04-28
B17	0.145225560609913	0.013233786895093	0.272154181074345	8.45096855979493	2.54689153708278	5.72155959941121	5.7135	0.00453857038780455		25G2A02	8	2	0.148	2023-04-28
B18	0.146576256559861	0.0184562349310738	0.194412653213927	9.96625071200046	3.56533985366283	5.50310033584683	5.5	0.00430900204841575		25G2A02	8.3	2	0.147	2023-04-28
B19	0.125566395402593	0.0191312759806332	0.149694116219872	11.4647866850667	4.63042368039266	4.47744177977653	4.469375	0.00813112004561068		25G2A02	8.6	2	0.128	2023-04-28
B2	0	0.00485760798033998	0	-1.68969664791802	6.0114568517286	0.380950676355491	0.38	0.000527336298231004	questionable fit	25G2A02	3.5	2	0.01	2023-04-28
B20	0.163568765765856	0.0257602093009372	0.0567825279439182	29.5343388978386	12.2070504019218	3.41644013489905	3.406875	0.00688462916538202		25G2A02	8.9	2	0.121	2023-04-28
B21	0.104024904850066	0.0120780792879672	0.0991752243054169	20.4669892165443	6.98911633842492	2.82041235550391	2.81075	0.00732334476567802		25G2A02	9.2	2	0.101	2023-04-28
B22	0	0.0126299221988675	0	5.92854818735318	3.16116270108384	2.42796119671149	2.42325	0.00497189303803869		25G2A02	9.5	2	0.069	2023-04-28
B23	0	0.0049860181811004	0	6.96390996558674	2.50213750088356	1.60166329419845	1.603875	0.00930927497793266		25G2A02	9.8	2	0.07	2023-04-28
B24	0	0.0108596402889086	0	10.3996318258617	6.73408165773824	1.49431853874449	1.489125	0.00236549416603931		25G2A02	10.1	2	0.046	2023-04-28
B3	0.176181155441884	0.0018884581091855	0.436699510457141	10.3617596661103	1.58724057151874	6.66198825822292	6.638875	0.00488022148993469		25G2A02	3.8	2	0.182	2023-04-28
B4	0.235615848770213	0.00476459608722562	0.379785736267539	10.2177634329832	1.82510061428863	8.93647772769933	8.92875	0.00238369999618882		25G2A02	4.1	2	0.238	2023-04-28
B5	0.243036110072775	0.00163297840137642	0.45861472662929	10.8938121780343	1.51139320286205	9.06311058756055	9.0155	0.00895634087193473		25G2A02	4.4	2	0.254	2023-04-28
B6	0.24935501763669	0.00396673655835636	0.405041647623159	10.1838862001652	1.71129854084742	9.46956745123559	9.465625	0.00711361737248616		25G2A02	4.7	2	0.26	2023-04-28
B7	0.243248077352451	0.000933729735449704	0.534164797369424	10.4065339251337	1.29762796794819	9.19136900938837	9.1515	0.0072753080472655		25G2A02	5	2	0.252	2023-04-28
B8	0.24947214796629	0.00296099193810903	0.432947992557525	10.2134274780548	1.60099409738653	9.46964253336743	9.472125	0.00592815885953908		25G2A02	5.3	2	0.255	2023-04-28
B9	0.275382597561285	0.00297323927709652	0.410984632517478	10.9922696544323	1.68655255140341	10.2390113229892	10.1805	0.00985776296489707		25G2A02	5.6	2	0.284	2023-04-28
C1	0	0.00494161799395778	0	-6.03111875320804	8.05896800052332	0.117212877624307	0.0995000000000001	0.000952347339689084	questionable fit (k < n0)	25G2A02	3.2	3	0.00800000000000001	2023-04-28
C10	0.329635160059161	0.00947419649167216	0.296954074525314	11.8545332025462	2.3341898294137	11.9483029505127	11.90425	0.00874509338463328		25G2A02	5.9	3	0.336	2023-04-28
C11	0.343064291594315	0.00936385578694977	0.310869355110535	11.4948176276718	2.22970572417305	12.5616140885035	12.5055	0.0092570457394076		25G2A02	6.2	3	0.352	2023-04-28
C12	0.32316033023022	0.010643621085793	0.262585884985985	12.8708258007176	2.63969702940027	11.3757965688667	11.342375	0.0062691259049577		25G2A02	6.5	3	0.328	2023-04-28
C13	0.323851005993353	0.00612483986817111	0.313144793387412	12.6102600786127	2.21350376949237	11.5059516205935	11.522375	0.00758622528896816		25G2A02	6.8	3	0.33	2023-04-28
C14	0.315627767787997	0.0149656541525619	0.205312419163759	14.6129944202366	3.37606065616072	10.5277821161748	10.526125	0.0107100172122134		25G2A02	7.1	3	0.33	2023-04-28
C15	0.253435199454195	0.00921047301223477	0.259845289959362	12.6142275060946	2.66753798257551	8.98260486384548	8.974375	0.0088041137522541		25G2A02	7.4	3	0.265	2023-04-28
C16	0.193863895285062	0.0143643583987815	0.234091936522764	10.7881657018285	2.96100408607	7.1891260042232	7.168625	0.00474524888704226		25G2A02	7.7	3	0.201	2023-04-28
C17	0.121479269155191	0.00727751377167868	0.317805993764294	8.66307569164346	2.18103872853332	4.77927042166932	4.769125	0.00491615689255924		25G2A02	8	3	0.126	2023-04-28
C18	0.142564490331801	0.0149129816881522	0.212905516751635	10.084623015425	3.25565627014042	5.36007393518894	5.360375	0.00574553496146096		25G2A02	8.3	3	0.145	2023-04-28
C19	0.110342265934894	0.0101440975972002	0.18461217546818	12.4057792168307	3.75461249401406	3.89275059572253	3.886125	0.00657505797696857		25G2A02	8.6	3	0.116	2023-04-28
C2	0	0.0131931528319793	0	-28.5046027714554	4.67756116561766	0.627889236969878	0.613125	0.000539973274718885	questionable fit (k < n0)	25G2A02	3.5	3	0.014	2023-04-28
C20	0.265892306168592	0.0339414403997588	0.0331581438262526	57.9612922644381	20.904281741222	3.26997340588763	3.262	0.00961866472786839		25G2A02	8.9	3	0.112	2023-04-28
C21	0	0.0124968168999775	0	16.9133955535887	7.03572047947754	2.35785916432927	2.342875	0.00999676084099302		25G2A02	9.2	3	0.091	2023-04-28
C22	0	0.00898446184405785	0	6.54807718540505	2.90055729101923	2.12234528271775	2.11925	0.00375930936560932		25G2A02	9.5	3	0.062	2023-04-28
C23	0	0.00327587241327287	0	6.38358229882871	1.97899387210038	1.4085774064649	1.407	0.00524045139761379		25G2A02	9.8	3	0.048	2023-04-28
C24	0	0.0106509559263536	0	8.81709201368508	5.68321933748063	1.55096765204795	1.545625	0.00322159169207526		25G2A02	10.1	3	0.05	2023-04-28
C3	0.179012881278874	0.00216517268558661	0.459701858282992	9.57748757980215	1.50781896585949	6.90913884752128	6.903625	0.00367984076283169		25G2A02	3.8	3	0.185	2023-04-28
C4	0.227507945774357	0.00332929900357487	0.413467945223324	10.1813974709807	1.67642301795744	8.64135941685349	8.63625	0.00223576916226193		25G2A02	4.1	3	0.231	2023-04-28
C5	0.263630056501986	0.00454475210312715	0.419116874851225	9.6469133726605	1.65382789897446	10.1527410410386	10.129375	0.00472633788720305		25G2A02	4.4	3	0.272	2023-04-28
C6	0.226137774153122	0.0011650393440026	0.519196181462806	10.1372555231112	1.33503905711911	8.60511176714372	8.6365	0.0054549458700449		25G2A02	4.7	3	0.232	2023-04-28
C7	0.267268644492899	0.00334968364432919	0.437095763205889	9.99043356234431	1.5858016455617	10.2044328920919	10.170875	0.00806774577619336		25G2A02	5	3	0.276	2023-04-28
C8	0.247654375109319	0.00219333868571453	0.458660840067393	10.2858428591341	1.51124124845299	9.38473476502656	9.3935	0.00553852729312324		25G2A02	5.3	3	0.252	2023-04-28
C9	0.292358835642824	0.00419558489536206	0.406837025348845	10.3960410235593	1.70374655543114	11.0418529632255	11.006	0.0065802323377428		25G2A02	5.6	3	0.298	2023-04-28
D1	0	0	0	0	0	0	0	0	cannot fit data	28D03	3.2	1	0	2023-04-28
D10	0.261817706085193	0.00594825285409076	0.206200362412077	18.2423046381894	3.36152261058949	7.81683609047184	7.75675	0.00676511029833917		28D03	5.9	1	0.267	2023-04-28
D11	0.250944329490666	0.00435262767501314	0.220591610364239	18.3005790980284	3.1422191415867	7.48466915499495	7.40625	0.0079840748406887		28D03	6.2	1	0.255	2023-04-28
D12	0.228021169775258	0.00364437484334038	0.198553627048274	20.7507764030813	3.4909822140465	6.24536078713376	6.20425	0.00548537204769184		28D03	6.5	1	0.231	2023-04-28
D13	0.222140772389471	0.0037055970105607	0.215741084346938	18.8960063886254	3.21286593445168	6.49407701126839	6.442625	0.00607016088596664		28D03	6.8	1	0.229	2023-04-28
D14	0	0.00812860200306497	0	28.2880947884049	14.5316252753933	0.865499048681572	0.861875	0.00224883827223206		28D03	7.1	1	0.034	2023-04-28
D15	0.138249898845394	0.00364814717938828	0.17930465563604	20.1227402688744	3.86575116023158	3.86602413898991	3.8355	0.00318865601880814		28D03	7.4	1	0.14	2023-04-28
D16	0	0.00251840062130019	0	12.2828900043696	5.79801766082288	0.461430009065918	0.460375	0.000930691711004395		28D03	7.7	1	0.016	2023-04-28
D17	0	0.00184540178859783	0	28.3375846040148	5.58415591225582	1.29883586395903	1.298875	0.00306325455691902		28D03	8	1	0.064	2023-04-28
D18	0	0.00549689981760399	0	12.4991209828236	10.0745523474533	0.587265198433058	0.586	0.00141176509046852		28D03	8.3	1	0.021	2023-04-28
D19	0.107066715618674	0.000195085253478003	0.262195191977011	24.0505821983351	2.64363040120399	2.58555012683471	2.610625	0.00508635866735704		28D03	8.6	1	0.116	2023-04-28
D2	0	0.02	0	-68.546899734217	15.8602591781443	0.935441679377025	0.921	0.000634851317431088	questionable fit (k < n0)	28D03	3.5	1	0.02	2023-04-28
D20	0.013	0.00509523386055685	0.0138716319314114	1077.72726841241	49.968683136002	0.349506005382699	0.348375	0.00082731338263546		28D03	8.9	1	0.013	2023-04-28
D21	0.005	0.00193196466852174	0.0116412623190705	1214.51657676571	59.5422696922175	0.124901734536913	0.124375	0.000512667509207406		28D03	9.2	1	0.005	2023-04-28
D22	0	0.0027020478737661	0	7.80128117565817	8.7484174642242	0.273598529013059	0.272625	0.000997737449574189		28D03	9.5	1	0.01	2023-04-28
D23	0	0.0000000000000332949287339901	0	40.8747718421907	1.0517836310638	0.122075769161963	0.14125	0.00252839362500793		28D03	9.8	1	0.028	2023-04-28
D24	0	0	0	0	0	0	0	0	cannot fit data	28D03	10.1	1	0.002	2023-04-28
D3	0.189570914792051	0.00468448806357783	0.183579905084159	20.0211732703507	3.7757246918838	5.32183118131662	5.249875	0.00787845737847451		28D03	3.8	1	0.199	2023-04-28
D4	0.23800803982232	0.00843495025596396	0.158079145052403	20.8998956321272	4.38481104088821	6.46323183543223	6.407	0.00672331634086101		28D03	4.1	1	0.242	2023-04-28
D5	0.226523661363847	0.00345325479296314	0.199895467225506	20.8517496642702	3.4675482650039	6.18233227066436	6.102875	0.00831757565608545		28D03	4.4	1	0.239	2023-04-28
D6	0.239313999207742	0.00741258397644381	0.178654917725855	19.2725355537141	3.87981024750507	6.88814187202545	6.825	0.00747199486828645		28D03	4.7	1	0.247	2023-04-28
D7	0.23848197330016	0.00332472369632698	0.214839561878227	19.8234805013398	3.22634795239821	6.75413386573787	6.677875	0.00799214824024788		28D03	5	1	0.249	2023-04-28
D8	0.252715246199141	0.00644367248535978	0.197426245815591	18.4541636339839	3.51091709056449	7.4876936042967	7.4145	0.00832614464138174		28D03	5.3	1	0.26	2023-04-28
D9	0.242237717497062	0.00470141542157883	0.214226125708017	18.3098902282288	3.23558659462796	7.22015417160547	7.136125	0.00888708101513805		28D03	5.6	1	0.252	2023-04-28
E1	0	0	0	0	0	0	0	0	cannot fit data	28D03	3.2	2	0.00399999999999998	2023-04-28
E10	0.252456435020372	0.00876413325453876	0.191421061907899	17.3713316164396	3.62106015738984	7.73983106242855	7.70575	0.00634975735215213		28D03	5.9	2	0.258	2023-04-28
E11	0.252560375916094	0.00601097680284936	0.203841966976842	18.2198747668882	3.4004145016845	7.54462159939332	7.478	0.0072670728407518		28D03	6.2	2	0.255	2023-04-28
E12	0.241000139594948	0.0108870515410145	0.152620891635226	19.990688637177	4.54162712020196	6.74655586554924	6.736125	0.003749406860991		28D03	6.5	2	0.238	2023-04-28
E13	0.160042739027746	0.00394694392651899	0.134036235781566	27.4368216813238	5.17134173843512	3.36479644692279	3.354	0.00369988382976038		28D03	6.8	2	0.154	2023-04-28
E14	0	0.00852922083522699	0	4.87955720881244	3.0012535294916	1.46745662285956	1.466625	0.00172004503605578		28D03	7.1	2	0.038	2023-04-28
E15	0	0.00200429388782938	0	9.87334667029924	2.99640829996536	0.821738837013791	0.819250000000001	0.000727907965510617		28D03	7.4	2	0.023	2023-04-28
E16	0	0.00323189045412146	0	15.4731588943339	4.8145942657726	1.06553107384995	1.063875	0.00181354274728039		28D03	7.7	2	0.039	2023-04-28
E17	0	0.00362995060699385	0	9.29421230248371	3.74811132080368	0.907760850798754	0.904	0.00247152005480752		28D03	8	2	0.029	2023-04-28
E18	0	0.0236357158092905	0	8.24537077052727	11.4606913233533	2.09683906940818	2.09225	0.00218843535722732		28D03	8.3	2	0.06	2023-04-28
E19	0	0.0027184129834018	0	7.40114042356893	3.83211325074676	0.517119203884147	0.5165	0.00180981861553141		28D03	8.6	2	0.017	2023-04-28
E2	0	0.0076561754752089	0	-1.14366801248741	0.753454658634422	0.49452407848735	0.492875	0.000877176230933564	questionable fit	28D03	3.5	2	0.013	2023-04-28
E20	0	0.0133507390974507	0	4.2401816243605	6.79474679777979	1.32881879938189	1.325625	0.00213302115393101		28D03	8.9	2	0.039	2023-04-28
E21	0	0.00247120586560407	0	136.106966598964	27.7394338622761	0.222617674228377	0.22225	0.00200924107970027		28D03	9.2	2	0.00999999999999998	2023-04-28
E22	0	0.00731131148294311	0	3.2079464729708	4.8182596662576	0.786756549763282	0.785125	0.00107874790035462		28D03	9.5	2	0.022	2023-04-28
E23	0	0.00246070239200291	0	-420.743559384005	174.065020233348	0.116208341077427	0.105625	0.000953906679039256	questionable fit (k < n0)	28D03	9.8	2	0.00600000000000001	2023-04-28
E24	0	0.0190119582406681	0	-3.02151678489352	2.41529402664982	1.26839138323345	1.257625	0.00214895493001759	questionable fit	28D03	10.1	2	0.032	2023-04-28
E3	0.159502878745283	0.0033216132096753	0.202766797228113	18.9901244802181	3.41844517956336	4.64456418264598	4.6045	0.00527356975060525		28D03	3.8	2	0.168	2023-04-28
E4	0.219691203930474	0.00976812856608149	0.15399832002168	19.919803389429	4.50100481915883	6.16616898777682	6.11475	0.00662470765857627		28D03	4.1	2	0.224	2023-04-28
E5	0.241129080092408	0.00860034143757666	0.173033095537197	19.0553830742876	4.00586476481859	6.98590229879809	6.923875	0.00718070465750953		28D03	4.4	2	0.25	2023-04-28
E6	0.237261613892022	0.0150098158236739	0.155557067676421	17.3255167996303	4.45590284590465	7.23805315587563	7.21175	0.00558270277838902		28D03	4.7	2	0.243	2023-04-28
E7	0.259800036029132	0.00899952692199566	0.180945207785158	18.3894664450485	3.83070206193546	7.70059644456355	7.635125	0.0080583981528219		28D03	5	2	0.267	2023-04-28
E8	0.257600408781	0.009405924753518	0.178283136034574	18.3577254571876	3.88790098703179	7.64061489679242	7.58375	0.00727340036381039		28D03	5.3	2	0.263	2023-04-28
E9	0.257019847756652	0.00913486551656249	0.184390602012825	17.9014893021583	3.75912423406337	7.74201816941722	7.67675	0.00749488658982356		28D03	5.6	2	0.263	2023-04-28
F1	0	0	0	0	0	0	0	0	cannot fit data	28D03	3.2	3	0	2023-04-28
F10	0.245878671022709	0.00551710106570785	0.203266572935925	18.5681872013488	3.41004017802005	7.26123748609872	7.19875	0.0067950469979205		28D03	5.9	3	0.251	2023-04-28
F11	0.251981482155258	0.00419558168742679	0.217851109202772	18.721653937299	3.18174730941938	7.41038510467488	7.333125	0.00770676634435707		28D03	6.2	3	0.256	2023-04-28
F12	0.221139280895535	0.0050043998529244	0.179134936834353	21.0209422714588	3.86941371018487	5.99148742954165	5.943	0.00500278072300835		28D03	6.5	3	0.222	2023-04-28
F13	0.140772457547465	0.0022494201876794	0.156682995901583	26.2974557907254	4.42388260813784	3.09735210165204	3.054625	0.0044606108518956		28D03	6.8	3	0.143	2023-04-28
F14	0	0.00237374009390058	0	6.1968691366911	1.93082723061563	1.0149968681978	1.0145	0.000765404566569395		28D03	7.1	3	0.026	2023-04-28
F15	0	0.0000407253646235373	0	11.8664421011261	1.45929530764958	0.41637899151813	0.416125	0.00269802842052966		28D03	7.4	3	0.021	2023-04-28
F16	0	0.00100105669560993	0	12.8707976350711	2.57370962855036	1.16400690441655	1.158	0.00100053623535431		28D03	7.7	3	0.034	2023-04-28
F17	0	0.00170267466299609	0	15.1376370464728	5.34810061354662	0.444153898236199	0.44275	0.00143719437251715		28D03	8	3	0.019	2023-04-28
F18	0	0.0033537976641711	0	10.5309104085668	3.51809004375739	1.11440358131387	1.114375	0.000539457264136978		28D03	8.3	3	0.03	2023-04-28
F19	0	0.00179688713170699	0	19.8193595025701	10.4577932668547	0.228372759911835	0.228	0.000896022403325085		28D03	8.6	3	0.011	2023-04-28
F2	0	0.00177426583521438	0	0.211363218832687	0.646253881387703	0.189767240100628	0.177	0.000528952651715698		28D03	3.5	3	0.004	2023-04-28
F20	0	0.00609759851483012	0	13.2132378035764	8.17843609848995	0.799195560331599	0.797375	0.00111347610997716		28D03	8.9	3	0.026	2023-04-28
F21	0.015	0.00450228092254733	0.00903798821730222	1230.57310620437	76.6926404299789	0.271956555554512	0.27125	0.0014239168052454		28D03	9.2	3	0.015	2023-04-28
F22	0	0.00486541105694968	0	4.05644966354063	4.4120442431357	0.5830684053666	0.58175	0.000909160749079692		28D03	9.5	3	0.016	2023-04-28
F23	0	0.00172804746841662	0	-13.865408280996	90618.8615962344	0.0359135792879906	0.03525	0.00106419484050026	questionable fit (k < n0)	28D03	9.8	3	0.004	2023-04-28
F24	0	0.000502201948900037	0	14.6312774173779	5.80907173311437	0.10942097184219	0.1085	0.000525081094588681		28D03	10.1	3	0.004	2023-04-28
F3	0.164628863807145	0.00355613358458556	0.188211383309607	20.2601035788868	3.68281221024618	4.58510537773345	4.514	0.00792554453390152		28D03	3.8	3	0.175	2023-04-28
F4	0.226140679240082	0.00984916582346706	0.145546525251171	21.2251053605627	4.76237532544162	6.06121335319398	6.000875	0.00747052179964564		28D03	4.1	3	0.229	2023-04-28
F5	0.223331610155136	0.00403674687172883	0.189289791215266	21.1050900760659	3.66183076282058	6.03653577775937	5.957875	0.0080870308178836		28D03	4.4	3	0.233	2023-04-28
F6	0.226098545105875	0.009310364041013	0.165822575504169	18.982895124209	4.18005315894106	6.55923431778403	6.50475	0.00708747962457516		28D03	4.7	3	0.231	2023-04-28
F7	0.22931838708726	0.00421655082100756	0.200985912261262	19.7901206499368	3.44873515144147	6.49744307071251	6.421125	0.00826846317354023		28D03	5	3	0.238	2023-04-28
F8	0.24168648735782	0.0098277077431582	0.168461822204845	18.7634368389627	4.11456537444489	7.06483244603336	7.008	0.00691560141772423		28D03	5.3	3	0.246	2023-04-28
F9	0.249273063940454	0.00490911193070736	0.208440570330673	18.7466655767326	3.32539476101187	7.32064337569335	7.232125	0.00950785255453357		28D03	5.6	3	0.258	2023-04-28
G1	0	0.00599999999999998	0	-1.384131251656	189.639336750084	0.0303854216503907	0.0294999999999999	0.000508520660241376	questionable fit (k < n0)	26G4B12	3.2	1	0.00599999999999998	2023-04-28
G10	0.208169551629186	0.00802716439999305	0.215271738491104	14.9401762261734	3.21987078015162	6.88634953525507	6.82925	0.00950905856913662		26G4B12	5.9	1	0.227	2023-04-28
G11	0.162985203390515	0.0085949525683625	0.174640407882144	16.5386029955808	3.96899657396422	5.11343016667125	5.05875	0.00869061933968632		26G4B12	6.2	1	0.184	2023-04-28
G12	0.121004025707821	0.00581205858843097	0.152090755534039	19.637388079391	4.55745767141525	3.4272580932224	3.396875	0.00436336316660546		26G4B12	6.5	1	0.128	2023-04-28
G13	0.129609885948934	0.00600304783186022	0.154829327899858	19.5365994082905	4.47684679615911	3.68516279286478	3.65275	0.00474357378490184		26G4B12	6.8	1	0.136	2023-04-28
G14	0	0.00482755867471048	0	10.2905778900212	4.41974811183985	1.06893657944631	1.065625	0.00215504477931341		26G4B12	7.1	1	0.03	2023-04-28
G15	0	0.00172393248383594	0	10.386965372478	3.10675360455373	0.718727736917	0.714999999999999	0.00240977288616246		26G4B12	7.4	1	0.021	2023-04-28
G16	0	0.00672491855798775	0	3.94716802920957	3.09563338845038	0.982287471635906	0.978	0.00380190788571533		26G4B12	7.7	1	0.028	2023-04-28
G17	0	0.00756662924815964	0	14.3054931224565	10.3013309307503	0.835984316683514	0.83225	0.00526974582266371		26G4B12	8	1	0.027	2023-04-28
G18	0	0.00353580331746478	0	5.4891662323549	2.33035063900112	0.910900078810559	0.9135	0.00516275080338974		26G4B12	8.3	1	0.042	2023-04-28
G19	0	0.000634101377572998	0	6.44999935898228	1.597728863517	0.459542890432182	0.461375	0.00340494590645085		26G4B12	8.6	1	0.023	2023-04-28
G2	0	0	0	0	0	0	0	0	cannot fit data	26G4B12	3.5	1	0.005	2023-04-28
G20	0	0.00325608207090293	0	6.56424372568573	3.41098697110639	0.632219494362548	0.634	0.00464583098079816		26G4B12	8.9	1	0.041	2023-04-28
G21	0	0.000863769142451787	0	7.81054480419849	1.97568630065388	0.572770785273624	0.578625	0.00763579668658794		26G4B12	9.2	1	0.03	2023-04-28
G22	0	0.00496484498060169	0	10.352295095903	4.76990707549617	0.996785864313242	0.99975	0.0056767063127388		26G4B12	9.5	1	0.037	2023-04-28
G23	0	0.00188746472872075	0	1.81594789166197	3.4578146680781	0.201423160857303	0.201375	0.00310413188563067		26G4B12	9.8	1	0.015	2023-04-28
G24	0	0.0014494451353067	0	13.2881765517671	5.74240918104351	0.290145993613193	0.29025	0.00239016550555616		26G4B12	10.1	1	0.014	2023-04-28
G3	0.154732399500445	0.00181263516282855	0.238869507644137	18.5671739098245	2.90178176108012	4.57802808104823	4.5675	0.00252994501302585		26G4B12	3.8	1	0.155	2023-04-28
G4	0.236543702977962	0.00604231684822062	0.223144240965436	16.318903583181	3.10627411920216	7.51463909214563	7.487875	0.00510387933754292		26G4B12	4.1	1	0.241	2023-04-28
G5	0.268594646866209	0.00553271862763582	0.25725796654106	15.0110420906969	2.69436624210164	8.89277520882143	8.8125	0.0107750064648876		26G4B12	4.4	1	0.279	2023-04-28
G6	0.260980125658835	0.00866026001245745	0.220621667892972	15.2838697861737	3.14179104518512	8.55129315610119	8.481375	0.0108377499311454		26G4B12	4.7	1	0.271	2023-04-28
G7	0.249483743179273	0.00553820526639088	0.270335848224061	14.0021182201072	2.56402243769553	8.51111821104472	8.439375	0.00999385657041317		26G4B12	5	1	0.261	2023-04-28
G8	0.244392311897301	0.00746950577515371	0.242070330153063	14.2805834059219	2.86341238152425	8.25851288118982	8.198	0.0103288790279432		26G4B12	5.3	1	0.257	2023-04-28
G9	0.235606224167102	0.00760474298862479	0.239212703047595	14.2157166066804	2.89761861192644	7.97481841204654	7.904125	0.0100051382524288		26G4B12	5.6	1	0.247	2023-04-28
H1	0	0.001	0	-0.0392161887151397	58.836342683893	0.00029061031985697	0.00025	0.0000712225919738566	questionable fit (k < n0)	26G4B12	3.2	2	0.001	2023-04-28
H10	0.190553830502858	0.00610886187747653	0.25994755347154	13.1088391358695	2.66648857164888	6.66289697027733	6.62125	0.00956033103857556		26G4B12	5.9	2	0.21	2023-04-28
H11	0.162056915397787	0.00832218596504761	0.174182193718326	16.7428343978703	3.9794376552683	5.05263110000279	4.99425	0.00873521491947678		26G4B12	6.2	2	0.182	2023-04-28
H12	0.0905219225239476	0.00431679606164354	0.201340410751502	14.8714118628612	3.44266299036927	2.99552175391902	2.962375	0.00528292449977405		26G4B12	6.5	2	0.105	2023-04-28
H13	0.12118599564901	0.00439432108102677	0.179243906026852	18.2995272602502	3.86706134632052	3.60168611684052	3.566125	0.00485643928788669		26G4B12	6.8	2	0.125	2023-04-28
H14	0	0.00492905796011677	0	3.47183813426971	1.91973900873579	0.977271051399677	0.976125	0.000689678271260484		26G4B12	7.1	2	0.023	2023-04-28
H15	0	0.00298737421140153	0	8.10126293203918	2.93944374219414	0.91546359601246	0.910375	0.00318496768735821		26G4B12	7.4	2	0.025	2023-04-28
H16	0	0.00000588447956732244	0	2.78624216693373	0.24236975329813	0.772027102983386	0.736875	0.00433341718729759		26G4B12	7.7	2	0.024	2023-04-28
H17	0	0.00106162258179281	0	4.29728354980084	1.04538750627722	0.850164311714859	0.8505	0.00328080162661913		26G4B12	8	2	0.033	2023-04-28
H18	0	0.00518896100740518	0	3.02065363814972	1.3742030886877	1.29885822180466	1.2815	0.00259687252030161		26G4B12	8.3	2	0.033	2023-04-28
H19	0	0.00476506588816158	0	6.32549639044705	2.40407411452266	1.41789471463899	1.418125	0.000930515219267182		26G4B12	8.6	2	0.035	2023-04-28
H2	0	0.000584952935703493	0	0.833195428138155	0.6537647397828	0.0940804001615448	0.0930000000000001	0.000543611782859645		26G4B12	3.5	2	0.003	2023-04-28
H20	0	0.00191366612019297	0	7.11096347290536	2.54856856134989	0.615006310215167	0.618625	0.00427878208629884		26G4B12	8.9	2	0.028	2023-04-28
H21	0	0.00423226782432235	0	6.75030796418628	2.53263560672268	1.2716504122472	1.27275	0.005052094679152		26G4B12	9.2	2	0.037	2023-04-28
H22	0	0.00520064940463574	0	6.57293205420979	3.40348465706483	1.01352677874299	1.014625	0.001811446564865		26G4B12	9.5	2	0.029	2023-04-28
H23	0	0.00133994790536247	0	6.96470678954473	2.70504729706522	0.378776889513756	0.3805	0.00501675583739789		26G4B12	9.8	2	0.023	2023-04-28
H24	0	0.00274667048896225	0	7.38119118910743	3.17900393670058	0.658892402230808	0.6595	0.0024580950423582		26G4B12	10.1	2	0.022	2023-04-28
H3	0.127570624796318	0.000407639976490226	0.257932420255359	22.2649037593732	2.68732088767172	3.30755293330733	3.284625	0.00249925038171837		26G4B12	3.8	2	0.129	2023-04-28
H4	0.229137688878486	0.00604727527728756	0.220466819629579	16.3651352811461	3.14399773047277	7.267635803102	7.238625	0.00535831514636647		26G4B12	4.1	2	0.233	2023-04-28
H5	0.250862754460517	0.00364252083652536	0.250763133326254	16.8190735937016	2.76415105907187	7.85798617330062	7.754625	0.0127321731982163		26G4B12	4.4	2	0.263	2023-04-28
H6	0.233353995906266	0.00906597022292314	0.223387717950444	14.3624869631591	3.10288849771817	7.8552052650808	7.787875	0.0115676873780355		26G4B12	4.7	2	0.244	2023-04-28
H7	0.22629293575387	0.00519957054416463	0.245023398195908	15.3046977244248	2.82890199737472	7.42273507443918	7.338	0.0109380043452567		26G4B12	5	2	0.236	2023-04-28
H8	0.23037121785137	0.00900643864939771	0.231789888720664	13.8136836600267	2.99041163696003	7.88226098221076	7.82025	0.0101392948307913		26G4B12	5.3	2	0.243	2023-04-28
H9	0.222726485978066	0.00619640277147876	0.242265476439054	14.6688691139885	2.86110588577535	7.44254222197265	7.359625	0.0110853906577725		26G4B12	5.6	2	0.233	2023-04-28
I1	0	0.00600000000000001	0	-2.48612193552866	9.45169863861684	0.0722964970917625	0.0620000000000001	0.000348387531650305	questionable fit (k < n0)	26G4B12	3.2	3	0.00600000000000001	2023-04-28
I10	0.182276134068999	0.00871381553689958	0.221140722890043	13.5281594522315	3.13441672570003	6.27980704758736	6.22925	0.0110854859190011		26G4B12	5.9	3	0.204	2023-04-28
I11	0.14346088446856	0.00972819168531737	0.165205452559048	15.863973661471	4.19566769633224	4.58208425093941	4.528	0.00958159398842833		26G4B12	6.2	3	0.165	2023-04-28
I12	0.102907917407214	0.00778939267804598	0.159350451309466	15.70350649791	4.3498287884596	3.29691727525417	3.274	0.00425740752728799		26G4B12	6.5	3	0.114	2023-04-28
I13	0.0981232835573237	0.00479268277560912	0.155914560176476	19.0428507787884	4.44568602044214	2.83609469829116	2.8095	0.00434046063426252		26G4B12	6.8	3	0.106	2023-04-28
I14	0	0.004878938143264	0	3.42339918967439	1.73282503719913	1.06402925640379	1.063	0.000542856911121729		26G4B12	7.1	3	0.025	2023-04-28
I15	0	0.00106446210340126	0	5.08719490465833	1.50871154894878	0.518550732577469	0.517375	0.00218706765864383		26G4B12	7.4	3	0.018	2023-04-28
I16	0	0.00206664845745922	0	4.17559939353346	1.33810668734903	0.878051100282228	0.878	0.00144709847206957		26G4B12	7.7	3	0.023	2023-04-28
I17	0	0.000159237545489238	0	3.81950188563371	0.614481021689959	0.532194699266746	0.53275	0.00343739352197241		26G4B12	8	3	0.024	2023-04-28
I18	0	0.00535023134899423	0	3.90368604620178	1.68175278229118	1.40716618790752	1.40725	0.00472571898134462		26G4B12	8.3	3	0.039	2023-04-28
I19	0	0.000334872162916209	0	7.47812391144064	1.33720982568617	0.670890276153824	0.67575	0.00563038787069405		26G4B12	8.6	3	0.03	2023-04-28
I2	0	0.000886737817783994	0	0.75603624485088	0.603432770119334	0.141415968812189	0.13175	0.000588170330289379		26G4B12	3.5	3	0.004	2023-04-28
I20	0	0.00250847017812612	0	7.30886609331818	2.37753128564618	0.957338903010502	0.96025	0.00496791323736166		26G4B12	8.9	3	0.037	2023-04-28
I21	0	0.00162617664507376	0	6.40837973275778	1.95196413110183	0.724680879185196	0.726125	0.00863751532057224		26G4B12	9.2	3	0.034	2023-04-28
I22	0	0.00509007093797795	0	8.01341999591132	4.0969260402859	0.964652621852013	0.965625	0.00424298888144505		26G4B12	9.5	3	0.033	2023-04-28
I23	0	0.00385375663140936	0	5.48446155914043	5.05476503375595	0.480196383403408	0.479624999999999	0.00387897275256226		26G4B12	9.8	3	0.022	2023-04-28
I24	0	0.00397288110866571	0	6.98596376019707	5.48475236070196	0.52302015246242	0.5215	0.00246620895728627		26G4B12	10.1	3	0.021	2023-04-28
I3	0.146276023388945	0.00184827625169246	0.21348676942024	20.4159064546801	3.24679221313015	4.05720978486466	4.0485	0.0030149175045263		26G4B12	3.8	3	0.145	2023-04-28
I4	0.207205002246884	0.00584074905916394	0.220011726982876	16.0912169059784	3.15050106676312	6.62691914215023	6.5765	0.00804180018284531		26G4B12	4.1	3	0.213	2023-04-28
I5	0.26446874913791	0.00641221268198675	0.23556763264987	15.6854074107554	2.94245509352376	8.57199385239931	8.485625	0.011321439249458		26G4B12	4.4	3	0.275	2023-04-28
I6	0.241853970020199	0.0103565183657251	0.200277702231915	15.5132234672412	3.46093036236906	7.85424090121432	7.784375	0.0112450271571089		26G4B12	4.7	3	0.252	2023-04-28
I7	0.238090576042285	0.0090172552474199	0.216439440805281	14.9459919455707	3.20249940575079	7.87575165155573	7.798375	0.0104791127105099		26G4B12	5	3	0.246	2023-04-28
I8	0.233450996135033	0.00965877822534064	0.219500417027024	14.318199950606	3.15783992553695	7.86536174920698	7.799375	0.0111976170988271		26G4B12	5.3	3	0.244	2023-04-28
I9	0.222879367365948	0.0108195139703439	0.199973466860525	14.8795600537864	3.46619574807588	7.37233706769965	7.294625	0.0117049876023909		26G4B12	5.6	3	0.234	2023-04-28
J1	0.003	0.000563297244085797	0.0129032871697676	848.361306461848	53.7186510259176	0.0376536697845613	0.0375	0.000811480801447493		26G3B03	3.2	1	0.003	2023-04-28
J10	0.190619735403839	0.00492609971479012	0.368833693884646	9.84061574066049	1.8792946307577	7.29847160821835	7.3175	0.00538960602324047		26G3B03	5.9	1	0.2	2023-04-28
J11	0.198628893048063	0.00646049429381603	0.408436337638477	8.30647501430385	1.69707520287648	7.90787098988317	7.926375	0.00998233283619782		26G3B03	6.2	1	0.224	2023-04-28
J12	0.173631148228968	0.0012256617419883	0.528735863226959	9.35508375774089	1.31095170342628	6.74231286072058	6.762125	0.0140781390280051		26G3B03	6.5	1	0.197	2023-04-28
J13	0.197336016134465	0.0019224487182571	0.500977060965517	9.2250100530005	1.38359065627489	7.68725821780166	7.702875	0.01149785305482		26G3B03	6.8	1	0.214	2023-04-28
J14	0.225167784933794	0.00408287511122593	0.378799243505515	10.5378917174264	1.82985365584515	8.46935394478061	8.48875	0.0110554665666394		26G3B03	7.1	1	0.293	2023-04-28
J15	0.224611344489904	0.0107633554172424	0.282217083463549	10.5915561404865	2.45607803770487	8.40815765802133	8.39225	0.0051597599144382		26G3B03	7.4	1	0.234	2023-04-28
J16	0.143673143428464	0.00677362072956985	0.288150654196354	10.4327768766976	2.40550271347853	5.4020257077284	5.398125	0.00568720782529745		26G3B03	7.7	1	0.156	2023-04-28
J17	0.121708744374595	0.0071131645499358	0.240282878181572	11.5674575938672	2.88471315894661	4.42803949641576	4.43025	0.00283985719957286		26G3B03	8	1	0.124	2023-04-28
J18	0.125404758311905	0.00757037570948929	0.168459228150985	16.2949660511711	4.11462873342087	3.95809630392763	3.9685	0.00258183367409772		26G3B03	8.3	1	0.128	2023-04-28
J19	0.109227091324495	0.00752727265139904	0.109420770673347	23.7934052699498	6.33469474117664	2.66135875736154	2.66975	0.00221454922875805		26G3B03	8.6	1	0.102	2023-04-28
J2	0	0.00805646494180718	0	-12.8872062443611	4.16522649084427	0.427809974303868	0.418875	0.000687988162119243	questionable fit	26G3B03	3.5	1	0.01	2023-04-28
J20	0.073	0.0114859913087847	0.0347193502015529	501.149740923809	19.9642901303188	1.43266460164551	1.455625	0.00859879957049764		26G3B03	8.9	1	0.073	2023-04-28
J21	0.025	0.01346509941736	0.000746000570614487	7055.17914143247	929.151005861824	0.660761158892376	0.658375	0.00248140768493419		26G3B03	9.2	1	0.025	2023-04-28
J22	0	0.0142168086163985	0	-59.95846352356	34.1960453613437	0.597166193579671	0.588625	0.00379510459288203	questionable fit (k < n0)	26G3B03	9.5	1	0.023	2023-04-28
J23	0	0.0103720351071306	0	-7.92622440179958	8.35079241372518	0.284379236520205	0.23525	0.00370084891660309	questionable fit (k < n0)	26G3B03	9.8	1	0.014	2023-04-28
J24	0	0.0073661193252508	0	-9.52933266130221	12.6291062767997	0.191349711682915	0.165625	0.00088321886365608	questionable fit (k < n0)	26G3B03	10.1	1	0.00800000000000001	2023-04-28
J3	0	0.0064517222626982	0	6.50364073533747	9.92759599508887	0.588263245609162	0.58725	0.00108490695151088		26G3B03	3.8	1	0.017	2023-04-28
J4	0.0872428648136029	0.015779170023876	0.0499465153809484	30.2423267513706	13.8777885759041	1.81563639603068	1.812375	0.000466383030957742		26G3B03	4.1	1	0.062	2023-04-28
J5	0.130240496196888	0.0205804878613584	0.113907903361167	14.6876666226872	6.08515441077154	4.19283458730293	4.177	0.00469386883231815		26G3B03	4.4	1	0.135	2023-04-28
J6	0.154854557696504	0.0158759463710998	0.0956631347933468	22.6786932467875	7.24570841272653	3.91204737357708	3.90625	0.00116843688302123		26G3B03	4.7	1	0.142	2023-04-28
J7	0.127322450104777	0.00336290075124752	0.274884029900282	13.1224479590525	2.52159858399702	4.45375622120888	4.457125	0.00303430134332752		26G3B03	5	1	0.132	2023-04-28
J8	0.145920963496406	0.00649838413214927	0.273266144670544	11.2196697959669	2.5365278285593	5.371860497058	5.396	0.00475795252933959		26G3B03	5.3	1	0.148	2023-04-28
J9	0.165909922734403	0.00261010705723022	0.419017823324051	9.87117111113983	1.65421884697228	6.35280836938424	6.34725	0.00280238599729718		26G3B03	5.6	1	0.172	2023-04-28
K1	0	0.00444523061139609	0	-2.74422939588852	103796.360280382	0.0356368881154449	0.0303749999999995	0.000601015351268853	questionable fit (k < n0)	26G3B03	3.2	2	0.00499999999999998	2023-04-28
K10	0.191503551333625	0.00406210227420895	0.392360286079238	9.76593712406606	1.76660891826336	7.34974210518524	7.384125	0.0069314394724345		26G3B03	5.9	2	0.201	2023-04-28
K11	0.168367668400729	0.000763075946172007	0.583555491944626	9.23991870484891	1.18779994384102	6.55826067520967	6.5725	0.012088156555581		26G3B03	6.2	2	0.188	2023-04-28
K12	0.178570004581572	0.00129012241635938	0.532149328759981	9.25114880831417	1.30254261933417	6.95261377156112	6.97275	0.0155508593301151		26G3B03	6.5	2	0.205	2023-04-28
K13	0.180938276062719	0.00111918954123067	0.533538863802845	9.52010587366774	1.299150310475	6.99651891480564	7.005625	0.012744433019621		26G3B03	6.8	2	0.203	2023-04-28
K14	0.236178168818005	0.00442184344050212	0.381592869033494	10.3752720299602	1.81645737331403	8.92161200991939	8.953	0.0133309329699552		26G3B03	7.1	2	0.316	2023-04-28
K15	0.203456578481417	0.0022999437521778	0.388532499876178	11.5079155957451	1.7840133857035	7.45923649300038	7.442375	0.00558238319055294		26G3B03	7.4	2	0.219	2023-04-28
K16	0.153634999896596	0.00505475460114598	0.31353798331817	10.782731467966	2.21072794187286	5.73217046767722	5.733125	0.00579719977267611		26G3B03	7.7	2	0.165	2023-04-28
K17	0.106187195322063	0.00188179754780436	0.29928825351956	13.4154802380745	2.31598524970057	3.68730782657036	3.68425	0.00321945152118368		26G3B03	8	2	0.109	2023-04-28
K18	0.125301170681107	0.007830667411518	0.160476308973336	16.8756344115812	4.31931158558187	3.8796623694727	3.886875	0.00254293503784725		26G3B03	8.3	2	0.126	2023-04-28
K19	0.121875463738981	0.000625366760619602	0.193979055787813	27.153819738996	3.57330938510265	2.57225524624857	2.626625	0.00676837565994407		26G3B03	8.6	2	0.119	2023-04-28
K2	0	0.00912771566151946	0	-47.4422133023464	6.72680655567616	0.437299621507931	0.4355	0.000602319631058299	questionable fit (k < n0)	26G3B03	3.5	2	0.011	2023-04-28
K20	0.04	0.0113138291081992	0.0260918760110576	709.757153023979	26.5656321632907	1.09142852542717	1.09	0.000635758705601939		26G3B03	8.9	2	0.04	2023-04-28
K21	0	0.000486861360558083	0	0.895558981873158	0.241221504399401	0.324786501067828	0.324999999999999	0.00581235201790827		26G3B03	9.2	2	0.022	2023-04-28
K22	0	0.0105209198018028	0	-8.65110719200726	2.48792229628199	0.549101550681499	0.54725	0.00434237694956092	questionable fit	26G3B03	9.5	2	0.025	2023-04-28
K23	0	0.00772545651460489	0	-28.0103034480611	39.4975007714416	0.254243789271916	0.19825	0.00231018074470032	questionable fit (k < n0)	26G3B03	9.8	2	0.012	2023-04-28
K24	0	0.0078060714238139	0	-13.0907197682449	8.86878135011782	0.268963147271097	0.231	0.00130006791156412	questionable fit (k < n0)	26G3B03	10.1	2	0.00900000000000001	2023-04-28
K3	0	0.000253307206663709	0	14.7888863466694	4.18842557929285	0.104767081135956	0.106625	0.00047586794923683		26G3B03	3.8	2	0.004	2023-04-28
K4	0.0917480177346255	0.0151389460071127	0.0398027691797757	40.7369864927473	17.4145466469741	1.54975173238739	1.546375	0.000585962248414841		26G3B03	4.1	2	0.053	2023-04-28
K5	0.0928033953704878	0.00400707133503255	0.12608161674832	24.5736428430303	5.49760701390422	2.19660245156129	2.172375	0.00275221931072305		26G3B03	4.4	2	0.093	2023-04-28
K6	0.162851324338859	0.0127574282106451	0.0996377805417572	24.74109070202	6.95667021877764	3.83762886481816	3.8345	0.000639150603947825		26G3B03	4.7	2	0.147	2023-04-28
K7	0.121542968841093	0.00211102068218066	0.298558787921906	13.5168527432088	2.32164387250009	4.20833905734351	4.204375	0.00289513269428491		26G3B03	5	2	0.127	2023-04-28
K8	0.144822946807678	0.00695521247147891	0.236199898814937	12.6452357487579	2.9345786515473	5.11906676997761	5.136625	0.00454758705217266		26G3B03	5.3	2	0.148	2023-04-28
K9	0.151837841453104	0.000949032810584976	0.499017725781738	10.1576654379078	1.38902316440582	5.77431601692953	5.780375	0.00312208817433369		26G3B03	5.6	2	0.157	2023-04-28
L1	0	0	0	0	0	0	0	0	cannot fit data	26G3B03	3.2	3	0	2023-04-28
L10	0.204429847915974	0.00425375043498866	0.415168103219826	9.2767155944517	1.66955788555108	7.9466704224956	7.971625	0.00806584927148213		26G3B03	5.9	3	0.218	2023-04-28
L11	0.185756858365349	0.00396222701637428	0.44898045499661	8.52168811165518	1.54382484325555	7.36154654777665	7.384375	0.0109893958188591		26G3B03	6.2	3	0.203	2023-04-28
L12	0.178447746807614	0.00127781362698469	0.520747116803312	9.47092873638756	1.33106292515826	6.90860329868572	6.926375	0.0149969688614134		26G3B03	6.5	3	0.204	2023-04-28
L13	0.19216700865728	0.00130229550013018	0.558615503528294	8.92820976295566	1.24083054656008	7.54434984815166	7.577375	0.017794756260469		26G3B03	6.8	3	0.223	2023-04-28
L14	0.228895895218196	0.00321634004813394	0.414275790107269	10.2609713506046	1.67315396436868	8.67620559836817	8.713	0.0177802899845264		26G3B03	7.1	3	0.33	2023-04-28
L15	0.21963264699918	0.00424077734388015	0.358304889166561	10.961928093006	1.93451778504125	8.16668485278646	8.17425	0.00731326222785469		26G3B03	7.4	3	0.232	2023-04-28
L16	0.150298504381961	0.00788324882692907	0.234464001539775	12.3430761198175	2.95630534328468	5.3548071089443	5.33375	0.00676004054119328		26G3B03	7.7	3	0.164	2023-04-28
L17	0.135157103216637	0.00420470427540623	0.272575332186038	12.615337927582	2.5429563820062	4.79384181825975	4.8135	0.00444636599095865		26G3B03	8	3	0.137	2023-04-28
L18	0.127001116920972	0.00742988105440212	0.165453127822527	16.7926862223526	4.1893869864065	3.94669331266373	3.958875	0.00267881571024209		26G3B03	8.3	3	0.126	2023-04-28
L19	0.0933394667167369	0.00649050984713562	0.108684640960828	23.8656481031763	6.37760013220054	2.26836014595422	2.275	0.00149134180039151		26G3B03	8.6	3	0.086	2023-04-28
L2	0	0.00857421387379838	0	-2.14530835620531	1.17773651391277	0.525540528354447	0.50975	0.000569500273253764	questionable fit	26G3B03	3.5	3	0.011	2023-04-28
L20	0.039	0.013189310028797	0.0220007868945561	654.651846072105	31.5055631365376	1.13161230829592	1.12925	0.00410369136147627		26G3B03	8.9	3	0.039	2023-04-28
L21	0	0.0091879366343297	0	-1.30178853502375	1.50942792935481	0.672844589973401	0.671	0.00377907349803796	questionable fit	26G3B03	9.2	3	0.027	2023-04-28
L22	0	0.00573259998068548	0	0.225963470819739	0.326077361691287	0.716208368295602	0.642375	0.00340748308902008		26G3B03	9.5	3	0.021	2023-04-28
L23	0	0.00631403450614041	0	-15.937486878704	64.069127314749	0.154530383125678	0.1335	0.00266114698840963	questionable fit (k < n0)	26G3B03	9.8	3	0.00900000000000001	2023-04-28
L24	0	0	0	0	0	0	0	0	cannot fit data	26G3B03	10.1	3	0.01	2023-04-28
L3	0	0.0232007129731997	0	-1.19734399465596	0.280263643263974	1.06086659376498	1.036375	0.00129428755309382	questionable fit (k < n0)	26G3B03	3.8	3	0.024	2023-04-28
L4	0	0.0144882831622144	0	32.5097132846512	16.2400538183331	1.46134557546544	1.45775	0.000869827477159102		26G3B03	4.1	3	0.05	2023-04-28
L5	0	0.00682555402427178	0	20.0023306130121	5.6576765725443	2.38785309589058	2.376625	0.00225212829953481		26G3B03	4.4	3	0.087	2023-04-28
L6	0.145685342716138	0.0122367040491011	0.103908366972303	22.994074303715	6.67075424970062	3.64770455577413	3.647	0.00148978420544308		26G3B03	4.7	3	0.134	2023-04-28
L7	0.119266329055424	0.00216353020305841	0.282631711666911	14.1219501070938	2.45247490620174	4.05663324918536	4.0565	0.00344378446025008		26G3B03	5	3	0.127	2023-04-28
L8	0.167851889351285	0.00530069987450589	0.294538776904168	11.6220829619621	2.35333081723725	6.12135089250454	6.1415	0.00467387575844212		26G3B03	5.3	3	0.174	2023-04-28
L9	0.147909563244799	0.00115572107284942	0.476900644590708	10.1573194341145	1.4534414839276	5.6244022670813	5.626625	0.00404098714384074		26G3B03	5.6	3	0.157	2023-04-28
M1	0	0.012	0	-3.27451114835224	3.27451114835223	0.308844875172416	0.285375	0.00191561187204378	questionable fit (k < n0)	35G2A07	3.2	1	0.012	2023-04-28
M10	0.311732150750304	0.0114555136218017	0.352262947041365	9.27214470848074	1.96769823900483	12.1018460735961	12.094875	0.0129089601485227		35G2A07	5.9	1	0.33	2023-04-28
M11	0.2893078160135	0.00824197042478905	0.350019556851892	10.0832923594583	1.98030986266646	11.0034933120474	10.98225	0.0142764270688073		35G2A07	6.2	1	0.314	2023-04-28
M12	0.276694430943099	0.0124725414031809	0.31291250436164	9.75755093819949	2.21514695289664	10.5959541508777	10.592375	0.0137678653978859		35G2A07	6.5	1	0.301	2023-04-28
M13	0.26132208154518	0.0089997555231566	0.352127738673225	9.4667632302953	1.96845378660494	10.0957696644987	10.08225	0.0116101971409075		35G2A07	6.8	1	0.278	2023-04-28
M14	0.288172397396379	0.00913424060449613	0.332971339385733	10.2691075016306	2.08170223250645	10.9026823209351	10.945875	0.0143145223721563		35G2A07	7.1	1	0.301	2023-04-28
M15	0.252563566421732	0.0109484843278995	0.323012197497345	9.57903411955287	2.14588546788746	9.71953014634801	9.7295	0.0141626686997624		35G2A07	7.4	1	0.272	2023-04-28
M16	0.217043700719663	0.0214932253521564	0.255463402567538	8.64343277491938	2.71329346432193	8.49688090762521	8.493	0.0111279383509303		35G2A07	7.7	1	0.229	2023-04-28
M17	0.179837062800706	0.0138638811681153	0.313083149786908	7.9293288043231	2.21393959090969	7.19602940425323	7.18475	0.00641823549684704		35G2A07	8	1	0.192	2023-04-28
M18	0.201254217399077	0.0250370904684236	0.177195559725605	11.0124574753421	3.91176382542155	7.33476441465463	7.312125	0.0061568787996645		35G2A07	8.3	1	0.208	2023-04-28
M19	0.115348401664071	0.0109684563465035	0.314993514346935	7.15257270781828	2.20051254705045	4.6981341377146	4.681375	0.00597703009863171		35G2A07	8.6	1	0.12	2023-04-28
M2	0	0.017	0	-24.2533731243643	9.69165627335565	0.711699297481257	0.68	0.00181629982843375	questionable fit (k < n0)	35G2A07	3.5	1	0.017	2023-04-28
M20	0.138687171016171	0.0316704727094871	0.155807565867326	7.81476873676185	4.44873890880354	5.37176995244174	5.361875	0.00934030378402109		35G2A07	8.9	1	0.145	2023-04-28
M21	0	0.00338509204761653	0	6.09961238001531	1.41192299297567	2.98204265862286	2.958375	0.00683556136774794		35G2A07	9.2	1	0.081	2023-04-28
M22	0.171682844725641	0.0464979986469048	0.0245122361691621	40.4035819082458	28.2775988194813	3.3436801082735	3.336	0.0121693242770664		35G2A07	9.5	1	0.101	2023-04-28
M23	0	0.00663001700075584	0	5.43237005168131	1.95226297551734	2.21465229132428	2.213625	0.00438966146940686		35G2A07	9.8	1	0.06	2023-04-28
M24	0	0.0146619296080525	0	2.00149940414461	2.0232311281279	1.96989848022182	1.966875	0.00620915865461757		35G2A07	10.1	1	0.06	2023-04-28
M3	0.131131070755828	0.00167947415804047	0.480754790730404	9.03751014102065	1.44178944011532	5.13186683004478	5.130875	0.00975669444101987		35G2A07	3.8	1	0.147	2023-04-28
M4	0.212145399370328	0.00713826548744671	0.401567432125874	8.36117347035928	1.72610407395457	8.4334829418695	8.452	0.00588778783146474		35G2A07	4.1	1	0.219	2023-04-28
M5	0.220098401514618	0.00354198488532444	0.437195862007932	9.40805754065971	1.58543856608453	8.52981591656273	8.5015	0.00567285177777539		35G2A07	4.4	1	0.228	2023-04-28
M6	0.236555368680665	0.00856267679810813	0.378661647257766	8.66710623516237	1.83051857926372	9.32862032650803	9.339375	0.00472390152755935		35G2A07	4.7	1	0.242	2023-04-28
M7	0.255875106833875	0.00586117672036508	0.402567450594354	9.32307428797215	1.72181625597543	9.93283771137067	9.89225	0.00855691670544531		35G2A07	5	1	0.266	2023-04-28
M8	0.269085572095353	0.0086819562091963	0.371761771231038	9.14829384383513	1.86449289356644	10.4844377051168	10.47425	0.00791064839979733		35G2A07	5.3	1	0.279	2023-04-28
M9	0.273115720777524	0.00525969174862569	0.414145327048148	9.49033334977597	1.67368103728323	10.5593187202975	10.52	0.0112977848664153		35G2A07	5.6	1	0.288	2023-04-28
N1	0	0.0288596637958157	0	-31.1805614395872	7.88195862783768	1.32155723674176	1.301	0.00141008371687113	questionable fit (k < n0)	35G2A07	3.2	2	0.03	2023-04-28
N10	0.314799956665357	0.0101527737485294	0.350274765611363	9.71068349697845	1.97886701701203	12.0868861002511	12.081625	0.0124362831451948		35G2A07	5.9	2	0.335	2023-04-28
N11	0.305322610095321	0.0102887489368987	0.343942895888257	9.75754757979581	2.01529727418804	11.7068369475956	11.70925	0.0154848915430343		35G2A07	6.2	2	0.33	2023-04-28
N12	0.27510015941828	0.0105663025404711	0.316565269809343	10.1726235371171	2.18958694040381	10.4272301844486	10.426125	0.0139969151491002		35G2A07	6.5	2	0.3	2023-04-28
N13	0.283724456274398	0.0135058600439429	0.328223849686216	9.12824458484619	2.1118123537415	11.0433761436734	11.05475	0.0145430671179857		35G2A07	6.8	2	0.305	2023-04-28
N14	0.28420669272396	0.0145382892537692	0.317648821992387	9.19382368034892	2.18211790055547	11.0387605724816	11.059625	0.0142951445062144		35G2A07	7.1	2	0.295	2023-04-28
N15	0.281813148011368	0.0160749226773237	0.316937922772428	8.85110631257198	2.18701244236288	11.0367372444324	11.059	0.0154654927509083		35G2A07	7.4	2	0.301	2023-04-28
N16	0.221449364106154	0.0199616416535567	0.260807649683678	8.86444832774144	2.65769497712445	8.63059135294707	8.618125	0.0102764949720794		35G2A07	7.7	2	0.233	2023-04-28
N17	0.236109996442599	0.0190106908222701	0.259187865604315	9.39609335872236	2.67430413435376	9.08549502131802	9.077	0.00800615073997817		35G2A07	8	2	0.245	2023-04-28
N18	0.161956290135716	0.0263461831189587	0.224759073023992	7.28985252911629	3.08395639488135	6.49775074953696	6.47725	0.00682594797370291		35G2A07	8.3	2	0.168	2023-04-28
N19	0.168301673305957	0.0269005482951776	0.226124045268287	7.33868898626201	3.06534044063095	6.74742912743791	6.739375	0.00593767299689675		35G2A07	8.6	2	0.174	2023-04-28
N2	0	0.015	0	-29.545707828526	10.1640247050099	0.652923160193794	0.63325	0.00112341822802203	questionable fit (k < n0)	35G2A07	3.5	2	0.015	2023-04-28
N20	0.121410568029578	0.0243968450257405	0.197555110723631	6.98741032814462	3.50862692451233	4.8659263788666	4.852875	0.00897269819731502		35G2A07	8.9	2	0.13	2023-04-28
N21	0.112778518270635	0.0274792845661949	0.210244761965847	5.38768732226405	3.29685826214564	4.67854441740403	4.66775	0.00587864810675307		35G2A07	9.2	2	0.118	2023-04-28
N22	0.102685666950402	0.0413271543587978	0.0486998303885791	8.11530837961339	14.2330512248047	3.31025324097713	3.302	0.0127521825590942		35G2A07	9.5	2	0.1	2023-04-28
N23	0	0.0293722218962727	0	3.5278180319654	6.21550429588883	2.92408474337719	2.917	0.0076783896812894		35G2A07	9.8	2	0.081	2023-04-28
N24	0	0.00950065543329563	0	5.37114336571225	3.4433295729316	1.55216011026345	1.549125	0.00728394944817067		35G2A07	10.1	2	0.066	2023-04-28
N3	0.153888903142479	0.0170665976629097	0.33283732319632	6.25398565124296	2.0825404251647	6.40063497172599	6.415125	0.0123343719331342		35G2A07	3.8	2	0.174	2023-04-28
N4	0.194031173357405	0.00545378768112231	0.413586613130535	8.5670038381301	1.6759420120331	7.67660744965301	7.703625	0.0066126264911342		35G2A07	4.1	2	0.2	2023-04-28
N5	0.233330104932457	0.0080070828757898	0.378303228112824	8.8215174198169	1.83225288353401	9.16658339128411	9.165125	0.0053259946166585		35G2A07	4.4	2	0.242	2023-04-28
N6	0.230174751947075	0.00676620422737051	0.390097800116261	8.9645773253518	1.7768548819126	9.01333494161727	9.018375	0.00401252656770305		35G2A07	4.7	2	0.236	2023-04-28
N7	0.272910432355846	0.0114954361052802	0.353753261203688	8.83146366397393	1.95940859513614	10.7108092903278	10.7065	0.00642852164575823		35G2A07	5	2	0.283	2023-04-28
N8	0.272533263530611	0.00713758432785673	0.392601333190595	9.20997242262461	1.76552426586754	10.6075813705913	10.59675	0.00827040703323531		35G2A07	5.3	2	0.283	2023-04-28
N9	0.290656479734504	0.00720569702454223	0.394622091737795	9.3055270155034	1.75648346879805	11.2863601279407	11.27025	0.0107229943134384		35G2A07	5.6	2	0.307	2023-04-28
O1	0	0.00109958452383299	0	-30.0491252336296	8.67245366585985	0.0493634097456411	0.034875	0.000709542147388735	questionable fit (k < n0)	35G2A07	3.2	3	0.004	2023-04-28
O10	0.313671538870586	0.00994228266385559	0.337619394203905	10.1277951449044	2.05304313810041	11.9121573824878	11.903375	0.01257943593518		35G2A07	5.9	3	0.333	2023-04-28
O11	0.314048926563286	0.00656406978540664	0.361336544372068	10.6460724634431	1.91828695811684	11.7753258873693	11.77575	0.0147336662847225		35G2A07	6.2	3	0.342	2023-04-28
O12	0.292255981984434	0.0110270595409985	0.325550829811125	9.94872843616926	2.12915193907535	11.1445577009821	11.142875	0.0146501529469907		35G2A07	6.5	3	0.321	2023-04-28
O13	0.286439414286047	0.00547053998265549	0.371470012269121	10.6034577134534	1.8659572984798	10.7541834696397	10.788375	0.0164347941336335		35G2A07	6.8	3	0.317	2023-04-28
O14	0.302606672226458	0.0124984952430688	0.313636670781121	10.0263965089469	2.2100323244525	11.5108125702547	11.567875	0.0195484961493376		35G2A07	7.1	3	0.319	2023-04-28
O15	0.266449483058574	0.00545866888790401	0.351139638313919	11.01351093233	1.97399297865731	9.89254136804897	9.947375	0.0205455694831423		35G2A07	7.4	3	0.291	2023-04-28
O16	0.23087733312565	0.0211013537325461	0.251199219825222	9.14295435215767	2.75935244162868	8.92928038332787	8.932875	0.0108897439913708		35G2A07	7.7	3	0.244	2023-04-28
O17	0.180462849475329	0.0164681818459353	0.250843989859384	9.16268222292712	2.76326006833373	6.97593338666464	6.969375	0.00593257482338679		35G2A07	8	3	0.192	2023-04-28
O18	0.15697309141039	0.0298100031308401	0.21246461620019	6.82761410130026	3.26241231578458	6.33882175951056	6.324125	0.00610578683327491		35G2A07	8.3	3	0.165	2023-04-28
O19	0.103040523995543	0.0135810311798627	0.248770367237608	7.57771874745311	2.78629319181693	4.12718799174373	4.127375	0.00719091280392511		35G2A07	8.6	3	0.113	2023-04-28
O2	0	0.0150001415600812	0	-5.38213777569362	0.322414941412162	0.72299589917919	0.64725	0.00269502464986298	questionable fit (k < n0)	35G2A07	3.5	3	0.017	2023-04-28
O20	0.139952626263984	0.0307676723656955	0.139055221323801	9.10845861591332	4.98469006745097	5.22543826955389	5.221875	0.0109334433372524		35G2A07	8.9	3	0.147	2023-04-28
O21	0	0.00683501217628568	0	3.5663263683491	1.27645366781109	2.40733007149472	2.4085	0.00789108720337054		35G2A07	9.2	3	0.081	2023-04-28
O22	0	0.0131428890853197	0	3.74648170575319	1.85632405741992	2.9117076293332	2.906625	0.00996573366663986		35G2A07	9.5	3	0.091	2023-04-28
O23	0	0.00216867110340108	0	3.44490497990106	1.02164446568494	1.09852021485221	1.098625	0.00637951622380988		35G2A07	9.8	3	0.041	2023-04-28
O24	0.068	0.0200050046000649	0.0163000629314046	839.745690524085	42.524202727125	1.46520790842734	1.462625	0.00730691989542159		35G2A07	10.1	3	0.068	2023-04-28
O3	0.11814417703214	0.00190215997862473	0.448448933822591	9.17090885961277	1.54565465158215	4.60675088275194	4.6185	0.0106447509271886		35G2A07	3.8	3	0.137	2023-04-28
O4	0.197339428898271	0.00477365239017438	0.412549745511788	8.96213394768836	1.68015418286118	7.73140995940214	7.763875	0.00794177070654105		35G2A07	4.1	3	0.206	2023-04-28
O5	0.213462290805554	0.0047007665545453	0.40623235819206	9.3381703834572	1.70628254146174	8.28377501840323	8.2885	0.00386107206528188		35G2A07	4.4	3	0.22	2023-04-28
O6	0.233581593477066	0.00730544000866306	0.374839499691351	9.15895175635133	1.84918393373882	9.09940485376295	9.110375	0.00419424320906995		35G2A07	4.7	3	0.239	2023-04-28
O7	0.249023603999327	0.00622743495740107	0.375338872175944	9.75986775868492	1.84672367277489	9.55562897514728	9.5345	0.00689420904873585		35G2A07	5	3	0.259	2023-04-28
O8	0.274040814881728	0.00866335411486137	0.354900312377372	9.64228859387108	1.95307571277342	10.5415065610885	10.526625	0.00902295239220491		35G2A07	5.3	3	0.286	2023-04-28
O9	0.289557805749347	0.00543639277553393	0.395172764971669	10.0115348520224	1.75403580914702	11.0438001603561	11.021625	0.0104752772284405		35G2A07	5.6	3	0.306	2023-04-28
