sample	k	n0	r	t_mid	t_gen	auc_l	auc_e	sigma	note	strain	pH	replicate	max.OD	date
A1	0	0.0000000538639098398492	0	18.114915128651	0.986432200947307	0.546834599310452	0.543375	0.00304916793805324		23G1A07	3.2	1	0.023	2025-10-24
A10	0.104585264382802	0.00451699597068383	0.266980904169154	11.6038466578316	2.59624253920715	3.81063956310997	3.81975	0.00488392034281186		23G1A07	5.9	1	0.111	2025-10-24
A11	0.0982491523872598	0.00408653128237365	0.345870814908287	9.07080519965741	2.00406380267657	3.83280660616396	3.86849986111111	0.0132629847460684		23G1A07	6.2	1	0.119	2025-10-24
A12	0.0967623325974665	0.0109899866060037	0.130027270535331	15.8021627972316	5.33078313269372	3.05656134613932	3.08175013888889	0.00741525530125105		23G1A07	6.5	1	0.095	2025-10-24
A13	0	0.0109088346728798	0	21.0064730559723	8.50304605816202	1.88637201470359	1.88475041666667	0.00248037614158402		23G1A07	6.8	1	0.064	2025-10-24
A14	0	0.00960242060830993	0	25.068910288056	12.2157251351846	1.16293130641154	1.16087541666667	0.00193793315177471		23G1A07	7.1	1	0.042	2025-10-24
A15	0	0.00872643537338734	0	2.65159064908218	2.58138705394881	1.16826294494672	1.16787444444444	0.00236690612790957		23G1A07	7.4	1	0.043	2025-10-24
A16	0	0.00789864332247211	0	-0.384124615506442	3.3302303791864	0.684522208976481	0.683999861111111	0.00217578384100477	questionable fit	23G1A07	7.7	1	0.02	2025-10-24
A17	0	0.00647868429076895	0	1.29142517266146	3.03749586042979	0.675018856287511	0.672999999999999	0.000960830716789405		23G1A07	8	1	0.018	2025-10-24
A18	0	0.00673405733773561	0	752.636825694564	34.2607011088114	0.549815940257626	0.549375138888889	0.00517783183474281		23G1A07	8.3	1	0.042	2025-10-24
A19	0	0.00649974207697025	0	653.296011451771	27.2386185100239	0.615531981969306	0.621249999999999	0.0066405034073315		23G1A07	8.6	1	0.052	2025-10-24
A2	0	0.0129482798134979	0	-10.0827504947925	3.68995281541955	0.53979987182112	0.526124999999999	0.00204565783182384	questionable fit (k < n0)	23G1A07	3.5	1	0.019	2025-10-24
A20	0	0.00517488615980972	0	-0.00468184496080983	0.575298158294658	0.491591379866846	0.491374999999999	0.0033034775335197	questionable fit	23G1A07	8.9	1	0.017	2025-10-24
A21	0	0.00471751290156748	0	0.448616572021728	0.656648552255072	0.581397581424814	0.581249861111111	0.0030404577386019		23G1A07	9.2	1	0.017	2025-10-24
A22	0	0.00152808946609282	0	203.164460656505	7.56110046060982	1.36715923655611	1.42725069444444	0.00463778326037541		23G1A07	9.5	1	0.118	2025-10-24
A23	0	0	0	0	0	0	0	0	cannot fit data	23G1A07	9.8	1	0.019	2025-10-24
A24	0	0	0	0	0	0	0	0	cannot fit data	23G1A07	10.1	1	0.025	2025-10-24
A3	0.0974899109672895	0.0145288735760445	0.129641886535453	13.438813369334	5.34662985153639	3.2762194472307	3.27787513888889	0.00281448490337355		23G1A07	3.8	1	0.099	2025-10-24
A4	0.0922153496248603	0.00962749608909312	0.139688322470842	15.3859635479046	4.96209825058663	2.9603083553595	2.95687513888889	0.00220775149204681		23G1A07	4.1	1	0.096	2025-10-24
A5	0.114101319132962	0.0149796524248871	0.11974893837311	15.7801422099971	5.78833674834144	3.58500852072571	3.57462527777778	0.00273665188845414		23G1A07	4.4	1	0.119	2025-10-24
A6	0.115976719887986	0.012575523825275	0.132699231297336	15.8769884161617	5.2234453341092	3.66085316269186	3.64125027777778	0.00539634221110617		23G1A07	4.7	1	0.124	2025-10-24
A7	0.131202888859555	0.0181451184880429	0.105809461594064	17.2904892627439	6.55089979778173	3.91767680269498	3.89950055555556	0.00550382736524017		23G1A07	5	1	0.132	2025-10-24
A8	0.112554453359898	0.00799562776075916	0.199011230244123	12.9181402069099	3.48295510614991	3.93049081636431	3.92712486111112	0.00273115335972229		23G1A07	5.3	1	0.115	2025-10-24
A9	0.132406151236699	0.0081945582930376	0.177082999226854	15.3516498295651	3.91425028707574	4.30440034708605	4.29200013888889	0.00407372303256102		23G1A07	5.6	1	0.134	2025-10-24
B1	0	0.000000000000182651371539468	0	16.9032591510382	0.488028191126374	0.152619456917841	0.1525	0.0016219117404457		23G1A07	3.2	2	0.00799999999999999	2025-10-24
B10	0.0971237250979648	0.00441633820636648	0.274756894738007	11.0793844342449	2.52276537489948	3.58931369958445	3.60199986111111	0.00630927907651244		23G1A07	5.9	2	0.106	2025-10-24
B11	0.0918754826816796	0.00381704347590037	0.354842261211515	8.84484418928158	1.95339523030143	3.60522115720378	3.63787472222222	0.0122908585650525		23G1A07	6.2	2	0.111	2025-10-24
B12	0.0968470396577579	0.0106349493804178	0.150329256486599	13.9205420571882	4.61086016627598	3.24909351033557	3.27025	0.00762674352942267		23G1A07	6.5	2	0.098	2025-10-24
B13	0	0.0125810815734386	0	24.8687658217491	10.1446855734724	1.91954877398885	1.91925027777778	0.00186465175917007		23G1A07	6.8	2	0.067	2025-10-24
B14	0	0.0103733700534561	0	619.289851183742	26.2179389410303	1.01100032304133	1.00887527777778	0.00173074445641494		23G1A07	7.1	2	0.044	2025-10-24
B15	0	0	0	0	0	0	0	0	cannot fit data	23G1A07	7.4	2	0.02	2025-10-24
B16	0	0.0139111302280667	0	248892.527933436	14302.6091052243	0.671366062778413	0.668375277777777	0.00201699043858942		23G1A07	7.7	2	0.022	2025-10-24
B17	0	0.0128261636025283	0	-6.47483225602461	4.69906625275467	0.817022914112069	0.815	0.0015462838021038	questionable fit	23G1A07	8	2	0.025	2025-10-24
B18	0	0.00873771766401243	0	-11.4738050923462	9.36561542461516	0.27791500159411	0.259125	0.00185074569757214	questionable fit (k < n0)	23G1A07	8.3	2	0.012	2025-10-24
B19	0	0.00467931753336686	0	-0.00774205527880133	0.0672994417619499	0.433270949893744	0.422874999999999	0.00272748992584877	questionable fit	23G1A07	8.6	2	0.015	2025-10-24
B2	0	0	0	0	0	0	0	0	cannot fit data	23G1A07	3.5	2	0.016	2025-10-24
B20	0	0.0055260509637613	0	1.66686855750942	2.70089991426841	0.624243581428685	0.622750138888888	0.00224020785081761		23G1A07	8.9	2	0.021	2025-10-24
B21	0	0.00330415750054205	0	322.092014872731	11.7920484323563	0.899672651722884	0.985499583333333	0.0109594586485692		23G1A07	9.2	2	0.097	2025-10-24
B22	0	0.00618391072427747	0	0.0230520167437985	1.05012775646234	0.587526239452002	0.586124305555555	0.00284261651979641		23G1A07	9.5	2	0.016	2025-10-24
B23	0	0	0	0	0	0	0	0	cannot fit data	23G1A07	9.8	2	0.048	2025-10-24
B24	0	0	0	0	0	0	0	0	cannot fit data	23G1A07	10.1	2	0.012	2025-10-24
B3	0.0927981426688108	0.0117076939729669	0.136596927504184	14.1681001718354	5.0743980353344	3.07338558646306	3.07325	0.00176006802747632		23G1A07	3.8	2	0.094	2025-10-24
B4	0.0923943379481246	0.0108021056519308	0.139661826378025	14.4777784633834	4.96303964036523	3.03985445965358	3.03312513888889	0.00168997424202286		23G1A07	4.1	2	0.095	2025-10-24
B5	0.105137329587422	0.0132224102059883	0.132490030361833	14.6346877693826	5.23169312186694	3.43204254642879	3.421625	0.00256908552574003		23G1A07	4.4	2	0.112	2025-10-24
B6	0.102862003478335	0.0123656288725637	0.136553530809035	14.5758884427451	5.07601067840043	3.37024434985308	3.35300027777778	0.00452796502733827		23G1A07	4.7	2	0.114	2025-10-24
B7	0.109651897714606	0.0154529238469335	0.118723119425375	15.225434321067	5.83835047389931	3.49417472751556	3.47537541666667	0.00504040322680746		23G1A07	5	2	0.118	2025-10-24
B8	0.108888503554398	0.00762738908874132	0.211009598077826	12.2551623219385	3.2849083021536	3.87728014226158	3.87562486111111	0.00342567901684592		23G1A07	5.3	2	0.111	2025-10-24
B9	0.107277730643327	0.00703348105858673	0.207398337141209	12.8107485586922	3.34210577632554	3.76224482543553	3.76012513888889	0.00481551107308596		23G1A07	5.6	2	0.114	2025-10-24
C1	0	0.000107912800633055	0	420.626040579122	20.2954232372804	0.0132325035778917	0.013125	0.000843471721605949		23G1A04	3.2	1	0.00499999999999999	2025-10-24
C10	0	0.012981808581542	0	16.662949886793	6.84549339240496	2.51603433607893	2.513625	0.00185335271927949		23G1A04	5.9	1	0.081	2025-10-24
C11	0	0.0132076390484811	0	3.12588779289529	4.0970963688273	1.50828769215741	1.50525013888889	0.0023968532302463		23G1A04	6.2	1	0.042	2025-10-24
C12	0	0.0142901847042009	0	1.38605720523691	3.29403692782196	1.47606748517986	1.47525013888889	0.00440710969456375		23G1A04	6.5	1	0.039	2025-10-24
C13	0	0.00463316770623898	0	5.12748051269595	1.88003275770178	1.50782190004151	1.51225	0.00487710450310699		23G1A04	6.8	1	0.049	2025-10-24
C14	0	0.00576891376843763	0	0.187977580938071	0.551172018315126	0.621829397225269	0.622000138888887	0.00497376441713973		23G1A04	7.1	1	0.031	2025-10-24
C15	0	0.00917726832526777	0	-0.0735263612346453	0.507358859592263	0.834255241978053	0.83312486111111	0.00612820225338953	questionable fit	23G1A04	7.4	1	0.028	2025-10-24
C16	0	0.005598612805325	0	0.285635077094836	0.342913503280993	0.742747401257601	0.74275	0.00547527081246145		23G1A04	7.7	1	0.029	2025-10-24
C17	0	0.00861202433813499	0	-0.0282309248743252	0.59498284146344	0.807004150180925	0.805250277777777	0.00490381751115057	questionable fit	23G1A04	8	1	0.025	2025-10-24
C18	0	0.00624857121812056	0	0.68736682943232	0.959907115938468	0.773788380759873	0.7735	0.00262114140717462		23G1A04	8.3	1	0.029	2025-10-24
C19	0	0.00575308479381127	0	0.721614190516846	0.866510292866822	0.750816703139643	0.746499999999999	0.00307078691132261		23G1A04	8.6	1	0.022	2025-10-24
C2	0	0.014	0	-9.65224857872787	11.9553969574229	0.373234008221791	0.307499861111111	0.00240778978648376	questionable fit (k < n0)	23G1A04	3.5	1	0.014	2025-10-24
C20	0	0.0104638673217707	0	-0.87595019484197	0.979918224188836	0.766060834252184	0.764749999999999	0.00360688860474204	questionable fit	23G1A04	8.9	1	0.03	2025-10-24
C21	0	0.00645795649261027	0	0.107021444563994	0.265230507395936	0.718233773350649	0.685749722222222	0.00456908448633429		23G1A04	9.2	1	0.021	2025-10-24
C22	0	0.00650546216907049	0	461.050408756956	18.2141906868907	0.899468975156675	0.93537486111111	0.0133014575561018		23G1A04	9.5	1	0.089	2025-10-24
C23	0	0.00737565856735447	0	-0.343226938720884	1.07456820873699	0.628348828094574	0.627624999999999	0.00492465926566599	questionable fit	23G1A04	9.8	1	0.022	2025-10-24
C24	0	0	0	0	0	0	0	0	cannot fit data	23G1A04	10.1	1	0.014	2025-10-24
C3	0	0.0178783447736271	0	3.34165622121535	6.81989011149371	1.70553026982541	1.70262569444445	0.00149917663978974		23G1A04	3.8	1	0.045	2025-10-24
C4	0.114539280114734	0.0153533645090911	0.0573496167717692	32.5313662614028	12.0863437208033	2.18978679392344	2.18925	0.00296094963386399		23G1A04	4.1	1	0.079	2025-10-24
C5	0.0867114940760134	0.0134606597548971	0.0964892383879772	17.5575880502734	7.18367345561216	2.55138605201788	2.5535	0.00234070115443905		23G1A04	4.4	1	0.084	2025-10-24
C6	0.0914108720174387	0.0087769245198609	0.121604956337376	18.4391704620968	5.69999119638597	2.66489004018887	2.67537513888889	0.00293725286398103		23G1A04	4.7	1	0.089	2025-10-24
C7	0.100665194799041	0.0127750075192059	0.0961049995807866	20.0676077951537	7.21239460572788	2.75813543395902	2.75887527777778	0.00276022875328909		23G1A04	5	1	0.097	2025-10-24
C8	0	0.00895968070488397	0	16.0173645519071	5.27983838332359	2.58684230250497	2.599125	0.00422145382025395		23G1A04	5.3	1	0.082	2025-10-24
C9	0.234357780982514	0.0132461710490307	0.0372141908670765	75.6420869978444	18.6258834173169	1.57098438356742	1.56762513888889	0.00301539423927291		23G1A04	5.6	1	0.062	2025-10-24
D1	0	0.000000000343483933367142	0	14.3822290448923	0.723869842991768	0.0111207919478579	0.011	0.000614602138936031		23G1A04	3.2	2	0.00499999999999999	2025-10-24
D10	0	0.0140546855491225	0	16.1045167811913	7.92936255715562	2.16396557825367	2.159625	0.00203314761688319		23G1A04	5.9	2	0.07	2025-10-24
D11	0	0.0113733070746959	0	1.77304964130604	2.90494575736768	1.27359534685007	1.27187513888889	0.00263706251285129		23G1A04	6.2	2	0.034	2025-10-24
D12	0	0.014210561524998	0	0.822606996401686	3.05274194324702	1.40154851728989	1.40075013888889	0.00472174903012742		23G1A04	6.5	2	0.039	2025-10-24
D13	0	0.00537284265957611	0	4.45983239293674	1.86543650999681	1.45188536876761	1.4555	0.00562967838009325		23G1A04	6.8	2	0.042	2025-10-24
D14	0	0.00706927919825515	0	0.207752068389747	0.779669193659619	0.73683877540086	0.736875	0.00451291417598267		23G1A04	7.1	2	0.023	2025-10-24
D15	0	0.00819184703781987	0	0.155711964433538	0.558614982330109	0.862330400625881	0.861375	0.00553498155536582		23G1A04	7.4	2	0.029	2025-10-24
D16	0	0.00278300035516302	0	0.515673953668576	0.241626607587661	0.714262639201988	0.686124999999999	0.00424747581382061		23G1A04	7.7	2	0.022	2025-10-24
D17	0	0.00671830328630098	0	0.194161596106291	0.473077700563613	0.74525084232404	0.745	0.00534764730233274		23G1A04	8	2	0.024	2025-10-24
D18	0	0.00519216141599826	0	1.22801156539435	1.1246510663352	0.753670612887672	0.7535	0.00244738950134623		23G1A04	8.3	2	0.021	2025-10-24
D19	0	0.00416178085381223	0	1.10566780045602	0.836930939076553	0.679855663323721	0.68	0.00273605076338703		23G1A04	8.6	2	0.019	2025-10-24
D2	0	0.016	0	-9.99582565570605	14.7415422764723	0.405839677454673	0.328500138888889	0.0026799672515916	questionable fit (k < n0)	23G1A04	3.5	2	0.016	2025-10-24
D20	0	0.0182745467053585	0	-0.12115518802656	0.0488436711327792	0.723279547070027	0.704249999999998	0.00330633860360111	questionable fit (k < n0)	23G1A04	8.9	2	0.027	2025-10-24
D21	0	0.0087988888599823	0	-0.448562815813704	0.307498373143871	0.576804879553591	0.544999861111111	0.0038074667206175	questionable fit	23G1A04	9.2	2	0.018	2025-10-24
D22	0	0.00641078360544134	0	-0.259539288805367	0.538180903888075	0.525640681309259	0.525374999999999	0.00317773755941197	questionable fit	23G1A04	9.5	2	0.015	2025-10-24
D23	0	0.00962988210736234	0	-1.57752841208545	0.335540015081493	0.481864655038157	0.474374861111111	0.00350325130909438	questionable fit	23G1A04	9.8	2	0.016	2025-10-24
D24	0	0.00899999999999999	0	-5.00108884692487	136052.941893061	0.106430380853732	0.093625	0.00164208923563372	questionable fit (k < n0)	23G1A04	10.1	2	0.00899999999999999	2025-10-24
D3	0	0.0161636454763653	0	4.21684518599475	6.59845584710865	1.62694911619037	1.62437486111111	0.0012914513856879		23G1A04	3.8	2	0.043	2025-10-24
D4	0.275182982302875	0.016160410966851	0.0370247203552786	74.9323882911046	18.7211996176799	1.89937155085917	1.89762527777778	0.00291732954952768		23G1A04	4.1	2	0.071	2025-10-24
D5	0	0.0154192313839044	0	12.8780680555635	8.78488519578704	1.86620786555718	1.86362513888889	0.00152147171918936		23G1A04	4.4	2	0.057	2025-10-24
D6	0.0890838305456707	0.0100981852286883	0.108377454509548	18.9791355872108	6.39567688405966	2.53854070952435	2.54487527777778	0.00247098492470151		23G1A04	4.7	2	0.086	2025-10-24
D7	0.137043851056136	0.0123902167009486	0.0705382064500013	32.7288131742431	9.8265495459012	2.4990833536552	2.50675069444445	0.00347201554695979		23G1A04	5	2	0.098	2025-10-24
D8	0	0.0104091947976301	0	16.0072328778995	5.92108983103197	2.43795841996161	2.44600013888889	0.00376368282998692		23G1A04	5.3	2	0.077	2025-10-24
D9	0.197590545700038	0.0129221961838967	0.037417084672465	71.0802315851041	18.5248847318676	1.51270588511292	1.50925013888889	0.00298023754115543		23G1A04	5.6	2	0.06	2025-10-24
E1	0	0.0000000000217335305152638	0	16.612637538554	0.622730276342336	0.0736742484838141	0.0732499999999999	0.000877484852447781		28G4B06	3.2	1	0.00599999999999999	2025-10-24
E10	0.102127204935634	0.00316089784793925	0.276661609532014	12.4481432362441	2.50539705068743	3.64013244758607	3.6615	0.0058714695595335		28G4B06	5.9	1	0.11	2025-10-24
E11	0.106047481075822	0.00539496439923503	0.212119080058565	13.795119964501	3.26772669563045	3.62328620349849	3.629375	0.00291020996699511		28G4B06	6.2	1	0.109	2025-10-24
E12	0.112258391891141	0.00846628782429803	0.110895740633842	22.6004871386352	6.25044006738359	2.85242716413229	2.84950055555556	0.00169934655872938		28G4B06	6.5	1	0.105	2025-10-24
E13	0	0.00697233351781123	0	30.0149996340966	8.92871510173074	1.55728085250363	1.55949944444445	0.00190799659969129		28G4B06	6.8	1	0.062	2025-10-24
E14	0	0.00722233073170411	0	32.8035058327048	13.9712908008909	0.857533141549404	0.854875416666666	0.0023897139868048		28G4B06	7.1	1	0.033	2025-10-24
E15	0	0.00965657873796087	0	1.5843860442172	2.72033077154787	1.07588174661241	1.07412513888889	0.00319065417139336		28G4B06	7.4	1	0.031	2025-10-24
E16	0	0.00729429397278904	0	1.64937009349989	31.5032312557556	0.442953998453209	0.441875416666666	0.000878695761625652		28G4B06	7.7	1	0.014	2025-10-24
E17	0	0.00525573895566559	0	4.79317367061336	3.26519943814731	0.83055305094765	0.83000111111111	0.00299551701575381		28G4B06	8	1	0.027	2025-10-24
E18	0	0.00343004461459177	0	-7.5627419946181	2.52455853685932	0.146077889431282	0.13825	0.00107080549522061	questionable fit (k < n0)	28G4B06	8.3	1	0.00699999999999999	2025-10-24
E19	0	0.00230490920916389	0	8.71726396068014	3.21096368758334	0.677112526347809	0.678125416666666	0.00183430855188386		28G4B06	8.6	1	0.022	2025-10-24
E2	0	0.00632994059586647	0	-0.210641815826289	0.589958511776335	0.537833163225312	0.537249999999999	0.0022289016170666	questionable fit	28G4B06	3.5	1	0.014	2025-10-24
E20	0	0.00622512392188851	0	-8.76155199172444	9.25171740765167	0.404760176952246	0.402500555555555	0.00228979813627682	questionable fit	28G4B06	8.9	1	0.016	2025-10-24
E21	0	0.0053802333377662	0	6.06264010615835	4.76331828080505	0.731113193184379	0.730875833333333	0.00204268407360938		28G4B06	9.2	1	0.025	2025-10-24
E22	0	0.00810340935478659	0	-4.60196384470712	1.46383935210412	0.348248198113819	0.347499583333333	0.00180441046555216	questionable fit (k < n0)	28G4B06	9.5	1	0.015	2025-10-24
E23	0	0.00500379463379645	0	3.37735677662189	2.97325756095422	0.691500168636236	0.686875	0.00252156335484067		28G4B06	9.8	1	0.023	2025-10-24
E24	0	0.00799999999999999	0	-1.42389581549201	72377.7581290937	0.0404543341145933	0.0275	0.00104674130043554	questionable fit (k < n0)	28G4B06	10.1	1	0.00799999999999999	2025-10-24
E3	0	0.00923092054594435	0	13.3821051479223	4.7547455067504	2.51823206735044	2.52062486111111	0.00237977529090241		28G4B06	3.8	1	0.075	2025-10-24
E4	0.11044336900858	0.00828639415945872	0.151447974203531	16.5858652170911	4.57680060895647	3.44126239800855	3.43775	0.00187020210033474		28G4B06	4.1	1	0.112	2025-10-24
E5	0.11000760108286	0.00820709986674132	0.158416572085765	15.8948989833076	4.37547140071104	3.50462877575152	3.50325	0.0020836791938534		28G4B06	4.4	1	0.112	2025-10-24
E6	0.114797530729933	0.00588667428838942	0.188714399129463	15.4616633866904	3.67299572135154	3.72805983543767	3.72775	0.00182067659719954		28G4B06	4.7	1	0.119	2025-10-24
E7	0.125752926923499	0.00695829360126478	0.192022740107341	14.7766975839014	3.60971403789194	4.16746082749691	4.17262527777778	0.00220999025345346		28G4B06	5	1	0.128	2025-10-24
E8	0.108257104348828	0.00402055820835787	0.256064421706862	12.7125901601328	2.70692498371932	3.82632286043843	3.84437472222222	0.00408079189166444		28G4B06	5.3	1	0.114	2025-10-24
E9	0.0989832240696842	0.00173159810715613	0.309570021016291	13.0124258966574	2.23906429403081	3.47780982382149	3.49762472222223	0.00647229842642551		28G4B06	5.6	1	0.109	2025-10-24
F1	0	0.000000000038254387613273	0	16.4707577797485	0.639515525008287	0.0687463760524443	0.0679999999999999	0.000821403067805459		28G4B06	3.2	2	0.00499999999999999	2025-10-24
F10	0.0990292775196665	0.00328480742846968	0.269503180119611	12.5133025982537	2.57194434682482	3.52212480760681	3.54249986111111	0.00603055141906926		28G4B06	5.9	2	0.108	2025-10-24
F11	0.106872651223077	0.00615331747453536	0.2077605172879	13.4546565833748	3.33627962429181	3.68370387157435	3.69087513888889	0.00248388147518372		28G4B06	6.2	2	0.108	2025-10-24
F12	0.110015386706776	0.00722499231669925	0.116199550944377	22.8498795109435	5.96514508814019	2.77358881008048	2.77312541666667	0.00165346542887089		28G4B06	6.5	2	0.104	2025-10-24
F13	0	0.0115936405266436	0	14.3276635970635	6.31129369005587	2.18623011637647	2.17824972222222	0.00284426919749876		28G4B06	6.8	2	0.07	2025-10-24
F14	0	0.00700850245335818	0	554.992899821808	24.9350420855831	0.710741685142787	0.709750972222222	0.0025824025117913		28G4B06	7.1	2	0.028	2025-10-24
F15	0	0.00923503642180541	0	1.50603368093637	2.02120812852703	1.12039083618246	1.11899986111111	0.00299885777122387		28G4B06	7.4	2	0.032	2025-10-24
F16	0	0.0053830468848558	0	3.96228638772235	3.59087275507365	0.716343730161716	0.716875277777777	0.00358627943245242		28G4B06	7.7	2	0.026	2025-10-24
F17	0	0.00657635185379034	0	4.83501219449975	12.6392580569955	0.52424321413073	0.523374305555555	0.00215898062518224		28G4B06	8	2	0.021	2025-10-24
F18	0	0.00215959832732516	0	3.96319933122568	2.85145718177153	0.335527812303305	0.33662625	0.00280421853930424		28G4B06	8.3	2	0.018	2025-10-24
F19	0	0.00208923160405833	0	4.16913868489978	7.73829125508812	0.196786586023957	0.197498333333333	0.00266696747880043		28G4B06	8.6	2	0.015	2025-10-24
F2	0	0.00777898184445145	0	-0.694641141788694	0.617909651849573	0.543192604650981	0.542249999999998	0.00212935413997263	questionable fit	28G4B06	3.5	2	0.014	2025-10-24
F20	0	0.00482706826823255	0	5.34821569853866	5.0391447459917	0.596471700699312	0.59624986111111	0.00182710354408935		28G4B06	8.9	2	0.019	2025-10-24
F21	0	0.00826584309479059	0	-1.91217869877089	1.02413600933744	0.292068464119722	0.260624722222222	0.00189174337234523	questionable fit (k < n0)	28G4B06	9.2	2	0.012	2025-10-24
F22	0	0.00747565820411372	0	-5.38505794591175	6.32102891672555	0.513608773601021	0.511625277777777	0.00127889637255796	questionable fit	28G4B06	9.5	2	0.016	2025-10-24
F23	0	0.014	0	-2.27542888310265	1.86145532595409	0.397660618593783	0.375124722222222	0.00243331284541639	questionable fit (k < n0)	28G4B06	9.8	2	0.014	2025-10-24
F24	0	0.00943616718531706	0	-3.20958391458681	9.33991197484493	0.137618486959098	0.125625277777778	0.0021455015769734	questionable fit (k < n0)	28G4B06	10.1	2	0.013	2025-10-24
F3	0	0.00938787348873423	0	13.384797304942	4.77554565116357	2.54201031522838	2.54375013888889	0.00219630850122928		28G4B06	3.8	2	0.076	2025-10-24
F4	0.109904704632454	0.0073581418698024	0.151980404319665	17.3345342812623	4.56076678873697	3.34926902735038	3.34937472222222	0.00243764105688089		28G4B06	4.1	2	0.111	2025-10-24
F5	0.108106322473379	0.00631459392499357	0.192821800384947	14.4177960832077	3.59475525680267	3.6196664707239	3.62675027777778	0.00302038516264921		28G4B06	4.4	2	0.11	2025-10-24
F6	0.114780886387719	0.0062347876613248	0.181698464319733	15.7240208048457	3.81482134785806	3.69460788811046	3.69275013888889	0.00220321348555835		28G4B06	4.7	2	0.121	2025-10-24
F7	0.118751239980375	0.00598244597841899	0.203027463088041	14.4636104711208	3.41405625631725	3.9771836548857	3.97737527777778	0.00254786045013331		28G4B06	5	2	0.124	2025-10-24
F8	0.108363401726163	0.00398255636861152	0.250672946420566	13.0294166757426	2.7651455430576	3.79559302832512	3.81187472222222	0.00473921923871188		28G4B06	5.3	2	0.116	2025-10-24
F9	0.099314558713922	0.00239742808411203	0.28357370385642	13.0458491338254	2.44432812751532	3.48324629372373	3.501125	0.00614645167851741		28G4B06	5.6	2	0.111	2025-10-24
G1	0	0.0000000000877190746939915	0	15.0303807513377	0.671532137963479	0.0159080275356906	0.01575	0.000637655812004978		28G4B05	3.2	1	0.004	2025-10-24
G10	0	0.00452005092530124	0	7.29043623935545	2.78623163220978	1.29956853480057	1.30449986111111	0.00344484862307792		28G4B05	5.9	1	0.036	2025-10-24
G11	0	0.00509033602155583	0	6.65816093886353	2.64495613067845	1.40124051758205	1.40737486111111	0.00481628127076128		28G4B05	6.2	1	0.041	2025-10-24
G12	0	0.00666159535957549	0	7.12662009455517	5.0154380224479	0.950709725678148	0.953374999999999	0.00339978787157966		28G4B05	6.5	1	0.028	2025-10-24
G13	0	0.00337475364520368	0	3.5185009398036	1.74751744570525	0.750181476377475	0.742000138888888	0.00161414100090063		28G4B05	6.8	1	0.021	2025-10-24
G14	0	0.00209837273736263	0	0.604101006033015	0.221451883677352	0.760891308123966	0.701249861111111	0.00403002379433718		28G4B05	7.1	1	0.021	2025-10-24
G15	0	0.00850708076505352	0	0.185224913186334	0.575497300961154	0.90976970448769	0.908874722222223	0.00462981700077214		28G4B05	7.4	1	0.029	2025-10-24
G16	0	0.00229749997098214	0	0.633651692188827	0.23662042534455	0.807865583039552	0.759250555555555	0.00458766453288067		28G4B05	7.7	1	0.025	2025-10-24
G17	0	0.00400017130533531	0	0.487833314175743	0.561041935352648	0.535618762845068	0.535625138888888	0.00284073015069912		28G4B05	8	1	0.019	2025-10-24
G18	0	0.00272036667455528	0	0.238392847344714	0.249198958133358	0.382535352668178	0.371250555555555	0.00270418811552216		28G4B05	8.3	1	0.013	2025-10-24
G19	0	0.00109546499040803	0	1.08418691532432	0.358646386980759	0.470605022704965	0.466999999999999	0.00305764880789743		28G4B05	8.6	1	0.018	2025-10-24
G2	0	0.011	0	-12.0485090556029	10.5920630609418	0.343007637299944	0.312374999999999	0.0018874358536295	questionable fit (k < n0)	28G4B05	3.5	1	0.011	2025-10-24
G20	0	0.00613907954142894	0	0.454098620101873	1.53695578811343	0.634843405219845	0.634624305555555	0.00398514035883041		28G4B05	8.9	1	0.021	2025-10-24
G21	0	0.00619917967346288	0	0.756300372359275	2.10001605111052	0.646978371150659	0.646499444444444	0.00264204031623723		28G4B05	9.2	1	0.017	2025-10-24
G22	0	0.00739369490048127	0	-1.1542781761797	1.87752321752427	0.572517550255322	0.571875	0.00274818839614103	questionable fit	28G4B05	9.5	1	0.019	2025-10-24
G23	0	0.00992382459929918	0	0.350796641775035	3.02067987427559	0.93068538678331	0.92925	0.00215971629250194		28G4B05	9.8	1	0.025	2025-10-24
G24	0	0.00781683770014614	0	-1.21344139259745	0.372396778063045	0.337848133150087	0.305499027777778	0.00357314048173904	questionable fit (k < n0)	28G4B05	10.1	1	0.016	2025-10-24
G3	0	0.0157992944158373	0	17.3428985495017	25.2245932765868	1.08295285489492	1.08012486111111	0.00319121499170153		28G4B05	3.8	1	0.032	2025-10-24
G4	0	0.00565999215158687	0	2.12084154285907	1.61831228976752	0.892208605140512	0.892250138888887	0.00231224292290468		28G4B05	4.1	1	0.023	2025-10-24
G5	0	0.00737346868446912	0	1.20523177335973	1.55079274544322	0.919876579521927	0.919375277777778	0.00420123908594424		28G4B05	4.4	1	0.027	2025-10-24
G6	0	0.00531367539263365	0	2.36761445279497	1.61451954652563	0.902243653692602	0.903124722222221	0.004086746220813		28G4B05	4.7	1	0.026	2025-10-24
G7	0	0.00593647199186817	0	2.73134934910421	1.86438390471758	0.996633603187586	0.997499861111111	0.00378421966254103		28G4B05	5	1	0.028	2025-10-24
G8	0	0.00599090955381942	0	4.03443394352542	2.28814110392119	1.14043029445462	1.14224972222222	0.00352963539209534		28G4B05	5.3	1	0.031	2025-10-24
G9	0	0.00142251057239078	0	8.15021565868411	2.06082933634264	0.936157393373386	0.94024986111111	0.0029772141020673		28G4B05	5.6	1	0.027	2025-10-24
H1	0	0.00000000162771252695152	0	14.016869813721	0.80735888878471	0.00937022468086932	0.00925000000000001	0.000528357756954518		28G4B05	3.2	2	0.004	2025-10-24
H10	0	0.00432016158654537	0	8.50471593473939	3.03568670989612	1.34708721747233	1.351375	0.00206871465821007		28G4B05	5.9	2	0.037	2025-10-24
H11	0	0.00560613876542854	0	7.39273930993595	3.07022893471226	1.41599049662541	1.42037472222222	0.00305551607118971		28G4B05	6.2	2	0.04	2025-10-24
H12	0	0.00719328002812513	0	7.11435356025245	4.92184380181056	1.04167590068475	1.04462486111111	0.00362343405789052		28G4B05	6.5	2	0.031	2025-10-24
H13	0	0.00785197188259811	0	2.18591523866977	2.96260633668623	0.921875690131089	0.920750138888889	0.0020329800345012		28G4B05	6.8	2	0.029	2025-10-24
H14	0	0.0077451198886006	0	-0.579881336013463	0.802589604947787	0.592793812195118	0.591750277777777	0.00224812749138791	questionable fit	28G4B05	7.1	2	0.018	2025-10-24
H15	0	0.00336946593332471	0	0.400618963036621	0.210152631681047	0.763718533945916	0.718624999999999	0.00406355404565041		28G4B05	7.4	2	0.023	2025-10-24
H16	0	0.00386760199956002	0	0.187357984329675	0.430646085429653	0.433659860049847	0.433750138888889	0.0025345339162035		28G4B05	7.7	2	0.013	2025-10-24
H17	0	0.00420951711116733	0	0.0606778947864496	0.068326499086301	0.577217518606982	0.546999999999999	0.00346591927426639		28G4B05	8	2	0.017	2025-10-24
H18	0	0.00175593120684103	0	0.546532850062902	0.332916578488335	0.343833132336154	0.344500138888889	0.00212339167567022		28G4B05	8.3	2	0.018	2025-10-24
H19	0	0.00574747247635967	0	0.237743376666689	0.181453265704453	0.957565754337607	0.854750972222222	0.00785731960541331		28G4B05	8.6	2	0.029	2025-10-24
H2	0	0.00576661087193701	0	-0.00871311205676283	0.0622462344588493	0.529613995879	0.516625277777777	0.00249710240126378	questionable fit	28G4B05	3.5	2	0.014	2025-10-24
H20	0	0.00675117713084223	0	-0.0315092613014996	1.77423342347911	0.623296681144949	0.623000138888888	0.00269974449836319	questionable fit	28G4B05	8.9	2	0.018	2025-10-24
H21	0	0.00558346296973143	0	1.65746589487595	2.19812447291019	0.676061859850603	0.671124722222221	0.00204518455423994		28G4B05	9.2	2	0.019	2025-10-24
H22	0	0.00521884808730403	0	0.161192809001287	0.824885843421435	0.529470130286624	0.529626111111111	0.00387535573592628		28G4B05	9.5	2	0.018	2025-10-24
H23	0	0.00639223480464331	0	-0.300572992454117	1.58048758728589	0.561001740476856	0.558874999999999	0.00214621524302265	questionable fit	28G4B05	9.8	2	0.018	2025-10-24
H24	0	0.0126713263595208	0	-3.72983137549904	149430.65914928	0.124474182639314	0.101375	0.00200664545284382	questionable fit (k < n0)	28G4B05	10.1	2	0.013	2025-10-24
H3	0	0.00828484603404878	0	2.36582451266129	2.46815254066784	1.08174190869283	1.07975	0.00284776611441795		28G4B05	3.8	2	0.031	2025-10-24
H4	0	0.00409129951895353	0	2.05926109769059	1.31012744839887	0.741128190350339	0.741250138888888	0.00250203161393718		28G4B05	4.1	2	0.021	2025-10-24
H5	0	0.00701196862023083	0	1.24078258138186	1.55989759601337	0.881214624862569	0.880749999999999	0.00402544353314234		28G4B05	4.4	2	0.026	2025-10-24
H6	0	0.00454363546460117	0	2.61449951737951	1.5288166411203	0.873495200934285	0.874624999999999	0.00400750485791705		28G4B05	4.7	2	0.025	2025-10-24
H7	0	0.0059999597804274	0	2.71405907388112	1.91467293481172	0.982685830489925	0.983375138888888	0.0036246485014889		28G4B05	5	2	0.028	2025-10-24
H8	0	0.00600680558785664	0	4.33356011982345	2.40633920313886	1.15814886253124	1.16012472222222	0.00350332791162909		28G4B05	5.3	2	0.032	2025-10-24
H9	0	0.00308325804184093	0	7.26036462190863	2.49553743263882	1.06285784585567	1.066875	0.00332999247966223		28G4B05	5.6	2	0.03	2025-10-24
I1	0	0.0000000000000332707883901127	0	16.9896472178132	0.435892817713688	0.561787409054013	0.5585	0.00200987753867846		33G2A09	3.2	1	0.022	2025-10-24
I10	0.234403776090552	0.0380681964288269	0.166642429893451	9.84410838959218	4.15948795875777	8.74494330323026	8.71662513888889	0.00812063845535506		33G2A09	5.9	1	0.244	2025-10-24
I11	0.24363625947125	0.044199138636485	0.154152234339881	9.77471204543008	4.49651076111985	9.05078639409344	9.01850041666666	0.0107550447108016		33G2A09	6.2	1	0.255	2025-10-24
I12	0.255007529208702	0.0401440184149953	0.144611361832083	11.6002610266428	4.79317234675376	9.04119854423619	9.01125	0.0115960698038503		33G2A09	6.5	1	0.267	2025-10-24
I13	0.228183630421175	0.0349783010376323	0.194864367614522	8.7703340956861	3.55707505197215	8.80397139381179	8.77712444444444	0.00970041715453245		33G2A09	6.8	1	0.244	2025-10-24
I14	0.147603017468112	0.0224777939587004	0.282185184835498	6.08390244946167	2.45635567637621	6.13074636598667	6.12725	0.0019076090637497		33G2A09	7.1	1	0.15	2025-10-24
I15	0.105514918911494	0.0293172401308834	0.26750756213823	3.57057291779851	2.59113116287073	4.58117350451735	4.57375013888889	0.00333739573726281		33G2A09	7.4	1	0.111	2025-10-24
I16	0.0929792269561461	0.0283297429169537	0.206768874563494	3.99029054484698	3.35228008578775	3.94766096743895	3.93987527777778	0.00445125431650046		33G2A09	7.7	1	0.101	2025-10-24
I17	0	0.0250357604630665	0	3.05872913287842	2.69419111763705	3.49635807552828	3.49375013888889	0.00538370137816412		33G2A09	8	1	0.09	2025-10-24
I18	0	0.00882874132800255	0	0.425159974261184	0.262152869482649	1.71623341679186	1.62912472222222	0.0107386373141479		33G2A09	8.3	1	0.049	2025-10-24
I19	0	0.0188927073981757	0	-0.158526062250337	0.721027466589868	1.67006219067983	1.67062472222222	0.0137779303743661	questionable fit	33G2A09	8.6	1	0.058	2025-10-24
I2	0	0.0190402647672354	0	1.71250595893861	1.27512628178867	3.08969064447882	3.08637486111111	0.00372399337778984		33G2A09	3.5	1	0.074	2025-10-24
I20	0	0.0253055128054162	0	-0.874327291448922	0.270574877468675	1.34862629987626	1.25974972222222	0.00730908419690618	questionable fit	33G2A09	8.9	1	0.042	2025-10-24
I21	0	0.0185052575343411	0	-0.309413022622101	0.27545172588486	1.2974740478946	1.2085	0.00766121573017897	questionable fit	33G2A09	9.2	1	0.038	2025-10-24
I22	0	0.0144898174938128	0	-0.0489240324918329	0.23084278738388	1.29593098449967	1.26962486111111	0.00528428422705068	questionable fit	33G2A09	9.5	1	0.038	2025-10-24
I23	0	0.0346746722306747	0	-17.9909486330297	10.5848381909837	1.28693344264905	1.17875	0.00515482658241789	questionable fit (k < n0)	33G2A09	9.8	1	0.037	2025-10-24
I24	0	0.0185622870085609	0	-48.1734781189996	43.1543520322623	0.718283480629208	0.607999861111111	0.00443041723302067	questionable fit (k < n0)	33G2A09	10.1	1	0.024	2025-10-24
I3	0.191692117716512	0.0309109769454909	0.200058112338888	8.24226863410619	3.46472918521689	7.49231745986665	7.4808751388889	0.00263560043025057		33G2A09	3.8	1	0.196	2025-10-24
I4	0.202668965732911	0.032462941935625	0.188115681410212	8.80793352756044	3.6846858027133	7.79708822434365	7.77812527777778	0.00523464546481975		33G2A09	4.1	1	0.212	2025-10-24
I5	0.203102962107426	0.0332765382627373	0.193511827223946	8.42286650184218	3.58193703456578	7.89248383843416	7.87212527777778	0.00612097570475277		33G2A09	4.4	1	0.214	2025-10-24
I6	0.204778743407274	0.031777953588049	0.193374610211356	8.76290528578146	3.58447874724786	7.89878240319683	7.87525013888889	0.00687107023062947		33G2A09	4.7	1	0.217	2025-10-24
I7	0.218942144622133	0.0365851402192034	0.165595544238684	9.70028621686759	4.1857840061256	8.19074823677252	8.16637541666667	0.00663089799188136		33G2A09	5	1	0.229	2025-10-24
I8	0.226188190388619	0.03703662378676	0.174614873804683	9.33850217156231	3.96957696361692	8.56090766061291	8.536875	0.00647680593165516		33G2A09	5.3	1	0.235	2025-10-24
I9	0.245754593004647	0.0376534304629763	0.160353425499896	10.6614514149699	4.32262159912758	8.9752674827871	8.94237569444445	0.00904477243152144		33G2A09	5.6	1	0.254	2025-10-24
J1	0	0.0000000000000748676228140047	0	16.92723606794	0.44980704087703	0.498829278203593	0.49575	0.00205068936351008		33G2A09	3.2	2	0.02	2025-10-24
J10	0.229980102651073	0.036922435665533	0.163175164024858	10.1373855999107	4.24787181739466	8.51090279438967	8.48037527777778	0.00890161592340219		33G2A09	5.9	2	0.239	2025-10-24
J11	0.235774174713682	0.0440974238833366	0.15168089003693	9.68750247979582	4.56977263511035	8.7640078486656	8.73475027777777	0.00975375916656353		33G2A09	6.2	2	0.248	2025-10-24
J12	0.241293461162668	0.0372751739465868	0.150500934805574	11.2948275572081	4.60560049979354	8.6432706753722	8.61500027777778	0.00921457505471411		33G2A09	6.5	2	0.249	2025-10-24
J13	0.210847543638628	0.032225694682814	0.204315288619131	8.38168744618599	3.3925370208201	8.22572379143077	8.20225055555555	0.00903905553331867		33G2A09	6.8	2	0.228	2025-10-24
J14	0.135105501615019	0.023582657022378	0.293917011462369	5.28624687790291	2.35830916050495	5.7103463377677	5.70287500000001	0.00273708489394767		33G2A09	7.1	2	0.146	2025-10-24
J15	0.102233463776087	0.0307082549502214	0.256375867655423	3.29796426219718	2.70363660549969	4.44853527479109	4.44224986111111	0.00432623884073908		33G2A09	7.4	2	0.111	2025-10-24
J16	0.109125661036727	0.0370782556630849	0.206973945301132	3.20955187039429	3.34895863124929	4.69127658544555	4.68249972222222	0.00381740444146278		33G2A09	7.7	2	0.118	2025-10-24
J17	0	0.0226328713933826	0	3.65283996872847	2.88918501448379	3.31879615154805	3.31787486111111	0.00923270818183189		33G2A09	8	2	0.084	2025-10-24
J18	0	0.0168862226301849	0	0.255528658376307	0.77092421213841	1.80368366956148	1.80437472222222	0.0123814861537707		33G2A09	8.3	2	0.059	2025-10-24
J19	0	0.00947577948444764	0	0.391681720836314	0.313555923234322	1.52493423119209	1.42524972222222	0.0103186875985137		33G2A09	8.6	2	0.047	2025-10-24
J2	0	0.0210978355375674	0	1.52349866242246	1.27830022081496	3.18831872310811	3.18475	0.00439652175280294		33G2A09	3.5	2	0.076	2025-10-24
J20	0	0.018429654088348	0	-0.225077836927813	0.238080353256561	1.34570982165033	1.29299972222222	0.00696189616141107	questionable fit	33G2A09	8.9	2	0.04	2025-10-24
J21	0	0.0118934178083542	0	0.00348402333188488	0.135944518020959	1.15360867095089	1.13337513888889	0.0069891912648594		33G2A09	9.2	2	0.039	2025-10-24
J22	0	0.016714725094318	0	-0.232895328003799	0.275481148756709	1.24958291451077	1.2475	0.00640770777800998	questionable fit	33G2A09	9.5	2	0.04	2025-10-24
J23	0	0.0354027529610565	0	-23.6468590095609	14.4675175314524	1.33535917148487	1.18987472222222	0.00572230532715681	questionable fit (k < n0)	33G2A09	9.8	2	0.039	2025-10-24
J24	0	0.0228611634336905	0	-17.7228199506941	21.3559426835751	0.698228255134892	0.64325	0.00335027924872811	questionable fit (k < n0)	33G2A09	10.1	2	0.025	2025-10-24
J3	0.184814922686502	0.0313271942136887	0.202065132904749	7.86446454729627	3.43031561455329	7.28586705852582	7.275875	0.00225441732812307		33G2A09	3.8	2	0.189	2025-10-24
J4	0.188328927516471	0.0279391515163296	0.212260438761214	8.23317796593421	3.26555049356001	7.38550341538677	7.37050027777778	0.00451195822797894		33G2A09	4.1	2	0.197	2025-10-24
J5	0.195803223159752	0.0362979598198754	0.180090245570749	8.21985321638568	3.84888797482171	7.60705439285612	7.58775	0.00543862036405254		33G2A09	4.4	2	0.206	2025-10-24
J6	0.196206087429708	0.0307665436058953	0.196272101498682	8.57064232815593	3.53156243433099	7.60636354688362	7.58625013888889	0.00546871178281321		33G2A09	4.7	2	0.205	2025-10-24
J7	0.212191184777727	0.0381747777428552	0.163597554041931	9.27259926304648	4.2369043022629	8.00602313440761	7.98212527777778	0.006797975448251		33G2A09	5	2	0.222	2025-10-24
J8	0.217368236228983	0.0376461987198463	0.171645832471075	9.10700489042997	4.03824066440268	8.25930143883056	8.23512513888888	0.0066015999992378		33G2A09	5.3	2	0.227	2025-10-24
J9	0.236294517787057	0.0389658774472317	0.158652231866978	10.2247804451522	4.3689721373798	8.70964617123793	8.67587527777778	0.00993564562245445		33G2A09	5.6	2	0.247	2025-10-24
K1	0	0.0000000000000235862479041922	0	17.0459098711978	0.428192255656807	0.707857635848433	0.7045	0.00225711665173656		18G4A01	3.2	1	0.026	2025-10-24
K10	0.215887041309724	0.00798321856137064	0.101250611578936	32.1947084828458	6.84585672867332	3.76066311127685	3.83000083333333	0.00898679995671455		18G4A01	5.9	1	0.175	2025-10-24
K11	0.295835458349683	0.0113044493922765	0.0821530255333002	39.26387155577	8.43726906051661	3.91583462286214	3.99325125	0.0130051226495798		18G4A01	6.2	1	0.183	2025-10-24
K12	0	0.00703003940864088	0	258.499792838972	9.91463660033025	2.82366035271429	2.94387597222222	0.0139363458444619		18G4A01	6.5	1	0.178	2025-10-24
K13	0	0.0370238240805349	0	4175.91242682339	233.776371578886	1.9185650540767	1.90987527777778	0.00340021116432884		18G4A01	6.8	1	0.058	2025-10-24
K14	0	0.00798242400357211	0	294.037671020534	10.4725031235315	2.8102550562945	2.95862597222222	0.014981732670788		18G4A01	7.1	1	0.176	2025-10-24
K15	0	0.00958223992757148	0	353.617513558496	12.6648251733848	2.27408259352348	2.41987583333333	0.0152558092365011		18G4A01	7.4	1	0.149	2025-10-24
K16	0	0	0	0	0	0	0	0	cannot fit data	18G4A01	7.7	1	0.037	2025-10-24
K17	0	0.0307030183919564	0	-28.8778108335812	11.8908071058697	1.28842138005503	1.258625	0.00258278667627251	questionable fit (k < n0)	18G4A01	8	1	0.034	2025-10-24
K18	0	0.0167466157842462	0	-0.544911325034029	0.424892230829182	1.13413762253946	1.131875	0.0031999359038497	questionable fit	18G4A01	8.3	1	0.031	2025-10-24
K19	0	0.0165635930578592	0	-0.17102581847602	0.39193865785757	1.37947922499946	1.37712513888889	0.00314861564069347	questionable fit	18G4A01	8.6	1	0.035	2025-10-24
K2	0	0.027	0	-18.6743727714973	5.89110870541118	1.18086043262522	1.14649986111111	0.00210650198379663	questionable fit (k < n0)	18G4A01	3.5	1	0.027	2025-10-24
K20	0	0.0170215002617552	0	-0.30044328868042	0.435239379462757	1.32066460592408	1.31787472222222	0.00343869462502157	questionable fit	18G4A01	8.9	1	0.034	2025-10-24
K21	0	0.0196185244723495	0	-0.143720114584189	0.239123826136765	1.56350727523917	1.55999986111111	0.00518407163769608	questionable fit	18G4A01	9.2	1	0.043	2025-10-24
K22	0	0.0241540265082502	0	-1.71525415412272	0.980250951207643	1.49900717640427	1.494875	0.00275399771016966	questionable fit	18G4A01	9.5	1	0.038	2025-10-24
K23	0	0.0395497386626181	0	-34.0786581026677	15.4221896006363	1.6450480901913	1.55974972222222	0.00485840300531651	questionable fit (k < n0)	18G4A01	9.8	1	0.043	2025-10-24
K24	0	0.0250363636295464	0	-0.242717328673421	0.103967246781048	1.44532779816994	1.32649986111111	0.00667583743827612	questionable fit	18G4A01	10.1	1	0.037	2025-10-24
K3	0	0.0289758846878974	0	6.4573166837125	12.1898345212315	2.41150126909892	2.40649986111111	0.00196675765756259		18G4A01	3.8	1	0.065	2025-10-24
K4	0	0.0217102671689793	0	7.01259591859977	9.53741995208725	2.04746451947476	2.043875	0.0014593214313574		18G4A01	4.1	1	0.057	2025-10-24
K5	0	0.026747242731173	0	7.523741384168	12.7523604203349	2.22610344282336	2.22100013888889	0.00166750775219869		18G4A01	4.4	1	0.062	2025-10-24
K6	0	0.0244500806268844	0	4.34226036634745	10.1124189503208	2.09220290965614	2.08800027777778	0.00181353938779224		18G4A01	4.7	1	0.06	2025-10-24
K7	0	0.0271262417762996	0	2.24938674875474	12.6380637109673	2.07076967674053	2.06675013888889	0.00172683178189491		18G4A01	5	1	0.055	2025-10-24
K8	0	0.0262923552544487	0	-0.0934615987696451	9.78654883635729	2.03979028426259	2.03512458333333	0.00136621712435474	questionable fit	18G4A01	5.3	1	0.052	2025-10-24
K9	0	0.0237769047272868	0	-5.7806010982994	6.1655103163672	1.610088232938	1.60637472222222	0.00192753202229212	questionable fit	18G4A01	5.6	1	0.038	2025-10-24
L1	0	0.000000000000000322106672604094	0	17.0329823398561	0.362591870487533	1.38942502547887	1.40025	0.00422675343382509		23G1A09	3.2	1	0.048	2025-10-24
L10	0	0.0449422157142785	0	-6.81755622304688	3.65069077799973	2.68711088085134	2.67912472222222	0.00443827823796178	questionable fit	23G1A09	5.9	1	0.065	2025-10-24
L11	0	0.0507203096910206	0	-6.05071173735499	4.16210482515306	3.20820363116896	3.19937472222222	0.00581720069799661	questionable fit	23G1A09	6.2	1	0.077	2025-10-24
L12	0.105772995554587	0.0523699285464962	0.0243527075151561	0.802195608857609	28.4628384802207	3.23573709210885	3.22537486111111	0.00274806765536276		23G1A09	6.5	1	0.08	2025-10-24
L13	0	0	0	0	0	0	0	0	cannot fit data	23G1A09	6.8	1	0.061	2025-10-24
L14	0	0	0	0	0	0	0	0	cannot fit data	23G1A09	7.1	1	0.065	2025-10-24
L15	0	0.078	0	-8.09736340930496	8.09736340930496	2.19208954057977	2.062625	0.00624360022558582	questionable fit (k < n0)	23G1A09	7.4	1	0.078	2025-10-24
L16	0	0.068	0	-6.0074382925222	6.84211100144515	1.73345519612796	1.656125	0.00544873244433946	questionable fit (k < n0)	23G1A09	7.7	1	0.068	2025-10-24
L17	0	0	0	0	0	0	0	0	cannot fit data	23G1A09	8	1	0.07	2025-10-24
L18	0	0.038278730796375	0	-64.2309050233225	39.1560761716514	1.60562548201749	1.46275	0.0103230061318804	questionable fit (k < n0)	23G1A09	8.3	1	0.072	2025-10-24
L19	0	0.068	0	-6.90563232238515	9.46092587725801	1.63536852702614	1.54500027777778	0.0064120396873436	questionable fit (k < n0)	23G1A09	8.6	1	0.068	2025-10-24
L2	0	0.0518254978749114	0	-24.0508356635983	7.0223214796984	2.31177867085051	2.257625	0.00210081125268442	questionable fit (k < n0)	23G1A09	3.5	1	0.055	2025-10-24
L20	0	0.073	0	-6.32256475095926	7.92790993929928	1.79499323414039	1.70637486111111	0.00607765029968784	questionable fit (k < n0)	23G1A09	8.9	1	0.073	2025-10-24
L21	0	0.0670642560203514	0	-10.4148579292238	13.3576067745407	1.79463402948403	1.65712486111111	0.00704026796830391	questionable fit (k < n0)	23G1A09	9.2	1	0.07	2025-10-24
L22	0	0.0647756001568045	0	-15.9999405602527	14.9021930667337	2.07226854746896	1.87725013888889	0.00710133484935706	questionable fit (k < n0)	23G1A09	9.5	1	0.065	2025-10-24
L23	0	0.0617553783650391	0	-23.145174080762	25.2998904880971	2.03643195754849	1.8305	0.00932617476537315	questionable fit (k < n0)	23G1A09	9.8	1	0.068	2025-10-24
L24	0	0.0691473290027515	0	-11.3230288204739	22.9880970007926	1.66640174938956	1.526625	0.0119798133492585	questionable fit (k < n0)	23G1A09	10.1	1	0.074	2025-10-24
L3	0	0.0527028853192819	0	-3.92851810367947	1.28168530317562	2.83176527144213	2.79625	0.00221172593976455	questionable fit	23G1A09	3.8	1	0.061	2025-10-24
L4	0	0.046096684354431	0	-6.84520790746483	1.71606850723594	2.35462171486807	2.34174972222222	0.00267611971320202	questionable fit	23G1A09	4.1	1	0.052	2025-10-24
L5	0	0.0551326705320387	0	-2.42740541823258	0.279046894915243	2.6513130683565	2.58425013888889	0.0051804495581197	questionable fit (k < n0)	23G1A09	4.4	1	0.061	2025-10-24
L6	0	0.0525170571407345	0	-104.287319756878	15.4161952433217	2.54530021727404	2.49674986111111	0.0038684164097135	questionable fit	23G1A09	4.7	1	0.058	2025-10-24
L7	0	0.0461005611297743	0	-1.29293525581694	0.582569732519283	2.69030878968368	2.64762513888889	0.00469674288387403	questionable fit	23G1A09	5	1	0.062	2025-10-24
L8	0	0.0464704290251576	0	-2.92904408559784	1.36751956617651	2.7247016886309	2.70612444444445	0.00410208452679819	questionable fit	23G1A09	5.3	1	0.063	2025-10-24
L9	0	0.0465303782920139	0	-4.9667584308906	2.2717193461722	2.69884219234584	2.691125	0.00644210421597444	questionable fit	23G1A09	5.6	1	0.066	2025-10-24
M1	0	0.0134614934169624	0	1983.64262042321	135.574725820392	0.735861129201539	0.728499999999999	0.0153490127033125		24G2B08	3.2	1	0.089	2025-10-24
M10	0.214037957120393	0.0217540344350391	0.0352370252491826	61.8432968364805	19.6709902626081	2.27341478979096	2.2705	0.00216155341228013		24G2B08	5.9	1	0.08	2025-10-24
M11	0.16247487470115	0.027776218298109	0.0384972668235144	41.0122598621489	18.0051010825674	2.75873245210842	2.75412541666667	0.00198991598627368		24G2B08	6.2	1	0.091	2025-10-24
M12	0.152604807678759	0.0198737381816751	0.0465781170161562	40.7686269461183	14.8813911974913	2.43011683843149	2.42925027777778	0.00248992793909279		24G2B08	6.5	1	0.085	2025-10-24
M13	0.232888974306908	0.0206252609699067	0.0326848437373633	71.3270305335396	21.2069908037401	2.0827063742863	2.08262527777778	0.00577054009709155		24G2B08	6.8	1	0.069	2025-10-24
M14	0	0.0294437512209696	0	839.437226115534	34.7308356687784	2.38567519117237	2.38500055555556	0.00502244356243183		24G2B08	7.1	1	0.078	2025-10-24
M15	0	0.0346057237062377	0	2717.68998628887	133.517177432258	1.89544731104823	1.889375	0.0059359183101382		24G2B08	7.4	1	0.055	2025-10-24
M16	0	0.0285430929209316	0	2320.48596125673	132.117036381808	1.56554139239316	1.56137722222222	0.00437291094686647		24G2B08	7.7	1	0.046	2025-10-24
M17	0	0	0	0	0	0	0	0	cannot fit data	24G2B08	8	1	0.039	2025-10-24
M18	0	0	0	0	0	0	0	0	cannot fit data	24G2B08	8.3	1	0.036	2025-10-24
M19	0	0.031370569559951	0	-62.2827962336177	60.5133203401944	1.24883740031119	1.09112513888889	0.00968205974488144	questionable fit (k < n0)	24G2B08	8.6	1	0.049	2025-10-24
M2	0	0.0291287042327701	0	-15.2211056809868	6.12936532877516	1.60552477721158	1.60025013888889	0.00173745456972506	questionable fit	24G2B08	3.5	1	0.036	2025-10-24
M20	0	0	0	0	0	0	0	0	cannot fit data	24G2B08	8.9	1	0.043	2025-10-24
M21	0	0	0	0	0	0	0	0	cannot fit data	24G2B08	9.2	1	0.041	2025-10-24
M22	0	0	0	0	0	0	0	0	cannot fit data	24G2B08	9.5	1	0.036	2025-10-24
M23	0	0.028421587964831	0	-1.65295564109581	0.401897531384515	1.44825943877567	1.44312430555556	0.0121759667220228	questionable fit	24G2B08	9.8	1	0.055	2025-10-24
M24	0	0	0	0	0	0	0	0	cannot fit data	24G2B08	10.1	1	0.03	2025-10-24
M3	0	0.0315156855187955	0	-5.19268241687656	9.53473939207632	2.19412588205259	2.18800027777778	0.00148085849599139	questionable fit	24G2B08	3.8	1	0.054	2025-10-24
M4	0	0.0224450524184914	0	3.5580180341646	10.4912596460019	1.86080136484781	1.857125	0.00197248206226804		24G2B08	4.1	1	0.05	2025-10-24
M5	0	0.0277019360880191	0	3.27782771347649	13.1796509653931	2.12315958173824	2.118375	0.00261979138356234		24G2B08	4.4	1	0.061	2025-10-24
M6	0	0.0263001941035799	0	8.17322092303606	15.1750990284258	2.05283100954393	2.04862458333333	0.00364099529069007		24G2B08	4.7	1	0.059	2025-10-24
M7	0	0.0289550912676221	0	10.5624380229764	15.4858540361007	2.30913131764962	2.30437527777778	0.0020599304623851		24G2B08	5	1	0.065	2025-10-24
M8	0.110977823602001	0.0274662682779132	0.0317733343393782	34.9987305021878	21.815374274424	2.23695960451505	2.232625	0.00239227892225058		24G2B08	5.3	1	0.068	2025-10-24
M9	0.118552660199537	0.0244744114819508	0.0378245953169522	35.5984965715105	18.3253032782427	2.28327052574594	2.27950027777778	0.0019912670417781		24G2B08	5.6	1	0.074	2025-10-24
N1	0	0.00000000000000290014440204303	0	17.0393531697696	0.387571363602863	1.55132702390487	1.566375	0.00489966718873582		24G4B02	3.2	1	0.057	2025-10-24
N10	0.0965548991058067	0.041571262688015	0.0940601199027636	2.97284857590773	7.36919303607628	3.80382233920733	3.79575	0.00215638503214525		24G4B02	5.9	1	0.1	2025-10-24
N11	0.108473688596776	0.0559792449930601	0.0843088607970053	-0.762359595756738	8.22152231695872	4.3983702810334	4.38625013888889	0.00216536209614488	questionable fit	24G4B02	6.2	1	0.111	2025-10-24
N12	0.124308484481944	0.0440283529290861	0.0731691106872896	8.20958934468766	9.47322133683324	4.31757954906517	4.30912569444444	0.00189856624943007		24G4B02	6.5	1	0.123	2025-10-24
N13	0	0.0601675920991929	0	2455.94000332311	141.55846200832	3.27125385009593	3.26162513888889	0.003353754348159		24G4B02	6.8	1	0.078	2025-10-24
N14	0	0.0556658483413469	0	-22.2556556597904	10.9838435523396	2.20423469927989	2.15125027777778	0.00574968755167251	questionable fit (k < n0)	24G4B02	7.1	1	0.064	2025-10-24
N15	0	0	0	0	0	0	0	0	cannot fit data	24G4B02	7.4	1	0.088	2025-10-24
N16	0	0.0662877176743211	0	-8.30313454804666	10.0032813861869	1.73550494125809	1.63100013888889	0.00604175227109769	questionable fit (k < n0)	24G4B02	7.7	1	0.067	2025-10-24
N17	0	0.0841751939982953	0	-10.3164951062989	10.34753319056	2.44793762664251	2.33949986111111	0.00787258245139076	questionable fit (k < n0)	24G4B02	8	1	0.087	2025-10-24
N18	0	0	0	0	0	0	0	0	cannot fit data	24G4B02	8.3	1	0.062	2025-10-24
N19	0	0.0768566731383541	0	-11.4290146991735	16.0089067192424	2.04347957466322	1.940375	0.00776823116768297	questionable fit (k < n0)	24G4B02	8.6	1	0.083	2025-10-24
N2	0	0	0	0	0	0	0	0	cannot fit data	24G4B02	3.5	1	0.046	2025-10-24
N20	0	0.08	0	-0.0405099837063062	0.0572901322906464	1.4965854148348	1.48949972222222	0.00969036221810476	questionable fit (k < n0)	24G4B02	8.9	1	0.08	2025-10-24
N21	0	0.0706366769872048	0	-18.1099429824563	16.9191355142064	2.30582408271389	1.96075	0.0122381904388914	questionable fit (k < n0)	24G4B02	9.2	1	0.077	2025-10-24
N22	0	0.05	0	-14.243680371354	12.0258231030073	1.61793523046559	1.52487486111111	0.00561378846587531	questionable fit (k < n0)	24G4B02	9.5	1	0.05	2025-10-24
N23	0	0.063	0	-15.6747038107175	14.0040371820165	2.03291069759239	1.914375	0.0111055569779045	questionable fit (k < n0)	24G4B02	9.8	1	0.063	2025-10-24
N24	0	0	0	0	0	0	0	0	cannot fit data	24G4B02	10.1	1	0.043	2025-10-24
N3	0	0.059605798699774	0	-23.2651314516732	12.1558680629196	3.34672926742039	3.33475	0.000713728507957166	questionable fit	24G4B02	3.8	1	0.076	2025-10-24
N4	0	0.0395547843396013	0	-2.34141011577283	8.90267686705895	2.94915568941213	2.941375	0.00167546419418681	questionable fit	24G4B02	4.1	1	0.073	2025-10-24
N5	0	0.0547127878801127	0	-8.60449840187579	8.97188611754254	3.56222590561469	3.550375	0.00188183387850485	questionable fit	24G4B02	4.4	1	0.084	2025-10-24
N6	0	0.0399131237589984	0	-1.44319305655062	8.12046647585756	3.07956792143695	3.07174986111111	0.00230134985729179	questionable fit	24G4B02	4.7	1	0.076	2025-10-24
N7	0.0879554206920874	0.0523303950626395	0.0814447028413599	-4.72135078620709	8.51064779387893	3.69350765150084	3.68287513888889	0.00209634318610126	questionable fit	24G4B02	5	1	0.089	2025-10-24
N8	0	0.0389495516887436	0	1.01268544595136	7.56337459583948	3.28926705813215	3.28237472222222	0.00221466998032812		24G4B02	5.3	1	0.084	2025-10-24
N9	0.0915145734377761	0.0491413521433537	0.0827087150186751	-1.79164061923845	8.38058214788413	3.74099942901632	3.73112486111111	0.00175239952095406	questionable fit	24G4B02	5.6	1	0.093	2025-10-24
O1	0	0.000000000000000906337473111375	0	17.0770852872888	0.393516220984957	0.326569883118727	0.324625	0.00169606978107505		Pine-43	3.2	1	0.017	2025-10-24
O10	0	0.02	0	-0.42806231180966	0.21403115590483	0.724403297692983	0.718124722222221	0.00334852448861644	questionable fit (k < n0)	Pine-43	5.9	1	0.02	2025-10-24
O11	0	0.021	0	-1.32106076071297	0.552209647488381	0.822342119675621	0.78487486111111	0.00342015412935775	questionable fit (k < n0)	Pine-43	6.2	1	0.021	2025-10-24
O12	0	0.016	0	-9.5931701316013	4.79658506580065	0.602326230819079	0.558624999999999	0.00225486981055074	questionable fit (k < n0)	Pine-43	6.5	1	0.016	2025-10-24
O13	0	0	0	0	0	0	0	0	cannot fit data	Pine-43	6.8	1	0.03	2025-10-24
O14	0	0	0	0	0	0	0	0	cannot fit data	Pine-43	7.1	1	0.03	2025-10-24
O15	0	0.035	0	-1.73065475180394	3.56522271727886	0.546480324826238	0.533874999999999	0.00162382906093103	questionable fit (k < n0)	Pine-43	7.4	1	0.035	2025-10-24
O16	0	0.034	0	-1.99986014105529	6.01325446001549	0.433222607353564	0.372	0.00270029832206879	questionable fit (k < n0)	Pine-43	7.7	1	0.034	2025-10-24
O17	0	0	0	0	0	0	0	0	cannot fit data	Pine-43	8	1	0.025	2025-10-24
O18	0	0.028	0	-1.48724268164189	9.09635604433142	0.231647322538245	0.174875	0.0027635049572766	questionable fit (k < n0)	Pine-43	8.3	1	0.028	2025-10-24
O19	0	0	0	0	0	0	0	0	cannot fit data	Pine-43	8.6	1	0.027	2025-10-24
O2	0	0.0149555823300448	0	-10.9404550972322	3.72756499514182	0.636457162035378	0.613999999999999	0.00148764125809137	questionable fit (k < n0)	Pine-43	3.5	1	0.015	2025-10-24
O20	0	0.01761884763301	0	-1.87370121660156	0.820532964561809	0.678676418731611	0.658249999999999	0.00217485040907919	questionable fit (k < n0)	Pine-43	8.9	1	0.022	2025-10-24
O21	0	0	0	0	0	0	0	0	cannot fit data	Pine-43	9.2	1	0.032	2025-10-24
O22	0	0	0	0	0	0	0	0	cannot fit data	Pine-43	9.5	1	0.031	2025-10-24
O23	0	0	0	0	0	0	0	0	cannot fit data	Pine-43	9.8	1	0.026	2025-10-24
O24	0	0	0	0	0	0	0	0	cannot fit data	Pine-43	10.1	1	0.024	2025-10-24
O3	0	0	0	0	0	0	0	0	cannot fit data	Pine-43	3.8	1	0.02	2025-10-24
O4	0	0.0123194411089479	0	-1.65628334151565	7.03503357439842	0.957801130200902	0.955125	0.00203427155629705	questionable fit	Pine-43	4.1	1	0.025	2025-10-24
O5	0	0.234	0	-1.20563427732364	11.0798239172721	1.5193754404252	1.22225	0.0220853165192803	questionable fit (k < n0)	Pine-43	4.4	1	0.234	2025-10-24
O6	0	0.0106637258218677	0	2.37985479651553	6.07309912683516	1.00860540956114	1.007375	0.00293488376968418		Pine-43	4.7	1	0.027	2025-10-24
O7	0	0.0171131719265932	0	-6.65573528384783	5.5039885082062	1.11194420430771	1.11050013888889	0.00313513410483781	questionable fit	Pine-43	5	1	0.029	2025-10-24
O8	0	0.0130313999444791	0	-1.7244113238302	2.97029695215354	1.00052612656474	0.999249861111111	0.00485997952620212	questionable fit	Pine-43	5.3	1	0.028	2025-10-24
O9	0	0.00542175005097993	0	0.0833366921111907	0.0686406754690878	0.865546088873873	0.83299986111111	0.00516645241774239		Pine-43	5.6	1	0.023	2025-10-24
