sample	k	n0	r	t_mid	t_gen	auc_l	auc_e	sigma	note	strain	pH	replicate	max.OD	date
A1	0	0.000000000000000825486832275597	0	21.5365538959322	0.508042700314422	0.126979756808611	0.126500138888889	0.000529591837556765		16G2A12	3.2	1	0.00700000000000001	2024-01-26
A10	0	0.00329446431395904	0	17.6522134178576	4.01114115882106	2.20948421780578	2.19712527777778	0.00202013672003199		16G2A12	5.9	1	0.079	2024-01-26
A11	0.097152281518856	0.00351566248368445	0.140598107598064	23.3445073425239	4.92998940313965	2.41041065178553	2.38637527777778	0.00261002624761743		16G2A12	6.2	1	0.099	2024-01-26
A12	0.10581123287719	0.00710484380155845	0.100112827470327	26.2840733410652	6.92366001515029	2.35762944531205	2.33237513888889	0.00416048692721399		16G2A12	6.5	1	0.102	2024-01-26
A13	0	0.00188010489307586	0	14.3073516637253	3.14425412808606	1.54838189306982	1.53437472222222	0.00392829435066978		16G2A12	6.8	1	0.07	2024-01-26
A14	0	0.00173387503385882	0	13.8500250753056	3.03039194884786	1.46712052449263	1.46587513888889	0.00234705776788292		16G2A12	7.1	1	0.057	2024-01-26
A15	0	0.00424148358277451	0	18.5300927633241	5.12124280904427	1.64637624379855	1.63237527777778	0.00274571910538816		16G2A12	7.4	1	0.062	2024-01-26
A16	0.0904941501703474	0.00568356870574866	0.0957281450546346	28.234548848594	7.24078775541245	1.87619853676977	1.86375	0.00287975118700384		16G2A12	7.7	1	0.082	2024-01-26
A17	0	0.0040738386792419	0	21.4284065615247	6.31054244762744	1.24029571320556	1.227875	0.00260194555247567		16G2A12	8	1	0.05	2024-01-26
A18	0	0.00321583750600413	0	27.8033296658323	7.07227804361824	1.10038948307958	1.090125	0.00165748914546122		16G2A12	8.3	1	0.049	2024-01-26
A19	0.103512893105969	0.000384171644500965	0.132716398395055	42.1398096536074	5.22276967234043	0.913152542749277	0.933500138888889	0.00427598492241204		16G2A12	8.6	1	0.067	2024-01-26
A2	0	0	0	0	0	0	0	0	cannot fit data	16G2A12	3.5	1	0.004	2024-01-26
A20	0	0.00000355340156055093	0	0.477729561274916	0.0692058811584842	0.0204658863276616	0.0205	0.000742956955420675		16G2A12	8.9	1	0.004	2024-01-26
A21	0	0.00000000000000126219176704818	0	22.3389251857339	0.509095035422226	0.528384259567869	0.610750277777778	0.00997992520361414		16G2A12	9.2	1	0.039	2024-01-26
A22	0	0.0185934105848664	0	14.9150966023358	6.276280202562	3.67538414595401	3.65987541666667	0.00741535274406915		16G2A12	9.5	1	0.122	2024-01-26
A23	0	0.0287780421441713	0	8.76523249913072	4.99618289205767	4.73254319909214	4.70825027777778	0.00989408734154844		16G2A12	9.8	1	0.137	2024-01-26
A24	0	0.0173837160495769	0	6.67775178878942	2.7456437306391	4.54299946752741	4.52387527777778	0.00736123241027192		16G2A12	10.1	1	0.126	2024-01-26
A3	0	0.000577937801894776	0	4.13483849789047	1.12273280721212	0.351587412861555	0.337124861111111	0.000986319345521474		16G2A12	3.8	1	0.00900000000000001	2024-01-26
A4	0	0.0020493597087866	0	11.9257334551949	4.37130307975498	0.553458530495845	0.552749583333333	0.000769419864509821		16G2A12	4.1	1	0.016	2024-01-26
A5	0	0.00222444381968762	0	24.3750218619744	5.05830206519811	1.55032177855377	1.53775027777778	0.00431289166402095		16G2A12	4.4	1	0.069	2024-01-26
A6	0	0.0000421441096536411	0	12.0995295184154	1.23388229561707	1.3636003347997	1.37862513888889	0.00438894170282848		16G2A12	4.7	1	0.047	2024-01-26
A7	0	0.0054984689827296	0	16.2227119563766	5.69573934485236	1.40148264823655	1.38887458333333	0.00510115073133962		16G2A12	5	1	0.062	2024-01-26
A8	0	0.00148865693337349	0	10.5517850951063	2.36571448025295	1.28474886672	1.28075	0.0035561736215201		16G2A12	5.3	1	0.04	2024-01-26
A9	0	0.00170712175740554	0	4.56480927763379	2.46611198458932	0.33640850448026	0.336875138888889	0.0011427413769208		16G2A12	5.6	1	0.01	2024-01-26
B1	0	0.0000000000000504215716246933	0	21.0224357039546	0.600906327967397	0.0465908261272646	0.046125	0.000384863305575649		23G1B04	3.2	1	0.002	2024-01-26
B10	0.293636476585853	0.0133205357204363	0.216356635913642	14.0814282439829	3.20372507934821	9.95767983429777	9.85725027777778	0.0171737967031509		23G1B04	5.9	1	0.314	2024-01-26
B11	0.308499128704414	0.00863908768908898	0.239715050738226	14.7968132965568	2.89154635232678	10.2701856215521	10.1880005555556	0.0115827553008295		23G1B04	6.2	1	0.32	2024-01-26
B12	0.298082290404774	0.0075116171621428	0.237163260521941	15.4129945883857	2.92265833685407	9.74308146042409	9.67137555555556	0.0101366575049933		23G1B04	6.5	1	0.308	2024-01-26
B13	0.223402129026894	0.00355920694503952	0.284497491349439	14.4935392204848	2.43639118669266	7.51859249850477	7.47050027777778	0.00898398836888569		23G1B04	6.8	1	0.252	2024-01-26
B14	0.227330438643332	0.00277405603518063	0.281417065438793	15.6131835659942	2.46306022514722	7.39921463511069	7.37325083333333	0.0106811568887102		23G1B04	7.1	1	0.249	2024-01-26
B15	0.209496416940862	0.00189676178712704	0.296617695047844	15.8300177601546	2.33683691880939	6.77600852065646	6.76550041666667	0.00805426896560863		23G1B04	7.4	1	0.219	2024-01-26
B16	0	0.00431727007802721	0	4.70839560761774	2.83507538521118	0.761339476068796	0.761375	0.00111166821864341		23G1B04	7.7	1	0.02	2024-01-26
B17	0.166589858341491	0.00274054016457559	0.179717243019592	22.7623799687374	3.85687632924783	4.2325891305088	4.25650111111111	0.00732197226592885		23G1B04	8	1	0.172	2024-01-26
B18	0	0.00446170024838764	0	6.19582789122097	3.74047992741806	0.750774309220602	0.750375	0.000525325443343969		23G1B04	8.3	1	0.019	2024-01-26
B19	0	0.00233302223519703	0	9.44396353150651	3.44378907995972	0.683154374964188	0.68275	0.000655003608614662		23G1B04	8.6	1	0.019	2024-01-26
B2	0	0	0	0	0	0	0	0	cannot fit data	23G1B04	3.5	1	0.00600000000000001	2024-01-26
B20	0	0.00242313197350272	0	15.6525855669681	5.67120850460505	0.594834288494804	0.591750138888889	0.0011082063642187		23G1B04	8.9	1	0.023	2024-01-26
B21	0	0.00309274709078528	0	9.1543423321191	4.76019182847233	0.555312930802886	0.556250138888889	0.00107706866110426		23G1B04	9.2	1	0.017	2024-01-26
B22	0	0.0000000285426147627814	0	22.7841644581241	1.11232948711181	1.06356246021837	1.22987541666667	0.0103272620243016		23G1B04	9.5	1	0.058	2024-01-26
B23	0	0.0269919043561922	0	14.2891123519134	6.95995335201328	4.45988244041868	4.44150027777778	0.00742435421982544		23G1B04	9.8	1	0.139	2024-01-26
B24	0	0.0114838963692939	0	6.39484224598712	2.01086433423195	4.79703772902678	4.78124791666667	0.00578333020257768		23G1B04	10.1	1	0.13	2024-01-26
B3	0	0.0023690024653063	0	8.56531486399074	2.89491610527325	0.813475587197857	0.80875	0.00139361072624094		23G1B04	3.8	1	0.022	2024-01-26
B4	0.169166981915797	0.00230437983350454	0.274568228169861	15.5967031319057	2.52449886565583	5.50782942737783	5.49775027777778	0.0043139745069531		23G1B04	4.1	1	0.18	2024-01-26
B5	0.216782375435899	0.00173837211906475	0.444398936362502	10.8413705974503	1.55974086309364	8.09578864311881	8.08825013888889	0.00426009778055457		23G1B04	4.4	1	0.223	2024-01-26
B6	0.204432917509231	0.000676254490833765	0.567505491698913	10.0582502637695	1.22139290403148	7.79720095243152	7.79549986111111	0.00603944377538521		23G1B04	4.7	1	0.221	2024-01-26
B7	0.210161408961475	0.00132116919407002	0.529393650828135	9.56387076248279	1.30932280633825	8.11831228222037	8.111125	0.0135543225909225		23G1B04	5	1	0.244	2024-01-26
B8	0.221641579007595	0.00188749660383486	0.472052712808683	10.0778103418413	1.46836817531619	8.44649334874633	8.42625013888889	0.0177007586524899		23G1B04	5.3	1	0.263	2024-01-26
B9	0	0.00289471827946795	0	2.78851488742731	1.43927422037866	0.628286630067423	0.628000138888889	0.00172609225722158		23G1B04	5.6	1	0.017	2024-01-26
C1	0	0.000000000000000146147524101802	0	21.5193317156836	0.470419663605523	0.229970467668782	0.229	0.00135696408076514		26G1B04	3.2	1	0.013	2024-01-26
C10	0.39211891370484	0.000743875212322221	0.491244518641459	12.7544390294998	1.41100237103276	13.8992108530431	13.99275	0.0145582309393123		26G1B04	5.9	1	0.409	2024-01-26
C11	0.400289356119157	0.000746821625736298	0.475090999403305	13.2232543799283	1.45897771464943	14.0011358666018	14.0617494444444	0.010576504378051		26G1B04	6.2	1	0.418	2024-01-26
C12	0.408078070914287	0.000629360543993639	0.441552383692521	14.6595653976729	1.56979603362899	13.687616789977	13.7961245833333	0.0114211978630098		26G1B04	6.5	1	0.426	2024-01-26
C13	0.398660138536797	0.000656522703028342	0.430450900769563	14.8849940439622	1.61028163565399	13.2817215432304	13.4193744444444	0.0158238470738377		26G1B04	6.8	1	0.431	2024-01-26
C14	0.4011228174065	0.00118329209617105	0.33839063080618	17.2079613113855	2.04836398368535	12.4300390776679	12.5359993055556	0.0148768589562277		26G1B04	7.1	1	0.437	2024-01-26
C15	0.380314722757501	0.00361906895064791	0.245960134417383	18.8860718883831	2.81812815805226	11.1366709744042	11.2061259722222	0.0174868329010433		26G1B04	7.4	1	0.419	2024-01-26
C16	0.322219855396268	0.00315378803109523	0.220120291676558	20.9739587113788	3.1489472200884	8.76354015466693	8.85550152777778	0.0145234768197957		26G1B04	7.7	1	0.346	2024-01-26
C17	0.24278899259703	0.00144912901952579	0.233836393696549	21.8753094064873	2.96423995256892	6.38847373169945	6.56650125	0.0160079185943511		26G1B04	8	1	0.252	2024-01-26
C18	0.20249585956535	0.00138093073739349	0.17626150112548	28.259822926968	3.93249334729367	4.0645578879921	4.20375069444445	0.00878429342307321		26G1B04	8.3	1	0.191	2024-01-26
C19	0	0.00247181639164457	0	240.094533193773	8.07035856644445	1.77903252998856	1.88700027777778	0.00662247591547551		26G1B04	8.6	1	0.146	2024-01-26
C2	0	0.00681391614397075	0	-0.0989798199648123	0.140819770384641	0.529181654774883	0.523625138888889	0.00110300710105944	questionable fit	26G1B04	3.5	1	0.013	2024-01-26
C20	0	0.00437019840769819	0	377.292753549656	13.7907170366751	0.893662865471712	0.920625	0.00358641791732329		26G1B04	8.9	1	0.053	2024-01-26
C21	0	0.0119796326542509	0	5403.74384171648	419.676749450815	0.601082071737936	0.59875	0.00160641773068005		26G1B04	9.2	1	0.021	2024-01-26
C22	0	0.00635258538693118	0	-3.49844630088452	6.90387364918482	0.464901805174011	0.463625	0.000853588414964895	questionable fit	26G1B04	9.5	1	0.015	2024-01-26
C23	0	0.00660381471727756	0	11.9748348862968	5.77466964449158	1.18901729710873	1.20012527777778	0.0132745583186452		26G1B04	9.8	1	0.057	2024-01-26
C24	0	0.0184954357014162	0	13.7534146505361	6.04892258659408	3.55935413217694	3.54612486111111	0.00681360261669634		26G1B04	10.1	1	0.111	2024-01-26
C3	0	0.00723079957471945	0	-0.0444512139768131	0.136443903904238	0.625160274035023	0.59425	0.00421697430024363	questionable fit	26G1B04	3.8	1	0.018	2024-01-26
C4	0.178656409445491	0.00597518050014213	0.253523732924383	13.2683159172704	2.73405243984273	6.21774155141393	6.22475	0.00384151093991161		26G1B04	4.1	1	0.182	2024-01-26
C5	0.270711480074445	0.00581662020082249	0.302546582427018	12.6215724860623	2.29104283710476	9.6133509349802	9.63200013888889	0.00796584383190078		26G1B04	4.4	1	0.279	2024-01-26
C6	0.3145569152652	0.00463729686680997	0.318897741596656	13.1772063441362	2.17357193277537	11.0035113438101	11.0261251388889	0.0110524391120407		26G1B04	4.7	1	0.327	2024-01-26
C7	0.35004407911604	0.00256058651086406	0.396126208531858	12.3962533070571	1.74981398764025	12.5280553109947	12.5988751388889	0.0141052350960238		26G1B04	5	1	0.371	2024-01-26
C8	0.365193910878813	0.00130631142118449	0.440507576445221	12.7798881827489	1.57351931640645	12.9339630378204	13.0093751388889	0.0135711885763405		26G1B04	5.3	1	0.39	2024-01-26
C9	0	0.00252865582028475	0	0.605505553675135	0.263014634565802	0.712937458446494	0.696625138888889	0.00164429129824898		26G1B04	5.6	1	0.017	2024-01-26
D1	0	0.0000000000000732472483129438	0	20.5974297670458	0.605559004033964	0.0350770077212708	0.03475	0.000500467143888726		28D10	3.2	1	0.002	2024-01-26
D10	0.245205297723408	0.00320864785332827	0.228351093108901	18.9316994492337	3.03544498571497	7.16509767593001	7.15037555555556	0.00505085315334318		28D10	5.9	1	0.274	2024-01-26
D11	0.239181332216503	0.00302040682285092	0.253851155690177	17.1719601440778	2.73052599928253	7.41084040040963	7.37937541666667	0.00532099428904646		28D10	6.2	1	0.251	2024-01-26
D12	0.225281241951836	0.00415944905572904	0.212135690471635	18.7301392471314	3.26747082972645	6.62232266448912	6.57587527777778	0.0074697554797802		28D10	6.5	1	0.256	2024-01-26
D13	0.181840924261759	0.00203789352194901	0.280967558788247	15.9447066070484	2.46700075819906	5.85897189253696	5.862	0.00573226938977843		28D10	6.8	1	0.191	2024-01-26
D14	0.201053352343017	0.00158060684258394	0.28561501753677	16.9384257305619	2.42685831626732	6.2807309635677	6.29137555555556	0.00512565404727417		28D10	7.1	1	0.212	2024-01-26
D15	0.18764443503363	0.00271249171362392	0.261442839463462	16.1493052482837	2.65123796078116	6.00473432972495	6.03425027777778	0.0044963276637655		28D10	7.4	1	0.201	2024-01-26
D16	0	0.00538133472493521	0	5.73254526384529	2.74653447113578	1.17608887618368	1.175375	0.00225992689930256		28D10	7.7	1	0.034	2024-01-26
D17	0.138581298961073	0.00595247158700442	0.152132422829979	20.4016203207627	4.55620943692322	3.8261617330432	3.83562541666667	0.00378675853534366		28D10	8	1	0.139	2024-01-26
D18	0.102113188851695	0.00886552027278462	0.0865646570284419	27.1830272415454	8.00727692286938	2.2166366115688	2.205125	0.00264526710253481		28D10	8.3	1	0.095	2024-01-26
D19	0	0.00560786142330042	0	23.8257503841464	7.5054336604952	1.36798664655564	1.36237527777778	0.00155088720715601		28D10	8.6	1	0.055	2024-01-26
D2	0	0	0	0	0	0	0	0	cannot fit data	28D10	3.5	1	0.00800000000000001	2024-01-26
D20	0	0.00321853939591133	0	26.4411793150667	7.62558709095064	0.863206349589682	0.868250138888889	0.00126523666319547		28D10	8.9	1	0.032	2024-01-26
D21	0	0.00634625201349146	0	762.970738389081	30.3979948445574	0.557107083017306	0.5575	0.00115760576273424		28D10	9.2	1	0.021	2024-01-26
D22	0	0.00545638681826102	0	1656.57666528833	77.7831156002529	0.328554731246672	0.3275	0.000450275224587334		28D10	9.5	1	0.00900000000000001	2024-01-26
D23	0	0.00557705966207802	0	-7.16770081513355	3.93339669084112	0.200361904769513	0.18675	0.000937232156972128	questionable fit (k < n0)	28D10	9.8	1	0.00700000000000001	2024-01-26
D24	0	0.0010336952898942	0	14.2638561929874	3.55734939937824	0.594873734726752	0.621375138888889	0.0103857040076765		28D10	10.1	1	0.038	2024-01-26
D3	0	0.000000000915445177632462	0	3.6677095249488	0.16121121010232	0.287789123428757	0.2875	0.00156149701363852		28D10	3.8	1	0.01	2024-01-26
D4	0	0.000365636896228123	0	208.329302181856	6.67930978104752	0.520675508657633	0.601250138888889	0.00352774475668167		28D10	4.1	1	0.056	2024-01-26
D5	0.254592620119987	0.00047297805702532	0.173953475320219	36.1390392397894	3.98466991983907	3.23836384168758	3.36275027777778	0.00666392936646485		28D10	4.4	1	0.217	2024-01-26
D6	0.264788202083655	0.000325667150814205	0.179040397140608	37.4193708926555	3.87145689816354	3.0542691684007	3.18287555555556	0.00685924124945378		28D10	4.7	1	0.221	2024-01-26
D7	0.296348440617809	0.000786416985061455	0.165924799037214	35.7339400436642	4.17747789710737	3.90335553669617	4.05637527777778	0.00860132896137736		28D10	5	1	0.247	2024-01-26
D8	0.247293534974116	0.000828287807413918	0.184175080453603	30.9250066615376	3.76352315879433	4.32323125633089	4.46737555555556	0.00958930508296188		28D10	5.3	1	0.226	2024-01-26
D9	0	0.00731629271994222	0	-0.581755838814165	1.59699948693542	0.609443738255095	0.599000138888889	0.00089312990911638	questionable fit	28D10	5.6	1	0.014	2024-01-26
E1	0	0.000000000000000485557926370368	0	21.3285596808218	0.482347145252168	0.267076724789928	0.265625	0.000909378704079043		30G3A09	3.2	1	0.011	2024-01-26
E10	0.382777484951838	0.000838417379918568	0.460808592829555	13.2842581886041	1.5041976025311	13.3649460376687	13.46775	0.0145083611878407		30G3A09	5.9	1	0.397	2024-01-26
E11	0.388386452698854	0.00079129859438186	0.464012553728409	13.3488657161685	1.49381126650649	13.5358354649976	13.5875	0.012079086132084		30G3A09	6.2	1	0.408	2024-01-26
E12	0.393695891900885	0.000483180446802333	0.452572335030905	14.8080545284385	1.53157214197066	13.1470628238664	13.2305	0.0100082663034855		30G3A09	6.5	1	0.41	2024-01-26
E13	0.373241565847485	0.000486125828489533	0.444754908879163	14.9345407941547	1.55849247916512	12.4167211943864	12.5678741666667	0.0152047026789793		30G3A09	6.8	1	0.397	2024-01-26
E14	0.38404602031945	0.000603426702102342	0.371775551349219	17.3607989981563	1.86442378484661	11.8438724099698	11.9855004166667	0.0145181969408305		30G3A09	7.1	1	0.418	2024-01-26
E15	0.362647984616883	0.00283734774476581	0.25989413514322	18.6333876236425	2.66703663850657	10.7136656365979	10.8398759722222	0.0159991759331533		30G3A09	7.4	1	0.389	2024-01-26
E16	0.299910676547038	0.000998445603729973	0.272863009346133	20.8958539582318	2.54027536462691	8.1871937894769	8.37050194444445	0.0177783560328359		30G3A09	7.7	1	0.321	2024-01-26
E17	0.235536556829202	0.00130107942429729	0.239581808635057	21.6758221599802	2.89315446990294	6.24478586618041	6.43737638888889	0.0154263692635772		30G3A09	8	1	0.245	2024-01-26
E18	0.17811052111425	0.000582269827027223	0.206360781864126	27.7182080099209	3.35890945119763	3.65853676629257	3.81575055555556	0.0087382226907093		30G3A09	8.3	1	0.175	2024-01-26
E19	0.149119830029455	0.000628662220028577	0.153546542613949	35.5897734004326	4.5142480498742	2.00780591825208	2.11225027777778	0.00569864847134234		30G3A09	8.6	1	0.123	2024-01-26
E2	0	0.004532303368232	0	-0.353041704166592	0.129195384981378	0.251212870180095	0.2505	0.00133026387886945	questionable fit	30G3A09	3.5	1	0.00800000000000001	2024-01-26
E20	0	0.00621129339850838	0	401.893025667017	15.795732982514	1.03217957438622	1.04037513888889	0.00289578165439182		30G3A09	8.9	1	0.049	2024-01-26
E21	0.110133606172844	0.00900344670965956	0.0293456580554451	82.4244908188429	23.6200932775243	0.851354008876897	0.84975	0.001579644495272		30G3A09	9.2	1	0.029	2024-01-26
E22	0	0.00623724229515655	0	881.230664893347	39.5078611353898	0.472712127271201	0.471625	0.000965494678687601		30G3A09	9.5	1	0.016	2024-01-26
E23	0	0.00466342389142103	0	688.643756390135	27.4262200528673	0.439415205296957	0.44175	0.0017119700383946		30G3A09	9.8	1	0.019	2024-01-26
E24	0	0.00135663098458759	0	-8.09539873182607	131726.627994309	0.0213003483666252	0.01875	0.000520817169944485	questionable fit (k < n0)	30G3A09	10.1	1	0.003	2024-01-26
E3	0	0.0000629489547724405	0	3.64876693398443	0.499660549098889	0.445514032212849	0.42975	0.00132868811938406		30G3A09	3.8	1	0.012	2024-01-26
E4	0.163926887193137	0.00205572019251477	0.272581345170489	16.0178771789588	2.5429002858813	5.2687930291641	5.28387513888889	0.00332549031680549		30G3A09	4.1	1	0.165	2024-01-26
E5	0.264174933428688	0.00460613726265882	0.299348032337867	13.4680430155429	2.31552275505725	9.16106386125292	9.18850027777778	0.00723066320700837		30G3A09	4.4	1	0.273	2024-01-26
E6	0.304465615796239	0.00183021233025259	0.355661191394196	14.362255225199	1.94889742634781	10.2987111535094	10.3255002777778	0.00948733471249107		30G3A09	4.7	1	0.317	2024-01-26
E7	0.337458785908021	0.00372667233390021	0.345292394563992	13.0174396742347	2.00742093214997	11.863409978557	11.925	0.0127015301894627		30G3A09	5	1	0.354	2024-01-26
E8	0.354226507398864	0.00124122636204581	0.415594994504593	13.5957519736083	1.66784294740173	12.2564232692724	12.3456251388889	0.0142050467868381		30G3A09	5.3	1	0.376	2024-01-26
E9	0	0.00662154602688256	0	1.20795489041512	1.98548687635868	0.761470180475138	0.760375138888889	0.000874812419439515		30G3A09	5.6	1	0.018	2024-01-26
F1	0	0.000000000000011963826278963	0	21.1880446512478	0.527104370742563	0.407400966995954	0.4035	0.00140031788987142		32G4B12	3.2	1	0.017	2024-01-26
F10	0.261452924591761	0.000862800741907124	0.582570090847023	9.8022887898651	1.18980907439335	10.0389450585366	10.080125	0.0061556670819702		32G4B12	5.9	1	0.268	2024-01-26
F11	0.269424340214667	0.00141933509470739	0.547841335204045	9.56630469553007	1.2652334462893	10.4075325235122	10.4425	0.0102163778680252		32G4B12	6.2	1	0.287	2024-01-26
F12	0.275130034307327	0.000829154471216689	0.553020983705076	10.4906948981292	1.25338314636104	10.3747600499148	10.4255001388889	0.0115686747367331		32G4B12	6.5	1	0.297	2024-01-26
F13	0.258569939245498	0.0013224164641535	0.532108731640607	9.90507712802925	1.3026419965386	9.90064529515187	9.95424888888889	0.0179376165545369		32G4B12	6.8	1	0.294	2024-01-26
F14	0.269718011949368	0.00259239958669664	0.411780262793308	11.2563313415549	1.68329384186116	9.9593206547714	9.98362444444444	0.0079102191538916		32G4B12	7.1	1	0.286	2024-01-26
F15	0.269131106934342	0.0105212905633654	0.261695233390205	12.2352994622677	2.64868095448424	9.63956320220856	9.62474972222222	0.00793997217147847		32G4B12	7.4	1	0.287	2024-01-26
F16	0.237638712514033	0.00851552247484356	0.212946204089603	15.4610369749373	3.25503421638023	7.74148940816804	7.72075027777778	0.010579930079839		32G4B12	7.7	1	0.257	2024-01-26
F17	0.206758201416648	0.00860307518619639	0.195171492066346	16.0726878572824	3.55147759143184	6.60053889958959	6.59200013888889	0.0112532034334894		32G4B12	8	1	0.23	2024-01-26
F18	0.173804127078797	0.00321963394921325	0.189877207075293	20.9080548596403	3.65050229691386	4.73227975355673	4.7755	0.00642936653821469		32G4B12	8.3	1	0.175	2024-01-26
F19	0.125300202665719	0.00229728031814226	0.202995651298379	19.6087065691386	3.41459127881071	3.57352153994336	3.62062597222222	0.00829912428360796		32G4B12	8.6	1	0.132	2024-01-26
F2	0	0.00587532251119043	0	0.458038153497824	0.55863324787518	0.76986925854992	0.768875	0.00204902543968386		32G4B12	3.5	1	0.02	2024-01-26
F20	0.0904557297502723	0.00376269474967003	0.138393452402696	22.6689782079135	5.00852582637387	2.30088916921186	2.30450027777778	0.00239536671483846		32G4B12	8.9	1	0.093	2024-01-26
F21	0	0.00412934638195556	0	23.6856808572976	5.67104248036682	1.92887725634472	1.95112527777778	0.00385704676754448		32G4B12	9.2	1	0.078	2024-01-26
F22	0	0.00415041952647473	0	34.42136398618	8.23785442985966	1.29940676417738	1.31000013888889	0.00224580333040371		32G4B12	9.5	1	0.058	2024-01-26
F23	0.133388827242003	0.00465473646597197	0.0563830885915697	58.8804861889186	12.2935298131856	0.949341862376293	0.95725	0.00276839581407317		32G4B12	9.8	1	0.042	2024-01-26
F24	0.565794707279743	0.000194547433662705	0.0900964803124671	88.5158514552521	7.69338800090764	0.161882754107193	0.168999861111111	0.00110174894679333		32G4B12	10.1	1	0.014	2024-01-26
F3	0	0.00000000000503394059819886	0	3.83107530786439	0.119388209430969	1.02059387753106	1.016125	0.00207636513598661		32G4B12	3.8	1	0.026	2024-01-26
F4	0.0904148766760639	0.00282338554351931	0.395999392683338	8.67361721073265	1.75037435250367	3.56695655453009	3.583625	0.00608587113401894		32G4B12	4.1	1	0.101	2024-01-26
F5	0.177327923833387	0.00526285950544116	0.387422995774596	9.0010097827033	1.78912245302863	6.93812311598706	6.944875	0.00381679890742264		32G4B12	4.4	1	0.182	2024-01-26
F6	0.224220557429636	0.00701186142342064	0.319973744674674	10.7298035453549	2.16626267653518	8.38038767256553	8.35100027777778	0.00605159898708374		32G4B12	4.7	1	0.231	2024-01-26
F7	0.246506819206099	0.0104009898576738	0.321941041106488	9.69860550547288	2.15302521908251	9.45901501393001	9.42862541666667	0.0121583945755559		32G4B12	5	1	0.262	2024-01-26
F8	0.239478767701396	0.00425085653910505	0.419366872498644	9.57022273537194	1.65284200068089	9.24191497188715	9.237125	0.00720640914204008		32G4B12	5.3	1	0.25	2024-01-26
F9	0	0.0231050255545272	0	-3.95449530803477	2.98425458843589	1.51155444553685	1.50700013888889	0.000683792488323891	questionable fit	32G4B12	5.6	1	0.033	2024-01-26
G1	0	0.00000000000000200951809183269	0	21.2729576460526	0.522980274733994	0.0950987605364641	0.0943750000000001	0.000483002665356513		33D06	3.2	1	0.004	2024-01-26
G10	0.260361242572205	0.00455023533502807	0.343549059272923	11.7283393928505	2.01760756390049	9.48367720083723	9.467875	0.00627543728801462		33D06	5.9	1	0.27	2024-01-26
G11	0.252029016669366	0.00163217364774621	0.421449570210442	11.94243566604	1.6446740714763	9.13526320476805	9.13712486111111	0.00687951396604044		33D06	6.2	1	0.262	2024-01-26
G12	0.237084305987231	0.00189198667998764	0.293235330962786	16.4467771097728	2.36379149226022	7.52290537620558	7.54775027777778	0.0042053073947433		33D06	6.5	1	0.246	2024-01-26
G13	0.219085707270675	0.00242497959766625	0.353764238655442	12.6991624963567	1.95934779387086	7.77186982782833	7.82424986111111	0.00910185992237138		33D06	6.8	1	0.233	2024-01-26
G14	0.242845192278269	0.00251226686469908	0.347365082886212	13.1298161418565	1.99544287756465	8.51050586271904	8.501625	0.00853772310632527		33D06	7.1	1	0.264	2024-01-26
G15	0.256035454701866	0.00918040788372147	0.237932743656751	13.8347064946193	2.91320635364043	8.76095198798508	8.73474902777778	0.0162216879528598		33D06	7.4	1	0.273	2024-01-26
G16	0	0.00681941549042671	0	1.34211554238359	1.222494274871	0.989101145918902	0.987875	0.00157082106454909		33D06	7.7	1	0.025	2024-01-26
G17	0.124316227050501	0.00721528089394873	0.132958143275867	20.9602447687825	5.21327361741035	3.35567932863754	3.39612527777778	0.00681870642676853		33D06	8	1	0.117	2024-01-26
G18	0	0.00385367671088558	0	2.0863773032307	1.1120704721122	0.823172811157814	0.80825	0.00125459870297314		33D06	8.3	1	0.022	2024-01-26
G19	0	0.00353527147679801	0	3.09195605780119	1.49325941790834	0.820970241970214	0.820125138888889	0.00118421014061622		33D06	8.6	1	0.023	2024-01-26
G2	0	0.00441521135183645	0	-0.440413348998182	0.357596876742093	0.302316628895815	0.301375	0.000948804243673669	questionable fit	33D06	3.5	1	0.00800000000000001	2024-01-26
G20	0	0.00565558127528981	0	11.4970406962269	8.74362728734602	0.653219148886766	0.652	0.000846125083081235		33D06	8.9	1	0.019	2024-01-26
G21	0	0.00829491774015042	0	609.755925714205	26.5295849072767	0.801168448500694	0.800000138888889	0.00123045502663298		33D06	9.2	1	0.029	2024-01-26
G22	0.0873534409315654	0.0039123076237961	0.0551606246228477	55.4746076356079	12.5659777295713	0.739215284263589	0.742375	0.00132815374028452		33D06	9.5	1	0.032	2024-01-26
G23	0	0.00389225241391073	0	665.305291245242	27.0660448258454	0.370334123466528	0.372	0.00143984808057769		33D06	9.8	1	0.015	2024-01-26
G24	0	0.000550132123796345	0	7.62023602197816	5.45053429876996	0.0761999579865654	0.0711250000000001	0.00106015235905783		33D06	10.1	1	0.005	2024-01-26
G3	0	0.00000000000018492072075066	0	3.88130643635137	0.107444181780932	0.613770807842891	0.613	0.00183566115955469		33D06	3.8	1	0.017	2024-01-26
G4	0	0.00858084231417781	0	385.700519834426	13.5651101354786	1.80386788323483	1.82925	0.0056158245792593		33D06	4.1	1	0.108	2024-01-26
G5	0.199913419654762	0.00549112835725954	0.216199573965345	16.4981767689974	3.20605248126461	6.31378447044285	6.32825055555556	0.00364390554524189		33D06	4.4	1	0.202	2024-01-26
G6	0.262073900861236	0.00369649502626598	0.307008257438175	13.8336222104146	2.25774767865822	8.99566447005244	9.00687541666667	0.00598164006147418		33D06	4.7	1	0.271	2024-01-26
G7	0.249023585436921	0.0033989936871293	0.383570667038074	11.1591559911191	1.80709120932635	9.21629767930539	9.22812513888889	0.00544943593852441		33D06	5	1	0.257	2024-01-26
G8	0.229842321039012	0.00183438291108227	0.442855410099203	10.8899478204595	1.56517717691351	8.57235560295077	8.60887527777778	0.00414482233295852		33D06	5.3	1	0.238	2024-01-26
G9	0	0.0050965296393207	0	1.79136899031198	1.5611584126821	0.746805478012928	0.745875138888889	0.000796407735073171		33D06	5.6	1	0.018	2024-01-26
H1	0	0.00000000000000534766042339008	0	21.261213097184	0.53619795448377	0.124451067335372	0.1235	0.000556268631034052		36G1B07	3.2	1	0.005	2024-01-26
H10	0.201643990887957	0.00192674665775579	0.390874211904915	11.8735632461707	1.77332543168277	7.32100721237477	7.33825	0.00439407536469269		36G1B07	5.9	1	0.205	2024-01-26
H11	0.203027668855393	0.00158519774615885	0.409777303374518	11.8229941898083	1.691521650545	7.38261397930685	7.39825	0.00511270450933859		36G1B07	6.2	1	0.21	2024-01-26
H12	0.215796489981847	0.00235530966602788	0.353379737172981	12.7531055314639	1.96147969916183	7.64363492385774	7.658625	0.00508019381329039		36G1B07	6.5	1	0.224	2024-01-26
H13	0.196734377201135	0.00262335874799268	0.351501233371018	12.2445510433514	1.97196229985433	7.06709018872106	7.09437472222222	0.0070525290801825		36G1B07	6.8	1	0.205	2024-01-26
H14	0.207189230055953	0.0050195349159736	0.257066076449166	14.3767321909768	2.69637748447533	6.98916333187316	6.97712527777778	0.00283188476993691		36G1B07	7.1	1	0.22	2024-01-26
H15	0.187489235975065	0.0101280077137234	0.192628863241737	14.8621749374632	3.59835576504488	6.19889705919862	6.17750041666667	0.00449198900648335		36G1B07	7.4	1	0.194	2024-01-26
H16	0.157006810841101	0.0105624703942688	0.16668733918166	15.7740728882831	4.15836729989754	5.03045399042487	5.007375	0.00464340474925433		36G1B07	7.7	1	0.165	2024-01-26
H17	0.129410894078787	0.0102896899355707	0.14735500911893	16.6197205974224	4.70392682749254	4.02300381432576	4.01187527777778	0.00251929575510284		36G1B07	8	1	0.134	2024-01-26
H18	0.100212304053341	0.00935353691659345	0.144421051266646	15.7425231284198	4.79948854049109	3.19147785428346	3.18100013888889	0.0029159290328917		36G1B07	8.3	1	0.106	2024-01-26
H19	0.107178544775925	0.00844645546827421	0.105578538604077	23.2875275939841	6.56522802573801	2.65786341338026	2.65150041666667	0.00289750590125973		36G1B07	8.6	1	0.1	2024-01-26
H2	0	0.00358063717303888	0	-0.485553217834425	0.363717656265822	0.240147575753179	0.23225	0.000550237533574653	questionable fit	36G1B07	3.5	1	0.00600000000000001	2024-01-26
H20	0.0904624616824789	0.0068053269612781	0.101736178600818	24.6620333954331	6.81318278406787	2.13776138393568	2.13937513888889	0.00289104263370267		36G1B07	8.9	1	0.081	2024-01-26
H21	0	0.00802049069705346	0	745.680546049257	28.3686842255319	0.737680074435834	0.73875	0.00317089066992252		36G1B07	9.2	1	0.039	2024-01-26
H22	0	0.0058565001715483	0	956.89968539406	40.3854752081645	0.439239565273899	0.43875	0.00181049427905975		36G1B07	9.5	1	0.02	2024-01-26
H23	0	0.00554321235308606	0	-1.7470025442885	1.18922840074448	0.359739814615907	0.358875	0.00279875209825838	questionable fit	36G1B07	9.8	1	0.015	2024-01-26
H24	0	0.0000761934640591193	0	9.76505960432797	1.79457772232002	0.130000303302899	0.131874861111111	0.00124413738529159		36G1B07	10.1	1	0.00700000000000001	2024-01-26
H3	0	0.000000238748259554329	0	4.00731809368552	0.263602775236679	0.397776545602826	0.394875	0.000401530074904623		36G1B07	3.8	1	0.00900000000000001	2024-01-26
H4	0	0.00439509236216835	0	18.7272831109009	7.31334988405158	0.862832904883015	0.86025	0.000864624413844245		36G1B07	4.1	1	0.031	2024-01-26
H5	0	0.00664882116039793	0	18.2772716765937	5.94278617304151	1.83229174269186	1.82112458333333	0.00326659161970294		36G1B07	4.4	1	0.074	2024-01-26
H6	0.109609090773933	0.00281882454699787	0.190097785845024	19.1193537329821	3.64626645954219	3.17528287668741	3.18812513888889	0.0027935922662935		36G1B07	4.7	1	0.111	2024-01-26
H7	0.172532890201402	0.00447696604161428	0.241787100891069	14.9939810618484	2.86676658103538	5.71141681889901	5.70475027777778	0.00184710102731032		36G1B07	5	1	0.174	2024-01-26
H8	0.208002843949128	0.00403901195535573	0.283147873438834	13.8512168210536	2.44800418997206	7.13126564751237	7.12787513888889	0.00169532480618535		36G1B07	5.3	1	0.21	2024-01-26
H9	0	0.00362347169617473	0	0.729108530927262	1.02601709931528	0.44680552027603	0.446250138888889	0.000861780071535227		36G1B07	5.6	1	0.011	2024-01-26
I1	0	0.00000000000000400370875055152	0	21.1645135769016	0.527092359776661	0.13238212151244	0.131250138888889	0.000625630605641808		36G1B07	3.2	2	0.00600000000000001	2024-01-26
I10	0.201634611743237	0.00180745154541658	0.402270804209848	11.6974308786048	1.72308597418956	7.35662034517124	7.37575	0.00443595684732499		36G1B07	5.9	2	0.205	2024-01-26
I11	0.205643723742151	0.00174627402413646	0.414557083360017	11.4824543398334	1.67201866373126	7.54747366096097	7.55037486111111	0.00482945253140115		36G1B07	6.2	2	0.212	2024-01-26
I12	0.215869538845426	0.002981738872246	0.340730930827136	12.526771817739	2.03429485804916	7.69297402205132	7.702375	0.00429097589984852		36G1B07	6.5	2	0.224	2024-01-26
I13	0.198586993639823	0.0027329492741686	0.358840120312955	11.9049908918104	1.93163233797668	7.20098677814515	7.24074972222222	0.00805214911209874		36G1B07	6.8	2	0.206	2024-01-26
I14	0.198824239577996	0.00364779293029868	0.290841311247527	13.6836877776721	2.3832487124569	6.85098954501205	6.85912513888889	0.00429807763327254		36G1B07	7.1	2	0.208	2024-01-26
I15	0.20116577036638	0.010986981492553	0.183375753257675	15.5486944260182	3.77992819795512	6.51040927451307	6.48737527777778	0.00324075676175581		36G1B07	7.4	2	0.205	2024-01-26
I16	0.160398120059263	0.0110356154776756	0.164552276578151	15.8323452511435	4.2123220351239	5.12770999021714	5.10637513888889	0.00357604435356448		36G1B07	7.7	2	0.166	2024-01-26
I17	0.13197777112294	0.0110564941937515	0.144334150373126	16.5734980849332	4.80237822281182	4.10408008672202	4.09012527777778	0.00294178737643712		36G1B07	8	2	0.136	2024-01-26
I18	0.10996420467786	0.0104261738882052	0.140891582008053	16.013876723091	4.91972033162582	3.47041648050841	3.45737513888889	0.00326085866975369		36G1B07	8.3	2	0.115	2024-01-26
I19	0.104916565987786	0.00924560552980376	0.101267643239115	23.0751538536618	6.84470536085523	2.61921586216928	2.61037541666667	0.00318465101996391		36G1B07	8.6	2	0.098	2024-01-26
I2	0	0.00456613785687001	0	-0.522110262597794	0.575184261577481	0.334951328953871	0.316375	0.000607260351698433	questionable fit	36G1B07	3.5	2	0.00700000000000001	2024-01-26
I20	0.0970835266045321	0.00600277749465874	0.121910654475235	22.3075185653127	5.68569813314184	2.49654598484981	2.49487513888889	0.00268710691374134		36G1B07	8.9	2	0.093	2024-01-26
I21	0	0.00311232306895807	0	1.69661756459531	1.06689077354736	0.57507572364286	0.574875	0.00160348070793298		36G1B07	9.2	2	0.017	2024-01-26
I22	0	0.00507521345562149	0	1.50121897114136	2.29564855572722	0.588706953835772	0.587625000000001	0.000555283119692614		36G1B07	9.5	2	0.015	2024-01-26
I23	0	0.00626773326165794	0	0.832807167254256	2.7490137044679	0.630245152199241	0.6265	0.000771850246173545		36G1B07	9.8	2	0.015	2024-01-26
I24	0	0.000500670869424694	0	2.37204969696967	0.662650106498258	0.296800192016131	0.296249861111111	0.00146291586763602		36G1B07	10.1	2	0.01	2024-01-26
I3	0	0.000320931489243096	0	4.96131794274693	0.93538478574015	0.56172573112786	0.547750000000001	0.000830741283916209		36G1B07	3.8	2	0.014	2024-01-26
I4	0	0.00528731954933882	0	18.2095561888271	7.21740121600577	1.03084752875512	1.028375	0.000815398452411887		36G1B07	4.1	2	0.035	2024-01-26
I5	0	0.00669726240402881	0	21.4556160852606	6.23011135151574	2.10128385048847	2.09125013888889	0.00311984713979601		36G1B07	4.4	2	0.081	2024-01-26
I6	0.103819092305892	0.00309482036474815	0.197901651682448	17.5979174972843	3.50248304987452	3.1629213891259	3.168	0.00280805262517186		36G1B07	4.7	2	0.109	2024-01-26
I7	0.175081918972377	0.00530225002251963	0.233852438931213	14.8228955158766	2.96403656822169	5.82183511042747	5.81387513888889	0.00198202525512473		36G1B07	5	2	0.178	2024-01-26
I8	0.205931550768856	0.00543861519575321	0.272080357560386	13.2580483779247	2.54758258470058	7.17642122434289	7.17287513888889	0.0022276972408468		36G1B07	5.3	2	0.209	2024-01-26
I9	0	0.00473331484803966	0	0.834885639023801	1.99527180167044	0.506092519068325	0.505000138888889	0.000759160847437571		36G1B07	5.6	2	0.013	2024-01-26
J1	0	0.0378505941849178	0	-4.18431355364516	20.4715536283599	0.512482119997178	0.42325	0.0146552219807095	questionable fit (k < n0)	36G1B08	3.2	1	0.089	2024-01-26
J10	0.273368768550945	0.000446009207750554	0.533311973328796	12.0316153119287	1.29970301666677	9.8877607102091	9.94074930555556	0.017247815022404		36G1B08	5.9	1	0.316	2024-01-26
J11	0.276605271264078	0.000681703855895556	0.532901921812016	11.265269642127	1.30070309786658	10.2163664942866	10.2498743055556	0.0199602714210313		36G1B08	6.2	1	0.321	2024-01-26
J12	0.285822285591165	0.000764691997364499	0.502895912998523	11.773755231746	1.37831142119857	10.4112596429973	10.4567501388889	0.0224241393083003		36G1B08	6.5	1	0.331	2024-01-26
J13	0.274067648414729	0.0010366407770899	0.497828499075874	11.1958232942244	1.39234130196773	10.1408556319257	10.2053747222222	0.0295306087795576		36G1B08	6.8	1	0.319	2024-01-26
J14	0.287271611073437	0.00118414228183591	0.449914001602111	12.1962839114727	1.5406214923112	10.3415647745256	10.3938752777778	0.0186059268957159		36G1B08	7.1	1	0.316	2024-01-26
J15	0.284026004478209	0.00307367930263449	0.381514691318828	11.8352183610893	1.81682959092312	10.3217851412644	10.3552502777778	0.0100050096924671		36G1B08	7.4	1	0.298	2024-01-26
J16	0.239490845611643	0.00198651701320711	0.38923382986273	12.2903062922977	1.78079891155503	8.59604941883159	8.633	0.0106354605828442		36G1B08	7.7	1	0.252	2024-01-26
J17	0.207287342395328	0.00309432733447988	0.346391036215805	12.0946985276006	2.00105403457411	7.47615266454738	7.49975013888889	0.00774561011049989		36G1B08	8	1	0.216	2024-01-26
J18	0.153353718266303	0.00300533038934106	0.320049764726002	12.2248728468187	2.16574813342967	5.50816503551131	5.522	0.0016164413162841		36G1B08	8.3	1	0.153	2024-01-26
J19	0.133289253499995	0.00373113704413317	0.239304748020755	14.8238451629541	2.89650408649572	4.43368726052827	4.43662513888889	0.00171409596575346		36G1B08	8.6	1	0.136	2024-01-26
J2	0	0.00843584304034213	0	-22.0990478436796	9.08996790307538	0.4603552712503	0.456375138888889	0.000501921072755718	questionable fit	36G1B08	3.5	1	0.01	2024-01-26
J20	0	0.00736648933644591	0	20.222587852068	7.6407463433901	1.45443030983546	1.44037486111111	0.00509051519679825		36G1B08	8.9	1	0.062	2024-01-26
J21	0	0.00728873131395963	0	1.94845477884897	5.09204367612302	0.706704117381078	0.705625	0.00106641293398641		36G1B08	9.2	1	0.018	2024-01-26
J22	0	0.00744101188042801	0	-10.3917895947738	5.37270557697044	0.435674497324855	0.43425	0.000612785625854811	questionable fit	36G1B08	9.5	1	0.011	2024-01-26
J23	0	0.00636842047916546	0	-0.339580992134787	0.419060706729632	0.479319168447244	0.469625	0.000586976632629076	questionable fit	36G1B08	9.8	1	0.012	2024-01-26
J24	0	0	0	0	0	0	0	0	cannot fit data	36G1B08	10.1	1	0.004	2024-01-26
J3	0	0.0000183032218173871	0	4.30409880852006	0.438924771555752	0.720075399159363	0.718	0.00169300163412223		36G1B08	3.8	1	0.018	2024-01-26
J4	0	0.00489305793223808	0	21.8777669303307	7.2601652171043	1.1509047632136	1.1505	0.000833462178018191		36G1B08	4.1	1	0.04	2024-01-26
J5	0	0.00663393062672752	0	20.9195560128268	6.05093465828996	2.13842953260181	2.12750013888889	0.00222016268495669		36G1B08	4.4	1	0.081	2024-01-26
J6	0.0939443249297299	0.00477917979904825	0.156412943630422	18.7083063845326	4.43152059204088	2.74558767333763	2.74362541666667	0.000792399145460974		36G1B08	4.7	1	0.094	2024-01-26
J7	0.196813051837982	0.00882533142159518	0.178700501300566	17.1166307007093	3.87882057137659	6.07226445144107	6.04737541666667	0.00395827306693512		36G1B08	5	1	0.204	2024-01-26
J8	0.256644752496927	0.00316495589407877	0.303632239929828	14.4357035440971	2.28285105929508	8.65618277091395	8.67737541666667	0.00881604673973889		36G1B08	5.3	1	0.275	2024-01-26
J9	0	0.0141428560751012	0	-49.7616529762041	15.3041035889969	0.72294345837252	0.713000138888889	0.00432169776429345	questionable fit	36G1B08	5.6	1	0.071	2024-01-26
K1	0	0.00000000000000126298204345479	0	21.1934248385211	0.507230491423089	0.129052991661409	0.127875	0.000547384443456875		36G1B08	3.2	2	0.00600000000000001	2024-01-26
K10	0.281606460860003	0.00098532629274209	0.492853049025955	11.4674910223218	1.40639726573639	10.3434389326723	10.3894993055556	0.0172423375474927		36G1B08	5.9	2	0.324	2024-01-26
K11	0.281763362051256	0.000752914689009577	0.523708373314768	11.3081926928001	1.32353656324555	10.3946506259551	10.4268744444444	0.0190437475735846		36G1B08	6.2	2	0.327	2024-01-26
K12	0.293640167775895	0.00104583480809128	0.480012386651474	11.7371381474905	1.44401936249038	10.7061648682407	10.7537502777778	0.021286659548001		36G1B08	6.5	2	0.335	2024-01-26
K13	0.277405219509246	0.000953291681743997	0.500327484376147	11.3323202874031	1.38538697594081	10.2266881412037	10.2759997222222	0.0285507709902492		36G1B08	6.8	2	0.321	2024-01-26
K14	0.292957979222453	0.00122937076762582	0.448263073624303	12.2011421447566	1.54629551561252	10.5447878366827	10.5997501388889	0.0188894134921581		36G1B08	7.1	2	0.324	2024-01-26
K15	0.285679028414713	0.00257392829774157	0.389614592343888	12.0641912472957	1.77905857270394	10.3179560518384	10.3466252777778	0.00971404998753368		36G1B08	7.4	2	0.301	2024-01-26
K16	0.241205088455733	0.00194570762508355	0.390414532363755	12.3251623891296	1.77541336989508	8.64932900670491	8.67775	0.00939460423196024		36G1B08	7.7	2	0.253	2024-01-26
K17	0.205934835044275	0.00347447420002905	0.335712338164857	12.1088816171169	2.06470570712109	7.42295647123589	7.44112513888889	0.00525093948123575		36G1B08	8	2	0.212	2024-01-26
K18	0.150728096477417	0.002540307238064	0.338834971240069	12.0005183266837	2.04567780599259	5.44943175239612	5.469	0.00215003536867607		36G1B08	8.3	2	0.151	2024-01-26
K19	0.12594477676116	0.00309308523217673	0.255832407088007	14.3914872241632	2.70937989619705	4.24644527627941	4.24850013888889	0.00166653472702528		36G1B08	8.6	2	0.129	2024-01-26
K2	0	0.00698942621622547	0	-14.9881888467534	9.46032136956378	0.413906684396502	0.4125	0.000385765714104302	questionable fit	36G1B08	3.5	2	0.01	2024-01-26
K20	0	0.00681689339979296	0	18.1723819425116	6.72536578428392	1.48795467070553	1.47387486111111	0.00530405055887282		36G1B08	8.9	2	0.062	2024-01-26
K21	0	0.0084607820514679	0	0.655342321825356	5.30372182616915	0.752763766837615	0.751375	0.00111796587091742		36G1B08	9.2	2	0.021	2024-01-26
K22	0	0.00738529268419112	0	-9.88975795035809	5.83465863294587	0.444141637124536	0.44275	0.00058139872646473	questionable fit	36G1B08	9.5	2	0.012	2024-01-26
K23	0	0.00646686173912622	0	-0.367181797422141	0.537485921359424	0.501942497420052	0.500624861111112	0.000695870695188266	questionable fit	36G1B08	9.8	2	0.013	2024-01-26
K24	0	0.00000000000000185517220826192	0	1.23944257969503	0.0304776113206428	0.152139646436523	0.152624861111111	0.00118602791673486		36G1B08	10.1	2	0.005	2024-01-26
K3	0	0.0018004593018029	0	5.75129821972997	1.81447837722859	0.759269362564185	0.754625	0.00184136020433804		36G1B08	3.8	2	0.02	2024-01-26
K4	0	0.00710666669078735	0	25.0430644858862	9.8032664916898	1.14577750777682	1.143125	0.000829648723016701		36G1B08	4.1	2	0.041	2024-01-26
K5	0	0.00662621737424386	0	19.5527471743057	5.73518941246506	2.16920876060781	2.16262513888889	0.00133887016684948		36G1B08	4.4	2	0.079	2024-01-26
K6	0.0957551079012393	0.00477720151066282	0.162677320581561	18.1141523757125	4.2608716327635	2.85559033824589	2.85862527777778	0.00176786051955704		36G1B08	4.7	2	0.101	2024-01-26
K7	0.192978489058246	0.011322003911079	0.160137593610092	17.3311545136964	4.3284475864402	5.89363065608024	5.87800041666667	0.00284532207309052		36G1B08	5	2	0.198	2024-01-26
K8	0.259298790434034	0.00310880573441862	0.299101474442262	14.7497790205908	2.31743150665661	8.66440878586471	8.68812541666667	0.00878963096137828		36G1B08	5.3	2	0.277	2024-01-26
K9	0	0.00720051499505537	0	-0.255066561645745	3.08518598842127	0.633434562103986	0.630000277777778	0.000697391221960757	questionable fit	36G1B08	5.6	2	0.015	2024-01-26
L1	0	0.00000000000000322295763333847	0	21.3887189787667	0.504602045938714	0.497161838268106	0.49475	0.0015640096172905		36G4B07	3.2	1	0.02	2024-01-26
L10	0.264496318528596	0.000402959446520241	0.54507467303395	11.8978597712182	1.27165545355796	9.60229161929535	9.64324902777778	0.018410912691075		36G4B07	5.9	1	0.312	2024-01-26
L11	0.267438438267312	0.000463481963565495	0.54742573120828	11.6109680333235	1.26619400777897	9.78572907984809	9.81524888888889	0.0194766984355333		36G4B07	6.2	1	0.312	2024-01-26
L12	0.28562396471555	0.000439200144381843	0.529781373255442	12.2237920280413	1.30836457367431	10.2761862795208	10.323	0.0214538920566711		36G4B07	6.5	1	0.329	2024-01-26
L13	0.277061364891995	0.000632751772942394	0.516507602037349	11.7706489911151	1.34198834213833	10.0932476025582	10.1607497222222	0.0280497957803026		36G4B07	6.8	1	0.323	2024-01-26
L14	0.292191131694816	0.00060052698166064	0.494366634831548	12.5115613605819	1.40209134622552	10.4280090886338	10.4991252777778	0.0210606409977162		36G4B07	7.1	1	0.32	2024-01-26
L15	0.291711395716697	0.0017258265045963	0.415901426235868	12.3205278182041	1.66661409852162	10.4636667367871	10.4991251388889	0.00846914394175141		36G4B07	7.4	1	0.301	2024-01-26
L16	0.253138207039704	0.000755561029268063	0.456512402721246	12.7296455875505	1.51835344763501	8.97843979711222	9.015	0.010105337146952		36G4B07	7.7	1	0.268	2024-01-26
L17	0.213890011723274	0.0019819090502437	0.369949535486766	12.628998573015	1.87362630324141	7.6039108444535	7.625375	0.00406448410120902		36G4B07	8	1	0.219	2024-01-26
L18	0.139887954219978	0.00219340796022217	0.34855504794086	11.8764061600628	1.98863044633786	5.0755523689927	5.075125	0.00301974523602496		36G4B07	8.3	1	0.142	2024-01-26
L19	0.107515398866988	0.0020531749646467	0.284878305059366	13.8268355057848	2.43313431823284	3.68889636060621	3.69300027777778	0.00508649779354237		36G4B07	8.6	1	0.111	2024-01-26
L2	0	0.00779424749561218	0	-10.3359542323156	5.46302047119417	0.458393978101816	0.456999722222223	0.00249606986259046	questionable fit	36G4B07	3.5	1	0.016	2024-01-26
L20	0	0.00133932254527639	0	11.3414926411032	2.44891314286347	1.26809232407378	1.27687486111111	0.00193094807849812		36G4B07	8.9	1	0.037	2024-01-26
L21	0	0.00601729265682945	0	5.55295272605899	2.61844673269121	1.34766465478458	1.35062472222222	0.0106560402502847		36G4B07	9.2	1	0.047	2024-01-26
L22	0	0.0051542455002587	0	487.339253978919	19.9389519311834	0.643900890691496	0.648125	0.00389632162965958		36G4B07	9.5	1	0.028	2024-01-26
L23	0	0.004734523369257	0	-1.28562076417547	1.26703298166773	0.335982922662156	0.335	0.000730039364628823	questionable fit	36G4B07	9.8	1	0.011	2024-01-26
L24	0	0.00291940795918731	0	13.5914095015817	13.3719584553971	0.263260681411025	0.263249722222222	0.0018135609478004		36G4B07	10.1	1	0.00900000000000001	2024-01-26
L3	0	0.000317859409386106	0	4.79504549228443	0.839208433083813	0.737576019448966	0.728125138888889	0.00155541346587282		36G4B07	3.8	1	0.019	2024-01-26
L4	0	0.00770995921898655	0	40.4586684280658	17.4999677157575	0.783570711462967	0.783250138888889	0.00366901429366273		36G4B07	4.1	1	0.032	2024-01-26
L5	0	0.0170310760197532	0	17.0369258844645	10.7698229644555	1.94872759534441	1.94524986111111	0.00173797964344016		36G4B07	4.4	1	0.065	2024-01-26
L6	0.0882125933077478	0.0028530241209023	0.143386893411505	23.7015598311516	4.83410417834138	2.15932324336889	2.15199916666667	0.00382592921736162		36G4B07	4.7	1	0.093	2024-01-26
L7	0.172315839223748	0.00970242152508147	0.16615443212866	16.9661451768153	4.1717044299078	5.32855934683162	5.32225027777778	0.00398288809383376		36G4B07	5	1	0.176	2024-01-26
L8	0.251458483187126	0.00185650481120733	0.328103453606583	14.9378859704032	2.11258727374163	8.35956283868149	8.37625027777778	0.0101925388531976		36G4B07	5.3	1	0.27	2024-01-26
L9	0	0.00968047742661982	0	-31.0429951412801	40.5818887254649	0.531485807887578	0.5305	0.00239737606477472	questionable fit	36G4B07	5.6	1	0.021	2024-01-26
M1	0	0.0000000000000140681173603323	0	21.5162007711842	0.546308098183662	0.269493135436968	0.268000138888889	0.00184477342452164		36G4B07	3.2	2	0.014	2024-01-26
M10	0.266038759092757	0.00035941265963755	0.551733688836517	11.9723959794867	1.25630751680514	9.63855125641495	9.68437416666667	0.0181279395714187		36G4B07	5.9	2	0.31	2024-01-26
M11	0.269185640176555	0.000449588846358164	0.538876701849112	11.8638483400057	1.28628158942754	9.78160639717387	9.81649888888889	0.0200071860313947		36G4B07	6.2	2	0.314	2024-01-26
M12	0.290964941158186	0.000787301972423743	0.486912300500577	12.1369632309216	1.42355652105594	10.4928342665604	10.5500001388889	0.0215086120200482		36G4B07	6.5	2	0.336	2024-01-26
M13	0.279660597980131	0.000569093406737014	0.523229832791611	11.8403997861483	1.32474705591951	10.1685793976305	10.2446248611111	0.0286670914359447		36G4B07	6.8	2	0.325	2024-01-26
M14	0.300358593491139	0.000739620561664484	0.484982043824473	12.3801069182283	1.42922235861337	10.7587041516007	10.8245001388889	0.0217631301722864		36G4B07	7.1	2	0.331	2024-01-26
M15	0.29330171381813	0.00236900053458417	0.390097809485755	12.3318402379951	1.77685483923553	10.5154808991735	10.5598752777778	0.00781023712946989		36G4B07	7.4	2	0.301	2024-01-26
M16	0.257584752421684	0.00103427823021099	0.435382660620098	12.6638520618634	1.59204130815114	9.15240600991461	9.21299986111111	0.0109136790905591		36G4B07	7.7	2	0.274	2024-01-26
M17	0.207267038091767	0.00179375661125769	0.381224480687823	12.4362525553588	1.81821266910597	7.40889968667015	7.428875	0.00398097146441174		36G4B07	8	2	0.212	2024-01-26
M18	0.143034391662433	0.00196990256533618	0.361220327818912	11.8244537863725	1.91890413461846	5.19813897433928	5.19325013888889	0.00424584975642492		36G4B07	8.3	2	0.147	2024-01-26
M19	0.107945793409342	0.0013978801967891	0.359772939419842	12.0454802306513	1.92662400256587	3.89932790939634	3.89812513888889	0.00548923583625729		36G4B07	8.6	2	0.114	2024-01-26
M2	0	0.00702877304188265	0	0.684192999893636	2.50659664748556	0.703743458035128	0.70225	0.00111792591353595		36G4B07	3.5	2	0.017	2024-01-26
M20	0	0.000879385023110406	0	10.046573777078	1.85985176576086	1.44981596085028	1.467875	0.00453497732245719		36G4B07	8.9	2	0.057	2024-01-26
M21	0	0.016771271595263	0	7338.57559574321	714.540370040424	0.827638836249556	0.824375	0.00359325087870286		36G4B07	9.2	2	0.03	2024-01-26
M22	0	0.00698195020368734	0	9.61876766262474	6.12427043582933	1.0016300641616	0.999499861111111	0.00170727857762596		36G4B07	9.5	2	0.028	2024-01-26
M23	0	0.00999584262523553	0	2.59046572430449	2.79774625008907	1.27273583787653	1.27000027777778	0.00184998963192283		36G4B07	9.8	2	0.031	2024-01-26
M24	0	0.0000184122317507642	0	1.23575860141495	0.183079456077771	0.0939330401577042	0.0768748611111112	0.000996040449300533		36G4B07	10.1	2	0.003	2024-01-26
M3	0	0.0000142825856972862	0	4.14195429743821	0.408948191377987	0.704995856485465	0.698750555555556	0.00200725456899622		36G4B07	3.8	2	0.02	2024-01-26
M4	0	0.00917846960104836	0	9.39721014907864	8.37565263895813	1.01215033193012	1.010125	0.00122618931597947		36G4B07	4.1	2	0.029	2024-01-26
M5	0	0.0106168148068833	0	20.2800662338577	9.47967093473036	1.53781297750664	1.53387527777778	0.00231551319526117		36G4B07	4.4	2	0.054	2024-01-26
M6	0.0903963975019736	0.00530777633996982	0.124123746935393	22.3528567626136	5.58432369045975	2.32169296078415	2.31187527777778	0.00304776530694077		36G4B07	4.7	2	0.093	2024-01-26
M7	0.166540508239891	0.00534945698565084	0.190399665751747	17.8865611135755	3.64048528038755	5.02336247966476	5.01012513888889	0.00455444360993914		36G4B07	5	2	0.172	2024-01-26
M8	0.25007861426705	0.00313501285394424	0.296239249588696	14.7398655243699	2.33982222653589	8.35823717413589	8.40262486111111	0.0116368072819203		36G4B07	5.3	2	0.27	2024-01-26
M9	0	0.00600461860127547	0	3.02005316025116	6.51333579910135	0.573366805447112	0.572125138888889	0.000625958315749321		36G4B07	5.6	2	0.015	2024-01-26
N1	0	0.000000000000023610882110473	0	21.4696570033271	0.551716041193427	0.327018532912464	0.324375138888889	0.00104510496397272		37G2A11	3.2	1	0.014	2024-01-26
N10	0.257642915747205	0.00640231396813911	0.20970441298375	17.4996392210515	3.30535333375964	7.88199295382397	7.87550027777778	0.00631096656587465		37G2A11	5.9	1	0.264	2024-01-26
N11	0.246611551165508	0.00628612702318203	0.200751229615318	18.1500696175853	3.45276679942714	7.38304662186993	7.35262541666667	0.00581359963991169		37G2A11	6.2	1	0.252	2024-01-26
N12	0.216623418431734	0.00650710503736447	0.185930917123703	18.6884819472374	3.72798236722935	6.36318404883407	6.34275027777778	0.0071412292935016		37G2A11	6.5	1	0.229	2024-01-26
N13	0.168975548578979	0.0089115936000074	0.153722400481971	18.788545873737	4.5090837664953	4.92293990320338	4.90025013888889	0.00597249095835482		37G2A11	6.8	1	0.19	2024-01-26
N14	0.17891931847629	0.0112209369385897	0.125133159574881	21.6120620969776	5.53927658276029	4.71573440727957	4.70550041666667	0.00335826214745463		37G2A11	7.1	1	0.188	2024-01-26
N15	0.155635068758057	0.0176134855409509	0.0986629848055488	20.8664398765895	7.02540250455673	4.16821190006901	4.15750027777778	0.00638560477277695		37G2A11	7.4	1	0.152	2024-01-26
N16	0.123342170828091	0.0116485595152969	0.104560669093842	21.6197639453545	6.62913872459876	3.23304405904219	3.22700027777778	0.00219940468630046		37G2A11	7.7	1	0.119	2024-01-26
N17	0.100256097182052	0.0147327816553268	0.0913454788406874	19.2534321545162	7.58819362881484	2.80342098809788	2.80250013888889	0.00294377847509118		37G2A11	8	1	0.094	2024-01-26
N18	0.0934562666750397	0.0150281664817231	0.0753262928612645	21.9346527680902	9.20192875861526	2.39823485598212	2.38662513888889	0.00551668162567486		37G2A11	8.3	1	0.085	2024-01-26
N19	0.108102697706861	0.00874386361099445	0.0775828716627264	31.3263182858215	8.93428105591711	2.04007797756298	2.04762527777778	0.00328585834097514		37G2A11	8.6	1	0.082	2024-01-26
N2	0	0.00660546844097785	0	-15.1119606370105	11.8402705593769	0.398643724490841	0.397375	0.000386132211654364	questionable fit	37G2A11	3.5	1	0.00900000000000001	2024-01-26
N20	0.573895845278655	0.0107684873031435	0.0397550930483366	99.5314432849835	17.4354309702452	1.49040169645642	1.48649972222222	0.00681136718014293		37G2A11	8.9	1	0.065	2024-01-26
N21	0	0.0162354551437542	0	1053.91119337969	46.8753816586677	1.14154502380023	1.14037513888889	0.00381852025280622		37G2A11	9.2	1	0.038	2024-01-26
N22	0	0.00764504439510215	0	0.862493680520344	1.17438378399535	0.947854094739606	0.945750277777778	0.00262786413951493		37G2A11	9.5	1	0.025	2024-01-26
N23	0	0.00255065642671047	0	0.72751437703723	0.345856559042392	0.640112620366043	0.639499583333334	0.00312040621117386		37G2A11	9.8	1	0.023	2024-01-26
N24	0	0.00233358367252539	0	6.01146253399849	2.88680931939178	0.504670713627279	0.504999722222222	0.00232279324620081		37G2A11	10.1	1	0.018	2024-01-26
N3	0	0.00588952148246847	0	30.4473491037163	8.39132709767527	1.5216613354052	1.51450013888889	0.00225662807708459		37G2A11	3.8	1	0.064	2024-01-26
N4	0.0914455339445131	0.00606542705293291	0.104446756664416	25.31919865329	6.63636864078991	2.1094265974668	2.10700013888889	0.00113854508302131		37G2A11	4.1	1	0.083	2024-01-26
N5	0.133325406028638	0.00550551650889053	0.158767722781822	19.8080032489735	4.36579405697256	3.75979065892306	3.76150041666667	0.00271775014830442		37G2A11	4.4	1	0.135	2024-01-26
N6	0.188941948072716	0.00466014256410402	0.186414207683997	19.7271449559572	3.71831733842383	5.36030006980071	5.36000041666667	0.00226085482124078		37G2A11	4.7	1	0.192	2024-01-26
N7	0.237223788375849	0.00626227203457496	0.196435506200741	18.3658652471279	3.52862470724414	7.04961236604872	7.06187527777778	0.00473783460805684		37G2A11	5	1	0.243	2024-01-26
N8	0.241817074199417	0.00669974216031927	0.186787514375787	19.0484660850262	3.71088604544221	7.01967823378345	7.04750041666667	0.00479479483751172		37G2A11	5.3	1	0.239	2024-01-26
N9	0	0.00650811956363862	0	7.73022182886901	6.60569480429244	0.784962393783297	0.783500138888889	0.000662336542135136		37G2A11	5.6	1	0.022	2024-01-26
O1	0	0.00000000000000362687009250669	0	21.1511074027104	0.526389601733766	0.122344572132103	0.120875	0.000837046195032855		37G2A11	3.2	2	0.00700000000000001	2024-01-26
O10	0.266672720511338	0.00558656367993281	0.215238745581308	17.8614964207941	3.22036433862279	8.06728411488676	8.05750041666667	0.00503524569963876		37G2A11	5.9	2	0.271	2024-01-26
O11	0.241214886771564	0.00703152709756387	0.193000159713877	18.1642362058186	3.59143319667474	7.21302452506789	7.19925041666667	0.00486372638376557		37G2A11	6.2	2	0.245	2024-01-26
O12	0.249259691988711	0.00738175592666198	0.180730485465994	19.3073219092931	3.83525324337363	7.16891411614097	7.17350041666667	0.00733892868019265		37G2A11	6.5	2	0.255	2024-01-26
O13	0.177308625846662	0.0067269705999898	0.177519155217551	18.2126215389847	3.9046331631676	5.28408104968415	5.286625	0.00458179044478252		37G2A11	6.8	2	0.194	2024-01-26
O14	0.179052318026437	0.010012601821626	0.134854499650503	20.9580638389783	5.13996331124542	4.8354330132299	4.83174958333333	0.00404103094889888		37G2A11	7.1	2	0.189	2024-01-26
O15	0.173903450190177	0.0125699387015243	0.117397369229456	21.7395465762709	5.90428205597329	4.55607796163894	4.54337527777778	0.00486438177253861		37G2A11	7.4	2	0.171	2024-01-26
O16	0.118286033212674	0.0122031689238535	0.108201222881302	19.9861406722943	6.4060937769653	3.26925261319689	3.269125	0.00325562184327781		37G2A11	7.7	2	0.116	2024-01-26
O17	0.0919722313907241	0.0137856989559216	0.0986676767555241	17.5889989812241	7.02506842516831	2.70880718401262	2.70687513888889	0.00219797726276346		37G2A11	8	2	0.089	2024-01-26
O18	0.107025070490889	0.017970132520959	0.0680592481840099	23.5168978092707	10.1844671966681	2.62185984926674	2.61575013888889	0.00478318586553923		37G2A11	8.3	2	0.089	2024-01-26
O19	0.0953317464478182	0.012475772217813	0.0688002422396644	27.5190209755434	10.0747781983874	2.07677878248241	2.07387527777778	0.00694236510939132		37G2A11	8.6	2	0.076	2024-01-26
O2	0	0.00500807806354388	0	115.603226782893	53.7946095714917	0.310649468729509	0.309875	0.000471095696868299		37G2A11	3.5	2	0.00900000000000001	2024-01-26
O20	0	0.0111833275763727	0	415.309135115883	16.3757764497302	1.76851074308377	1.78162513888889	0.00551027152867652		37G2A11	8.9	2	0.081	2024-01-26
O21	0	0.0171162783688509	0	1019.56243209199	45.0980054780862	1.2225615103572	1.22025013888889	0.00318469360616002		37G2A11	9.2	2	0.042	2024-01-26
O22	0	0.0106169137676075	0	570.36506860042	23.4858247090971	1.13252507578652	1.15025083333333	0.00936523772796022		37G2A11	9.5	2	0.058	2024-01-26
O23	0	0.00487308480527482	0	0.227746591159694	0.230466637204152	0.695604562106279	0.6945	0.00350107796800009		37G2A11	9.8	2	0.024	2024-01-26
O24	0	0.00317575498041827	0	6.59153049945804	3.14409341554093	0.681362843258842	0.682625138888889	0.00243374138593763		37G2A11	10.1	2	0.021	2024-01-26
O3	0	0.0059731780027608	0	32.2324463752255	8.6831987538084	1.52815564223059	1.52112541666667	0.00233030668625868		37G2A11	3.8	2	0.065	2024-01-26
O4	0	0.00619870143154281	0	24.6314413240849	6.86959432514345	1.9072446934495	1.90037513888889	0.00136163859524449		37G2A11	4.1	2	0.076	2024-01-26
O5	0.129500259123013	0.00555415507737518	0.152985929931938	20.2979484287703	4.53079038620297	3.58858893649801	3.59212527777778	0.00214884202293742		37G2A11	4.4	2	0.128	2024-01-26
O6	0.174107962144588	0.00486984376956941	0.182065733877183	19.4888119567168	3.80712595280299	4.97765483623883	4.98175041666667	0.00187668139382827		37G2A11	4.7	2	0.175	2024-01-26
O7	0.231013767763421	0.00690770044310566	0.190253251810326	18.2886895541509	3.64328690292759	6.87824369589487	6.89325041666667	0.00375026976061167		37G2A11	5	2	0.236	2024-01-26
O8	0.2207562236883	0.00542896667300007	0.200494644857247	18.3566507870408	3.45718550764021	6.56449988730823	6.60462541666667	0.00468491455858078		37G2A11	5.3	2	0.219	2024-01-26
O9	0	0.00610782758841456	0	8.21558313873034	6.46631364887284	0.76871524120278	0.767375138888889	0.000598670489807204		37G2A11	5.6	2	0.021	2024-01-26
