sample	k	n0	r	t_mid	t_gen	auc_l	auc_e	sigma	note	strain	pH	replicate	max.OD	date
A1	0	0.0172565108163654	0	-27.4223189739296	13.5794551598647	0.69337280880923	0.6505	0.00102382002715125	questionable fit (k < n0)	25G2A02	3.2	1	0.018	2025-10-11
A10	0.2934909161144	0.0235741152469349	0.192131513540842	12.6890400388971	3.60767043253736	10.297202883607	10.292875	0.00650091390025425		25G2A02	5.9	1	0.301	2025-10-11
A11	0.342959902562025	0.0282369157801207	0.210163427716197	11.4723226538681	3.2981341620292	12.4581576452393	12.441375	0.00356033517848247		25G2A02	6.2	1	0.352	2025-10-11
A12	0.340830559396851	0.0208129313740639	0.202059649768915	13.5247269346723	3.43040870036478	11.715150597745	11.7085	0.00343060027024055		25G2A02	6.5	1	0.342	2025-10-11
A13	0.356440371994656	0.0155625669839036	0.221412410624828	13.9407523854399	3.13057058817922	12.1419113267294	12.15775	0.012730370465336		25G2A02	6.8	1	0.368	2025-10-11
A14	0.323892992041905	0.0147775809744327	0.188153239182083	16.1602504729933	3.68395029271413	10.3026407515698	10.316375	0.0100372357727458		25G2A02	7.1	1	0.337	2025-10-11
A15	0.280772867026304	0.0181764296708035	0.207432431917215	12.8740365648972	3.34155644878413	9.83011737616295	9.82462500000001	0.00652480475594792		25G2A02	7.4	1	0.294	2025-10-11
A16	0.193997812416702	0.0121720364494622	0.213574957451479	12.6602283310382	3.24545156806325	6.83710029082415	6.840875	0.00591713258987229		25G2A02	7.7	1	0.202	2025-10-11
A17	0.165903301541331	0.0117462540402812	0.267654155742281	9.61852237986642	2.58971200591917	6.35603513959025	6.36462500000001	0.00411971365269556		25G2A02	8	1	0.169	2025-10-11
A18	0.202226918354324	0.0111768846691499	0.201872535477424	14.0617819394428	3.43358832305082	6.84862721340824	6.86087500000001	0.00379309136238268		25G2A02	8.3	1	0.205	2025-10-11
A19	0.223112431611131	0.0145552308741242	0.19623554598726	13.5666700700105	3.53222030734913	7.65268498143204	7.660125	0.003925638810465		25G2A02	8.6	1	0.223	2025-10-11
A2	0	0.03386372516058	0	-24.4737056378515	17.5258818116494	1.23515233784228	1.15375	0.00433540227901849	questionable fit (k < n0)	25G2A02	3.5	1	0.039	2025-10-11
A20	0.245283737183538	0.0201884783563845	0.165719320525875	14.5511797552504	4.18265763074813	8.13305856111259	8.129	0.00483094047107588		25G2A02	8.9	1	0.249	2025-10-11
A21	0	0.0246120183923087	0	12.9238275701339	4.06728498579718	8.5758779582512	8.575375	0.00712990928256925		25G2A02	9.2	1	0.251	2025-10-11
A22	0	0.0380685424682199	0	15.0249920210718	5.8300129192951	8.49801540495105	8.491125	0.011194752181733		25G2A02	9.5	1	0.262	2025-10-11
A23	0	0.0535987752441637	0	17.4037025410602	8.12093916411868	8.48559630209928	8.472125	0.0116691365656347		25G2A02	9.8	1	0.271	2025-10-11
A24	0	0.0576667012778593	0	5.97881282080215	8.1585870869893	5.67990893275041	5.667875	0.00432606198029479		25G2A02	10.1	1	0.152	2025-10-11
A3	0.162144377687008	0.0163098383004194	0.222548769925401	9.84370385629523	3.11458553912606	6.14288130904743	6.17225000000001	0.00875909599562154		25G2A02	3.8	1	0.162	2025-10-11
A4	0.166120077446531	0.015220838464574	0.216080474146996	10.6161692353253	3.20781960191557	6.17051599091907	6.19187500000001	0.00673055715697557		25G2A02	4.1	1	0.167	2025-10-11
A5	0.205652950205387	0.0117638358618472	0.261597500900452	10.7120914475215	2.64967049828092	7.66414960479158	7.709875	0.00958572463617954		25G2A02	4.4	1	0.208	2025-10-11
A6	0.188810860043844	0.0125239001750113	0.22481070861404	11.7631153100212	3.08324805714641	6.82310886663543	6.848875	0.00602054787502393		25G2A02	4.7	1	0.191	2025-10-11
A7	0.217356224424862	0.0123726474411109	0.249933617549899	11.232749345857	2.77332512270606	7.98514388414947	8.0255	0.00838069155152472		25G2A02	5	1	0.222	2025-10-11
A8	0.21709749674596	0.0137154003726689	0.217227340869673	12.4135715646912	3.19088369716684	7.7053076987882	7.728875	0.0065535881857736		25G2A02	5.3	1	0.221	2025-10-11
A9	0.319101598756462	0.0226863874139208	0.242664931162771	10.5907191817692	2.8563961724449	11.9057645020559	11.875625	0.00721080388341642		25G2A02	5.6	1	0.332	2025-10-11
B1	0	0.00302715797436035	0	-19308.5583234394	2839.30836485217	0.145914726711549	0.145125	0.000160099324581059	questionable fit (k < n0)	23G4B04	3.2	1	0.004	2025-10-11
B10	0.116775861085189	0.00158992625937701	0.194406550690346	22.0304305316198	3.56545177155066	3.05195200576378	3.048375	0.00280959632446204		23G4B04	5.9	1	0.121	2025-10-11
B11	0.212993625348883	0.00160064453506378	0.156320913009163	31.2390222971226	4.43412955577682	3.69608112709294	3.7045	0.00345257304345423		23G4B04	6.2	1	0.193	2025-10-11
B12	0	0.00491440149664401	0	6.25114057638289	6.68752999252832	0.543976697043209	0.54325	0.000689914731740427		23G4B04	6.5	1	0.015	2025-10-11
B13	0.113978619239929	0.000371942417586153	0.144540285591429	39.5859084138217	4.79552934134404	1.17916430233024	1.215625	0.003484024868775		23G4B04	6.8	1	0.092	2025-10-11
B14	0	0.00180488652611627	0	325.33502676516	13.1840473031958	0.398502912228147	0.404875	0.00259632587179622		23G4B04	7.1	1	0.026	2025-10-11
B15	0.12486116141161	0.00216260585984207	0.105161785981448	38.401940691763	6.59124580370121	1.56541042200672	1.55375	0.00164444017303082		23G4B04	7.4	1	0.094	2025-10-11
B16	0	0.00172133761934075	0	-1.51249211328338	1.25365532595034	0.117325627230011	0.117	0.000629664962111119	questionable fit	23G4B04	7.7	1	0.005	2025-10-11
B17	0	0.00168043594047468	0	-1.9238547318737	0.980719594448167	0.101117953620302	0.101	0.00112540083013041	questionable fit	23G4B04	8	1	0.005	2025-10-11
B18	0	0.000000000000000216424410375494	0	15.5807004222287	0.356902605154603	0.0978145254208308	0.108375	0.00280352062703635		23G4B04	8.3	1	0.012	2025-10-11
B19	0	0.00000413771746635913	0	19.3895763122474	1.51874043066506	0.831091482190578	0.833625	0.00165301612586051		23G4B04	8.6	1	0.032	2025-10-11
B2	0	0.00430491890881327	0	-6.69307795654599	5.73425665806365	0.281029654851566	0.280375	0.000910490726395334	questionable fit	23G4B04	3.5	1	0.00800000000000001	2025-10-11
B20	0.0895713693561277	0.00905473571968436	0.133886995556379	16.3210465529798	5.1771060936838	2.79384266751897	2.78325	0.00318334787903398		23G4B04	8.9	1	0.093	2025-10-11
B21	0	0.014434910149686	0	12.7168834692022	5.00785317566918	3.38266771802517	3.365375	0.00460286701820979		23G4B04	9.2	1	0.104	2025-10-11
B22	0	0.0200419909842382	0	10.6235207154742	4.29414610790746	4.8048530713089	4.7845	0.0064014010961198		23G4B04	9.5	1	0.143	2025-10-11
B23	0	0.0252580736560571	0	8.69119338739035	3.88151910310688	5.55505118457088	5.537875	0.00828055759726124		23G4B04	9.8	1	0.157	2025-10-11
B24	0	0.0263058475777997	0	7.49996450368074	3.48575429293342	5.68246054530739	5.6615	0.0089427858759884		23G4B04	10.1	1	0.162	2025-10-11
B3	0.104699039053251	0.00142225137768192	0.167204260180488	25.6283634463226	4.14551148285176	2.36933256124902	2.388	0.00174074787896002		23G4B04	3.8	1	0.102	2025-10-11
B4	0.0897566305413423	0.000203811151778595	0.219780373679051	27.6885053500327	3.15381746311962	1.84498477900214	1.90375	0.00313299230432942		23G4B04	4.1	1	0.09	2025-10-11
B5	0.110074736287229	0.00243385523876826	0.187879490823219	20.1689070807452	3.68931796399292	3.07591858700625	3.059125	0.00376633047556316		23G4B04	4.4	1	0.114	2025-10-11
B6	0.111436283579669	0.002144932838531	0.177103673712769	22.1955250010452	3.91379335069077	2.89236209297993	2.8685	0.00430334116556443		23G4B04	4.7	1	0.118	2025-10-11
B7	0.121092499703689	0.00248940405913912	0.173499870478608	22.2694070547031	3.99508759659512	3.13375357699233	3.092625	0.0050358172217493		23G4B04	5	1	0.128	2025-10-11
B8	0.109549915712184	0.00136058541524249	0.213067458611009	20.5379447412052	3.25318180954796	3.02585087790913	3.009875	0.00316798393529015		23G4B04	5.3	1	0.114	2025-10-11
B9	0.121089613303946	0.000556501303158633	0.228303979452067	23.556357988343	3.03607139141205	2.98408923441805	3.009125	0.00328543357814301		23G4B04	5.6	1	0.125	2025-10-11
C1	0	0.00767380850415294	0	-31.9481337124246	21.0040463655518	0.294768055342447	0.273125	0.000754536894130032	questionable fit (k < n0)	26G4B12	3.2	1	0.00900000000000001	2025-10-11
C10	0.187344156466687	0.0107403210819227	0.256126588739195	10.9317194872563	2.70626795902769	6.93969580640354	6.91025	0.00907797895326983		26G4B12	5.9	1	0.21	2025-10-11
C11	0.176749615855342	0.00988625834532858	0.250340150576724	11.2887585371098	2.76882145737749	6.48426299862688	6.46075	0.00563211845501		26G4B12	6.2	1	0.191	2025-10-11
C12	0.158080886691519	0.0098995773457505	0.200467137521854	13.49819504934	3.45765988943889	5.4361480999353	5.4065	0.00777292465908945		26G4B12	6.5	1	0.177	2025-10-11
C13	0.131160949220471	0.0033563919018181	0.114174568429715	31.8778138851994	6.07094198027681	2.2772132607475	2.281625	0.00352468934362623		26G4B12	6.8	1	0.119	2025-10-11
C14	0	0.00401005738498917	0	1.96913349654746	3.93992393585615	0.418158091329015	0.417625	0.00167342402865505		26G4B12	7.1	1	0.014	2025-10-11
C15	0	0.00650999656599891	0	40.9328282092943	15.8562528799013	0.7387885366674	0.737875	0.00106320403553605		26G4B12	7.4	1	0.025	2025-10-11
C16	0	0.00553217773757093	0	1.01549429937918	8.10861060787035	0.460125083282201	0.459125	0.00132885633832529		26G4B12	7.7	1	0.015	2025-10-11
C17	0	0.00502239399296108	0	-1.75391986816278	7.70151774182573	0.386129309810783	0.385125	0.00088394187551118	questionable fit	26G4B12	8	1	0.011	2025-10-11
C18	0	0.00439233722088951	0	3.45730673674348	10.9591804460007	0.358137007306501	0.357125	0.00134896871426288		26G4B12	8.3	1	0.013	2025-10-11
C19	0	0.00208411472140363	0	5.87220938890625	3.5869609806811	0.350295067707908	0.35125	0.00212566579145703		26G4B12	8.6	1	0.015	2025-10-11
C2	0	0.00675636812871437	0	-0.916028140089366	1.63873820683335	0.532864401599677	0.531625000000002	0.000576597545136842	questionable fit	26G4B12	3.5	1	0.013	2025-10-11
C20	0	0.000848360663606805	0	16.9944794211374	3.08152720692866	1.23353254730187	1.262875	0.00338098905345427		26G4B12	8.9	1	0.044	2025-10-11
C21	0	0.0151643062709784	0	14.4892318381498	5.57270006138729	3.49253701193431	3.4775	0.00369943778929337		26G4B12	9.2	1	0.112	2025-10-11
C22	0	0.017691792222273	0	12.2260825661412	4.61128705873575	4.51269575369773	4.497625	0.00525770260917282		26G4B12	9.5	1	0.141	2025-10-11
C23	0	0.0232086266334072	0	9.54228395933155	4.08042806453274	5.28760529535697	5.270375	0.00584817093316227		26G4B12	9.8	1	0.153	2025-10-11
C24	0	0.0209457730466933	0	7.4918537658788	2.95800836860937	5.6907306353629	5.678	0.00798469874023109		26G4B12	10.1	1	0.162	2025-10-11
C3	0.15478161839608	0.0110860449821877	0.255870006614015	10.0129355276953	2.70898175887247	5.86642126063113	5.85175	0.00489346384196962		26G4B12	3.8	1	0.161	2025-10-11
C4	0.179004056317202	0.014555467317744	0.208880584394307	11.6077390141516	3.31838970371454	6.47868899683153	6.4405	0.00813160319628514		26G4B12	4.1	1	0.187	2025-10-11
C5	0.198500757775676	0.0199958012000632	0.187000439604873	11.7063578132415	3.70666070103656	7.13334383824077	7.08775	0.00992356505402514		26G4B12	4.4	1	0.211	2025-10-11
C6	0.201271132714149	0.0172773966360183	0.188770178100385	12.5311245843602	3.67191040203045	7.08558241052992	7.034625	0.00988099569454021		26G4B12	4.7	1	0.211	2025-10-11
C7	0.208293697041013	0.018169020546719	0.192689035582083	12.1852396321178	3.59723208155595	7.40495864350463	7.357	0.00953487432889357		26G4B12	5	1	0.217	2025-10-11
C8	0.21114616716206	0.0162950394563045	0.201150794896283	12.33589500327	3.44590823475167	7.48997275092178	7.44125	0.00985789677348796		26G4B12	5.3	1	0.222	2025-10-11
C9	0.218566478092514	0.0174914498953098	0.196046606976982	12.4560479089717	3.53562446832517	7.72141519716036	7.681125	0.00972785536689383		26G4B12	5.6	1	0.233	2025-10-11
D1	0	0.001	0	-0.142649045106911	12751.5031581554	0.000831224831259493	0.000125	0.0000520118475652674	questionable fit (k < n0)	18G4B09	3.2	1	0.001	2025-10-11
D10	0	0.0000106898715681482	0	17.9231901927443	1.68996382451905	0.50469147687413	0.509875	0.000634880847188791		18G4B09	5.9	1	0.018	2025-10-11
D11	0	0.00000667984445226855	0	19.7435914573804	1.80810744113383	0.36839130164887	0.363375	0.00178623773168293		18G4B09	6.2	1	0.019	2025-10-11
D12	0	0.0012695335962882	0	22.9993931013652	5.57355808696387	0.588438377456512	0.58325	0.00282672580435505		18G4B09	6.5	1	0.032	2025-10-11
D13	0	0.000385060513804595	0	201.77690081272	6.40542616114104	0.652091581299792	0.665625	0.00293712602702918		18G4B09	6.8	1	0.067	2025-10-11
D14	0	0.00000565705882589893	0	20.8387827478512	1.86000698963065	0.365245869845265	0.36325	0.00170909014681028		18G4B09	7.1	1	0.021	2025-10-11
D15	0	0.000317870410428987	0	23.4513813239058	4.03376793233755	0.450082063227862	0.451125	0.00097053947507685		18G4B09	7.4	1	0.021	2025-10-11
D16	0	0.000360964972734381	0	25.9267920522475	4.77581552000296	0.356147360163941	0.361625	0.000762076745768127		18G4B09	7.7	1	0.016	2025-10-11
D17	0	0.00023902692242112	0	37.9548433713247	7.02463885087365	0.136218360140001	0.138375	0.000699308798304944		18G4B09	8	1	0.00900000000000001	2025-10-11
D18	0	0.0000694800175682809	0	37.5727690104904	5.88383691730429	0.074459537037243	0.0750000000000001	0.000886657060240347		18G4B09	8.3	1	0.00800000000000001	2025-10-11
D19	0	0.0000580586764640828	0	34.6047630616364	7.64391893573528	0.0222787864280233	0.022	0.000911930494993558		18G4B09	8.6	1	0.005	2025-10-11
D2	0	0	0	0	0	0	0	0	cannot fit data	18G4B09	3.5	1	0.002	2025-10-11
D20	0	0.0000795180939667224	0	11.0664090003197	1.73553615877064	0.248088977006851	0.257375	0.00347889245628603		18G4B09	8.9	1	0.017	2025-10-11
D21	0	0.00392474698330262	0	19.5530833588995	4.70730730403845	2.09393281591422	2.092	0.00210866947187928		18G4B09	9.2	1	0.076	2025-10-11
D22	0	0.0116042930440131	0	13.7812651025689	4.54497754380542	3.59032405357569	3.577	0.0035472905180212		18G4B09	9.5	1	0.111	2025-10-11
D23	0	0.0202497493208275	0	12.4375434022561	5.1581566265849	4.42060105840365	4.4035	0.00572617989763656		18G4B09	9.8	1	0.137	2025-10-11
D24	0	0.0170397198385077	0	9.50566982691409	3.54352607822389	4.79955216406417	4.78025	0.00613971287463664		18G4B09	10.1	1	0.136	2025-10-11
D3	0	0.00141851966758844	0	908.496738366005	44.9810642751377	0.101429093077349	0.101125	0.00043893386523595		18G4B09	3.8	1	0.004	2025-10-11
D4	0	0.00000638100794512947	0	37.7577685465928	3.21234100978694	0.240466592195852	0.240375	0.000396420102134928		18G4B09	4.1	1	0.02	2025-10-11
D5	0	0.0000119102187306451	0	25.57042742558	2.22282149803214	0.78304792638318	0.78025	0.000466321788950622		18G4B09	4.4	1	0.035	2025-10-11
D6	0	0.000362790005717735	0	45.082260295469	5.91108359970546	0.545618628596115	0.527875	0.00207831853666751		18G4B09	4.7	1	0.043	2025-10-11
D7	0	0.00000479961754930018	0	22.1966374176571	1.85432915222325	0.500945786708008	0.496375	0.000616194275604931		18G4B09	5	1	0.02	2025-10-11
D8	0	0.00000879532490996004	0	20.8448860324505	1.90825730497225	0.467596427130685	0.463125	0.00076146162478497		18G4B09	5.3	1	0.018	2025-10-11
D9	0	0.0000463361434626955	0	21.6058681920727	2.49460096184432	0.500008583247355	0.496625	0.00113958233119643		18G4B09	5.6	1	0.022	2025-10-11
F1	0	0.026	0	-0.575099243943928	0.184594270414917	1.10945318651713	1.01125	0.00434438532763497	questionable fit (k < n0)	39G3A10	3.2	1	0.026	2025-10-11
F10	0.217215697868188	0.0255757213195449	0.241972558271453	8.32315444570329	2.86456937725289	8.55044464272779	8.536625	0.00317786314316723		39G3A10	5.9	1	0.223	2025-10-11
F11	0.207323976621869	0.0286601856997282	0.228018376733577	8.02565521744316	3.03987420000729	8.19484756466719	8.178	0.00485451641896794		39G3A10	6.2	1	0.217	2025-10-11
F12	0.186076150645282	0.0252318236848305	0.29173496489798	6.34936214157601	2.37594825427367	7.6952923937283	7.68050000000001	0.004333968988691		39G3A10	6.5	1	0.189	2025-10-11
F13	0.22019924225085	0.0121307220145832	0.463468326781991	6.1322986732799	1.49556537201299	9.23733225521282	9.255125	0.0108023067622055		39G3A10	6.8	1	0.239	2025-10-11
F14	0.204062453615342	0.00924214081401709	0.467619944315732	6.51876411462135	1.48228746225576	8.48625643757468	8.50462500000001	0.0103809401390735		39G3A10	7.1	1	0.221	2025-10-11
F15	0.187467547684586	0.0105748783692153	0.428827378627688	6.56922127144812	1.61637809315748	7.77987036540533	7.80675	0.0157895079713065		39G3A10	7.4	1	0.217	2025-10-11
F16	0.16408836161598	0.00921553713097513	0.40229183793638	7.01409561085713	1.72299588307721	6.73528087312848	6.75975	0.0148038577957274		39G3A10	7.7	1	0.186	2025-10-11
F17	0.16	0.00892464417255265	0.40802153220924	6.93336521722594	1.69880049419668	6.58086601744393	6.57025000000001	0.0115468794019799		39G3A10	8	1	0.169	2025-10-11
F18	0.143301474200001	0.0106048926095785	0.363583237386335	6.94957704091695	1.90643327107906	5.88158006808937	5.894375	0.012586149097733		39G3A10	8.3	1	0.161	2025-10-11
F19	0.151115878104445	0.013284651304262	0.30312495853702	7.71767729796424	2.28667142390815	6.07232276974687	6.073125	0.00437672447136437		39G3A10	8.6	1	0.16	2025-10-11
F2	0	0.0197798470135433	0	-0.363416196581687	0.763328211870049	1.61866862692752	1.5895	0.00263023767808753	questionable fit	39G3A10	3.5	1	0.036	2025-10-11
F20	0.1371811543664	0.015236770721869	0.275832894634034	7.54026614146348	2.51292428874225	5.51981082627154	5.525125	0.0054098595260826		39G3A10	8.9	1	0.14	2025-10-11
F21	0.143202140850604	0.0141582484636533	0.266824328291029	8.28206043714206	2.59776604704471	5.66111157239568	5.67700000000001	0.00594453578722684		39G3A10	9.2	1	0.149	2025-10-11
F22	0.141348580085481	0.0130323677247426	0.236058251125342	9.68854732964353	2.93633955710321	5.38631326642368	5.41037500000001	0.00865686531233167		39G3A10	9.5	1	0.156	2025-10-11
F23	0.197188926151164	0.0253984753902142	0.161460855782928	11.8393171339066	4.29297353342304	7.00583928440854	7.00025000000001	0.00322647736973283		39G3A10	9.8	1	0.199	2025-10-11
F24	0.188561120905002	0.0143076750225576	0.197023052632177	12.6874225295388	3.51810192411334	6.6224815975606	6.636125	0.00484883851889057		39G3A10	10.1	1	0.191	2025-10-11
F3	0.0926928827317001	0.0194538020367191	0.454885060032973	2.91433321474922	1.52378532834141	4.15006989969817	4.1485	0.00624050737937342		39G3A10	3.8	1	0.107	2025-10-11
F4	0.119028740243315	0.0170690741726567	0.36322401658348	4.92067959321624	1.90831869290955	5.10128803308752	5.09724999999999	0.00228890724498914		39G3A10	4.1	1	0.128	2025-10-11
F5	0.135811706592121	0.0248635186618998	0.24631148427976	6.07223697322542	2.81410825234876	5.61057136484358	5.604625	0.00234410255077319		39G3A10	4.4	1	0.14	2025-10-11
F6	0.151758053183454	0.0200961971317085	0.260043819927079	7.22842150234253	2.66550145569434	6.13555644096095	6.129875	0.00207813260760482		39G3A10	4.7	1	0.156	2025-10-11
F7	0.167256745889974	0.0247045169336084	0.23360645719725	7.50288486823886	2.96715762430604	6.69323505824667	6.68737500000001	0.00156755711555926		39G3A10	5	1	0.17	2025-10-11
F8	0.19061269231795	0.0216779585405742	0.253701443005888	8.0930420279006	2.73213731994366	7.55506246934216	7.549	0.00163079014512476		39G3A10	5.3	1	0.193	2025-10-11
F9	0.189877035006554	0.0273676551805413	0.255176302043051	6.98095340209164	2.7163462085245	7.71160170246036	7.70125	0.00251967386899261		39G3A10	5.6	1	0.194	2025-10-11
G1	0	0.00434626420233392	0	-412.78860741618	113.098014257923	0.207111858039127	0.204125	0.00046866750565001	questionable fit (k < n0)	04D05	3.2	1	0.00700000000000001	2025-10-11
G10	0.17167413399724	0.00272152197378268	0.118560940150237	34.8211391976152	5.84633674194563	2.54395763049863	2.5525	0.00117205522585504		04D05	5.9	1	0.141	2025-10-11
G11	0.129556513962712	0.00519345959969957	0.0672013772790982	47.2580356160083	10.3144787893437	1.31971553839443	1.31225	0.00164386489444507		04D05	6.2	1	0.069	2025-10-11
G12	0.189893302361313	0.00413645104198441	0.0804305111131388	47.3029492281559	8.61796314566395	1.67164136187274	1.668375	0.00104468496626315		04D05	6.5	1	0.099	2025-10-11
G13	0	0.00363568982354856	0	30.9706443884516	7.33402830685697	1.32871273007212	1.327875	0.00563691214674557		04D05	6.8	1	0.086	2025-10-11
G14	0	0.00638551069845724	0	29.1338834179009	10.4624715723641	1.04713720807241	1.04475	0.00421911287825111		04D05	7.1	1	0.048	2025-10-11
G15	0	0.00954055505230813	0	-0.093491175209664	1.87866699363496	0.86983094659948	0.868125	0.00314607577589203	questionable fit	04D05	7.4	1	0.03	2025-10-11
G16	0	0.00196443989207356	0	6.03095658268839	2.24931806929387	0.607387081502453	0.61	0.00292369819551538		04D05	7.7	1	0.023	2025-10-11
G17	0	0.00121412564891683	0	5.64520478818032	1.67918790225612	0.579819199982271	0.58425	0.00461460276145271		04D05	8	1	0.026	2025-10-11
G18	0	0.000788548420736843	0	9.83872459945703	2.82894372956808	0.363965985863929	0.364875	0.00209600256415405		04D05	8.3	1	0.016	2025-10-11
G19	0	0.000453217100338533	0	13.8463306042476	3.51947127461006	0.251280001802767	0.252875	0.00178156464926622		04D05	8.6	1	0.012	2025-10-11
G2	0	0.00338726146622989	0	12.4406966826957	5.06811328444228	0.759537641024979	0.760624999999999	0.000764010007422234		04D05	3.5	1	0.022	2025-10-11
G20	0	0.0000000576030186421324	0	15.4399780070078	0.800616604564965	1.20571620281673	1.262625	0.0104784126319518		04D05	8.9	1	0.074	2025-10-11
G21	0	0.00172163440126351	0	8.41401459674076	3.10153272616207	0.509378053542736	0.514875	0.00455613470981762		04D05	9.2	1	0.027	2025-10-11
G22	0	0.00365521878216376	0	5.6677620308842	3.91475565496107	0.555624386115832	0.557625	0.00585853501174726		04D05	9.5	1	0.042	2025-10-11
G23	0	0.00284270413071652	0	9.2692840463772	3.71586396147921	0.717965982433333	0.72375	0.00441037076575381		04D05	9.8	1	0.03	2025-10-11
G24	0	0.00105580239077466	0	19.1903436354856	3.51290895507109	1.37702455953178	1.392	0.00279218253138803		04D05	10.1	1	0.052	2025-10-11
G3	0	0.00628556182143064	0	13.9276529343337	5.42096080196694	1.44526221041928	1.440625	0.00137660572147962		04D05	3.8	1	0.046	2025-10-11
G4	0	0.00488209354580725	0	17.1301797547023	6.03933563778473	1.1995479834493	1.192125	0.00205870692539292		04D05	4.1	1	0.044	2025-10-11
G5	0	0.00601021906293198	0	17.0542109355544	7.10362768808325	1.12689736942599	1.122875	0.00116598267997488		04D05	4.4	1	0.039	2025-10-11
G6	0	0.0052857658983531	0	27.9619017284208	9.8697573650498	0.92135755703039	0.915	0.002068845501538		04D05	4.7	1	0.038	2025-10-11
G7	0	0.00517222086423827	0	17.1661803625411	7.87817785615658	0.843156737150468	0.838375	0.00173602948956174		04D05	5	1	0.031	2025-10-11
G8	0	0.00600693701634088	0	36.7841886501886	10.6949150239532	1.14430262801555	1.136875	0.00220349959821112		04D05	5.3	1	0.052	2025-10-11
G9	0	0.00435197832914909	0	13.573757377572	4.60502292848133	1.28405837256954	1.2835	0.00153576274503679		04D05	5.6	1	0.041	2025-10-11
H1	0	0	0	0	0	0	0	0	cannot fit data	28D09	3.2	1	0.003	2025-10-11
H10	0	0.000666370288245734	0	27.7342498697835	4.31351526963828	1.19853566064981	1.19825	0.00081719408421946		28D09	5.9	1	0.057	2025-10-11
H11	0	0.000380376080801874	0	30.9231665064888	4.34699279018493	0.935070607450236	0.9205	0.00121315481596869		28D09	6.2	1	0.052	2025-10-11
H12	0	0.00474019407789859	0	402.86006932829	13.3852111267919	1.01943126332643	1.02725	0.00123484546758192		28D09	6.5	1	0.061	2025-10-11
H13	0	0.00451358101645066	0	68.457222801634	17.7556438687377	0.549680799658778	0.547375	0.00226568361204595		28D09	6.8	1	0.026	2025-10-11
H14	0	0.00576527789471193	0	436.43836509025	18.3966437539703	0.787829203336797	0.7895	0.00444770736924707		28D09	7.1	1	0.048	2025-10-11
H15	0	0.0070984915476564	0	1.34983764397953	7.60867069750188	0.605831083466127	0.6045	0.00131899346394888		28D09	7.4	1	0.018	2025-10-11
H16	0	0.00420058310762958	0	3.35863468773842	3.67129871492815	0.516235204693304	0.51525	0.00110907558936975		28D09	7.7	1	0.015	2025-10-11
H17	0	0.00129973244767967	0	4.84217228652677	1.66852307617846	0.474315531742366	0.474	0.00238809046456691		28D09	8	1	0.017	2025-10-11
H18	0	0.00118215873454619	0	6.86631576558857	3.17510977745612	0.261677380344686	0.260625	0.00169538728961705		28D09	8.3	1	0.01	2025-10-11
H19	0	0.000185419312031459	0	23.9705674285872	6.44456226732217	0.0636368024212535	0.0631250000000001	0.00116787194857487		28D09	8.6	1	0.006	2025-10-11
H2	0	0.004	0	-4.82339239452321	4.44793376763972	0.110536128518228	0.11	0.000407833451169802	questionable fit (k < n0)	28D09	3.5	1	0.004	2025-10-11
H20	0	0.00178707506346063	0	6.09031036812938	4.07403192441821	0.275233939739231	0.27475	0.00186283641120873		28D09	8.9	1	0.011	2025-10-11
H21	0	0.0036353010300855	0	-1.62551692610447	0.64947438345855	0.205504010683563	0.204875	0.00121578083130081	questionable fit	28D09	9.2	1	0.00900000000000001	2025-10-11
H22	0	0.00140508683253674	0	-1.50219780899806	1.86794729275567	0.103823591727626	0.10375	0.00157556386893019	questionable fit	28D09	9.5	1	0.00900000000000001	2025-10-11
H23	0	0.00230633657003945	0	1.57237619489809	3.07781100579823	0.247594833564283	0.247625	0.00244800374152591		28D09	9.8	1	0.013	2025-10-11
H24	0	0.000589921847369548	0	5.66308369978213	3.64723890929632	0.0951417880929442	0.0957500000000001	0.00140072391648018		28D09	10.1	1	0.006	2025-10-11
H3	0	0.00301142282754997	0	984.885782103262	58.2354352130071	0.196059140794477	0.195375	0.00042226691872335		28D09	3.8	1	0.00599999999999999	2025-10-11
H4	0	0.000524288141739548	0	63.7556152973493	9.82189418499241	0.187120375244052	0.18525	0.000518468604143271		28D09	4.1	1	0.013	2025-10-11
H5	0	0.000195747536190136	0	26.5471612983635	3.69102602537324	0.625832279024913	0.63125	0.000564291040170946		28D09	4.4	1	0.028	2025-10-11
H6	0	0.000638243461635331	0	23.8400749072199	4.02199912973689	0.961625426823302	0.9695	0.000729573203636901		28D09	4.7	1	0.039	2025-10-11
H7	0	0.000140902540127875	0	23.6945255035039	3.03071970926476	0.782727914196713	0.775	0.000647535818176531		28D09	5	1	0.032	2025-10-11
H8	0	0.0010783381045386	0	24.7303221541908	4.58362326073247	1.09219740723127	1.091125	0.000888881424932732		28D09	5.3	1	0.046	2025-10-11
H9	0	0.00147646564448282	0	30.2542630044732	5.84595254714267	1.0235137670613	1.02575	0.000914341042859546		28D09	5.6	1	0.05	2025-10-11
I1	0	0	0	0	0	0	0	0	cannot fit data	41G1A01	3.2	1	0.003	2025-10-11
I10	0.190758978199988	0.000000577606938236004	0.387369873571224	32.8048863225317	1.78936780542511	2.93886458401823	2.951875	0.00148912128084677		41G1A01	5.9	1	0.193	2025-10-11
I11	0.144088157255448	0.00000190797806352751	0.313230040698571	35.859023137325	2.21290135203531	1.78834786842502	1.78425	0.00144695921234399		41G1A01	6.2	1	0.146	2025-10-11
I12	0.190082755582542	0.00000247636901189723	0.319462573532316	35.2104106609112	2.16972890719491	2.47923056032395	2.51175	0.00245214950441037		41G1A01	6.5	1	0.187	2025-10-11
I13	0.195789169844447	0.0000148692451441487	0.302996149389246	31.3054234212298	2.28764352932251	3.31244499946207	3.371375	0.00628206653246348		41G1A01	6.8	1	0.192	2025-10-11
I14	0.198981498566927	0.0000481314952867252	0.2400025435188	34.6945842165616	2.88808264444768	2.71978706823517	2.721375	0.00321093026606857		41G1A01	7.1	1	0.188	2025-10-11
I15	0.135503162116737	0.0000811810410187223	0.274450870419411	27.0338702945332	2.52557836490257	2.86986113289395	2.89675	0.00468746475986244		41G1A01	7.4	1	0.138	2025-10-11
I16	0	0.0000092300154895116	0	34.3418190656179	2.943956775002	0.420415007855838	0.427	0.00130651213988932		41G1A01	7.7	1	0.036	2025-10-11
I17	0	0.000000287360773355286	0	37.6273362861779	2.2932684576013	0.267563884031524	0.27475	0.00351815117649896		41G1A01	8	1	0.043	2025-10-11
I18	0	0.00000627514500096706	0	46.3126858860872	3.78339716875198	0.146133293677864	0.143375	0.000794817850738988		41G1A01	8.3	1	0.018	2025-10-11
I19	0	0.000000000286629388354681	0	42.4217624103866	1.71466989832151	0.0482918062017263	0.0465	0.000478998220405866		41G1A01	8.6	1	0.00800000000000001	2025-10-11
I2	0	0.00156399166748714	0	-7.42376416541756	5.28071805210829	0.0986001572221133	0.0982500000000001	0.000438167969184533	questionable fit	41G1A01	3.5	1	0.003	2025-10-11
I20	0	0.0000653229875375842	0	183.434452707748	6.51214023640819	0.10320159202628	0.122375	0.00131422647322432		41G1A01	8.9	1	0.01	2025-10-11
I21	0	0.000123733815974645	0	212.527103040761	7.6136031324894	0.108082304441757	0.126625	0.00134450934132478		41G1A01	9.2	1	0.01	2025-10-11
I22	0	0	0	0	0	0	0	0	cannot fit data	41G1A01	9.5	1	0.004	2025-10-11
I23	0	0	0	0	0	0	0	0	cannot fit data	41G1A01	9.8	1	0.005	2025-10-11
I24	0.141515126663427	0.00024848791782907	0.00171350912842713	3701.76622308054	404.519105886644	0.0124858775861318	0.012375	0.000508038243064872		41G1A01	10.1	1	0.002	2025-10-11
I3	0.16808151469536	0.0169605243601022	0.052593596446856	41.5866640978032	13.1793075086688	2.47957483299422	2.488625	0.00642950697153212		41G1A01	3.8	1	0.088	2025-10-11
I4	0	0.0000229873462430267	0	29.018339335641	2.54697968689222	1.18784431586125	1.203875	0.00129034463282536		41G1A01	4.1	1	0.062	2025-10-11
I5	0	0.0000147136924722365	0	28.466961499582	2.39251420703703	1.10946948973778	1.106	0.00156722752826662		41G1A01	4.4	1	0.058	2025-10-11
I6	0	0.00000351752692630815	0	29.4837938506491	2.11811102179645	1.02100942249453	1.020125	0.0016244035707504		41G1A01	4.7	1	0.057	2025-10-11
I7	0	0.00000560277097760812	0	29.5981739659678	2.21803409565549	1.08483123764829	1.080625	0.00134755304788855		41G1A01	5	1	0.06	2025-10-11
I8	0	0.00000388476029542316	0	31.1349180222596	2.23808426282478	1.02276535026127	1.02725	0.000795186398520036		41G1A01	5.3	1	0.06	2025-10-11
I9	0	0.0000245864593959518	0	32.9732005908049	2.86269799493022	1.10604199558953	1.1285	0.00142706517519437		41G1A01	5.6	1	0.069	2025-10-11
J1	0	0.0269462766838108	0	-44.0511534846384	15.8942107134666	1.18269376356923	1.114625	0.00226668605104408	questionable fit (k < n0)	41G1B04	3.2	1	0.03	2025-10-11
J10	0.179288648067834	0.0260572435577324	0.261255208482724	6.78131335133712	2.65314205441297	7.31893542790253	7.306125	0.00342001354748795		41G1B04	5.9	1	0.183	2025-10-11
J11	0.168638406676456	0.027507201771891	0.269787930982111	6.06121307942189	2.56922975774593	6.99566900750996	6.98612500000001	0.00241495556195899		41G1B04	6.2	1	0.172	2025-10-11
J12	0.200897283193411	0.0220515001527168	0.20976243658277	9.97863720321312	3.30443902088464	7.568420249181	7.580375	0.0073059288944065		41G1B04	6.5	1	0.209	2025-10-11
J13	0.228386002286238	0.0185063850878107	0.355077486289692	6.83912215293163	1.95210118164021	9.39290844359098	9.40750000000001	0.0110573571955357		41G1B04	6.8	1	0.242	2025-10-11
J14	0.207282521878342	0.0128314286434978	0.349687703376139	7.7734593819307	1.98218917584976	8.3427581142397	8.36775	0.0117769566210684		41G1B04	7.1	1	0.222	2025-10-11
J15	0.192373326457509	0.0207843129831269	0.342342615783336	6.16605571429596	2.02471777863212	8.02281606978144	8.033875	0.00988621879334609		41G1B04	7.4	1	0.21	2025-10-11
J16	0.178117078954751	0.0149588117118295	0.335511740801247	7.12171845413108	2.06594016324024	7.27096653963419	7.277875	0.00810941738394609		41G1B04	7.7	1	0.192	2025-10-11
J17	0.166565728731383	0.0187995772360669	0.303439148071602	6.79476131427328	2.28430373920106	6.8316970811367	6.84225	0.0105914368369924		41G1B04	8	1	0.182	2025-10-11
J18	0.156642679170074	0.015672136218335	0.307170703692795	7.15128934652726	2.25655367594291	6.37692051177183	6.38274999999999	0.00820228427356676		41G1B04	8.3	1	0.175	2025-10-11
J19	0.15499766216577	0.0145790974733752	0.315410995241996	7.18122995455778	2.19759992839861	6.30996041516967	6.31462500000001	0.00911609715539097		41G1B04	8.6	1	0.171	2025-10-11
J2	0	0.0324269979593448	0	-41.3018020135865	14.3768713439661	1.42715993656997	1.376125	0.0027182844693404	questionable fit (k < n0)	41G1B04	3.5	1	0.038	2025-10-11
J20	0.153106121920926	0.022188396832035	0.230870699573405	7.68828434876805	3.00231766889743	6.09950249467395	6.104375	0.00763963642094207		41G1B04	8.9	1	0.167	2025-10-11
J21	0.144587899864518	0.0188626732835927	0.258049220845429	7.35097655909595	2.68610452800064	5.82860664436434	5.833375	0.0064574078713682		41G1B04	9.2	1	0.159	2025-10-11
J22	0.140111977505765	0.0190649494505267	0.213564181193349	8.65467036417245	3.24561533065514	5.44557997173271	5.45825	0.00646297084218778		41G1B04	9.5	1	0.145	2025-10-11
J23	0.137871849620902	0.0217983730288976	0.176861470555464	9.45592089061255	3.91915309978481	5.20899249142341	5.225375	0.00819388367802905		41G1B04	9.8	1	0.143	2025-10-11
J24	0.134620559129552	0.0111111840581878	0.163480413982234	14.7318252514973	4.23994020858837	4.43862003279944	4.49225000000001	0.010455055482247		41G1B04	10.1	1	0.133	2025-10-11
J3	0.096256521555172	0.0268940102777474	0.28814925479679	3.28802843286094	2.40551439582507	4.21404023996483	4.20875000000001	0.00207178125305235		41G1B04	3.8	1	0.1	2025-10-11
J4	0.118712770764834	0.0214835600566836	0.265834053697802	5.6794198218465	2.60744314326226	4.95911824442161	4.95412499999999	0.00289201328188384		41G1B04	4.1	1	0.12	2025-10-11
J5	0.131334234026322	0.0265833270466668	0.212883390170169	6.44155938928734	3.25599465512963	5.34545630922684	5.344	0.00421956112072056		41G1B04	4.4	1	0.133	2025-10-11
J6	0.138415996668538	0.0195020266598662	0.263939962690116	6.8495951908509	2.62615472661012	5.64454169758833	5.641625	0.00244072725399374		41G1B04	4.7	1	0.141	2025-10-11
J7	0.147481695691193	0.0229148111726686	0.224118049201643	7.55431936490944	3.09277714592415	5.8841023181983	5.88674999999999	0.00478569057303529		41G1B04	5	1	0.149	2025-10-11
J8	0.162695229499254	0.0204284625582965	0.288019772554509	6.7383387137043	2.40659581948932	6.67054926812902	6.667	0.00187734997843899		41G1B04	5.3	1	0.164	2025-10-11
J9	0.172335916175651	0.0269210292925812	0.290525509604152	5.80562859553928	2.38583930720705	7.20608589157279	7.198375	0.0026671764210178		41G1B04	5.6	1	0.175	2025-10-11
K1	0	0	0	0	0	0	0	0	cannot fit data	04G3B05	3.2	1	0.00800000000000001	2025-10-11
K10	0.199085000100787	0.00234969838378177	0.138116838002867	32.0567156804281	5.01855668420065	3.34483273720427	3.390125	0.00488117776281326		04G3B05	5.9	1	0.18	2025-10-11
K11	0.187501219072485	0.00407177800465523	0.0992723044636745	38.3566225901344	6.98228155682212	2.40814916995794	2.428625	0.00417258638196569		04G3B05	6.2	1	0.127	2025-10-11
K12	0	0.00527381163513989	0	318.348863889705	10.8200835164334	1.72337473166464	1.756	0.00467793455323484		04G3B05	6.5	1	0.116	2025-10-11
K13	0.14277503531946	0.000261593119086864	0.181889343808474	34.6386498378624	3.81081797342574	1.99930839383259	2.139375	0.0075118775378788		04G3B05	6.8	1	0.131	2025-10-11
K14	0.292066518765607	0.00341177465009314	0.0954699476830933	46.4858192911591	7.26037038231973	2.34582387306192	2.395	0.00708666770356963		04G3B05	7.1	1	0.149	2025-10-11
K15	0	0.00290298629845229	0	2.65676662397029	0.946457344889348	1.05337337309844	1.054625	0.00550801619080762		04G3B05	7.4	1	0.032	2025-10-11
K16	0	0.00514426732680979	0	7.11259780077899	3.14854102865001	1.19758541224039	1.195875	0.00129739157147653		04G3B05	7.7	1	0.033	2025-10-11
K17	0	0.00296753928842292	0	4.18502719581581	1.38126475754909	1.19125114325004	1.192125	0.00275512912982512		04G3B05	8	1	0.032	2025-10-11
K18	0	0.00267409161822598	0	6.79772800981734	2.37800276044099	0.904042612962725	0.902875	0.00113785854813449		04G3B05	8.3	1	0.025	2025-10-11
K19	0	0.00231300660138327	0	6.48815676695485	2.17256575474135	0.85348049388923	0.852125	0.000933571904909095		04G3B05	8.6	1	0.023	2025-10-11
K2	0	0.00672607101776409	0	333982.892990216	25091.3895829564	0.324442468282627	0.323000000000001	0.000624029275676375		04G3B05	3.5	1	0.00800000000000001	2025-10-11
K20	0	0.00549230489647699	0	6.00948047851145	5.01374467252427	0.716687263922245	0.715499999999999	0.000789036836041289		04G3B05	8.9	1	0.02	2025-10-11
K21	0	0.00809302903834073	0	4.33946388419766	5.89877947433432	0.86085266584978	0.8595	0.000948725659410651		04G3B05	9.2	1	0.023	2025-10-11
K22	0	0.00726023829965883	0	0.307355046638367	7.0263106983183	0.606166579936702	0.604875	0.0010790453822815		04G3B05	9.5	1	0.017	2025-10-11
K23	0	0.00922991257443484	0	-1.09937110798063	9.95020766180304	0.697819812974416	0.696125	0.00117833187129662	questionable fit	04G3B05	9.8	1	0.018	2025-10-11
K24	0	0.0189858560861306	0	-17.3384338201721	7.305626004039	1.05018588320591	1.0465	0.00109910593513385	questionable fit	04G3B05	10.1	1	0.025	2025-10-11
K3	0	0.00551265519129589	0	25.0953519350497	6.59935611357977	1.91721997998457	1.92125	0.000929301388415632		04G3B05	3.8	1	0.074	2025-10-11
K4	0.085735033457585	0.00207030129553273	0.170420469130922	21.7058631360921	4.06727656656929	2.26503017163439	2.299375	0.00331896664200933		04G3B05	4.1	1	0.083	2025-10-11
K5	0.0873667743809603	0.00375731935360911	0.148931930103904	20.831334453757	4.65412071190084	2.37558065207604	2.375125	0.00156510068718714		04G3B05	4.4	1	0.086	2025-10-11
K6	0	0.00313434869042779	0	22.6970291155915	4.84975998829824	2.12212881791731	2.1165	0.0027649515861966		04G3B05	4.7	1	0.086	2025-10-11
K7	0.0883391674818476	0.00353675922838203	0.135075962175426	23.5209363294944	5.13153613268169	2.17670429614431	2.16775	0.00228111200384309		04G3B05	5	1	0.085	2025-10-11
K8	0.0958937257001765	0.00477261347230421	0.116090008242921	25.4052481972819	5.97077380776407	2.20069776240575	2.188625	0.00343059697428313		04G3B05	5.3	1	0.095	2025-10-11
K9	0	0.00343455633943031	0	21.6898254440201	4.95447509860523	1.97214880463817	1.98425	0.00256042215973673		04G3B05	5.6	1	0.075	2025-10-11
L1	0	0	0	0	0	0	0	0	cannot fit data	04G2A08	3.2	1	0	2025-10-11
L10	0	0.0000428214889668181	0	18.5549273556988	2.02001839211353	0.740408229117804	0.743625	0.00112625154170092		04G2A08	5.9	1	0.027	2025-10-11
L11	0	0.0000179016356139544	0	16.4158553781283	1.53733117074429	0.932941510437266	0.945625	0.00229289804251163		04G2A08	6.2	1	0.033	2025-10-11
L12	0	0.000000105029070093701	0	19.165694380581	1.10432473127716	0.511332341597411	0.514249999999999	0.00153809901036595		04G2A08	6.5	1	0.02	2025-10-11
L13	0	0.000000000045477541883452	0	16.1200943355062	0.579386591225613	0.346381673437872	0.34675	0.00144788975213599		04G2A08	6.8	1	0.015	2025-10-11
L14	0	0.000313148569671991	0	194.166429594745	6.09927517743505	0.6569280546407	0.72475	0.0052994785297769		04G2A08	7.1	1	0.082	2025-10-11
L15	0	0.00000107809209454066	0	12.6107932384865	0.956320845853046	0.357840668603934	0.3615	0.00209754235131325		04G2A08	7.4	1	0.019	2025-10-11
L16	0	0.0000000420261950812778	0	17.5963165811845	1.00180927574971	0.249351289221466	0.253	0.00269019447427986		04G2A08	7.7	1	0.021	2025-10-11
L17	0	0.0000000151355037446885	0	22.89524780026	1.3374019297992	0.0545343423204243	0.0540000000000001	0.00218840437274115		04G2A08	8	1	0.016	2025-10-11
L18	0	0.00000279238628861259	0	26.6297241884753	2.21430152264712	0.251387496441677	0.252375	0.00146941489704392		04G2A08	8.3	1	0.016	2025-10-11
L19	0	0.000000000000000262098653254625	0	34.9444794696108	0.808184913637183	0.0360586670758496	0.0365	0.00111796639135674		04G2A08	8.6	1	0.00800000000000001	2025-10-11
L2	0	0.00124695024884901	0	999.5762325035	61.5637144032507	0.0798187275382878	0.0795000000000001	0.000473557864365679		04G2A08	3.5	1	0.003	2025-10-11
L20	0	0.0000118084820485201	0	39.77038141941	3.995898667167	0.112797222082023	0.111625	0.000701486833895628		04G2A08	8.9	1	0.011	2025-10-11
L21	0	0.00022637746591554	0	48.2379578260126	7.48140373492354	0.1467348103475	0.14775	0.000697753665887448		04G2A08	9.2	1	0.011	2025-10-11
L22	0	0.000447385969805922	0	738.878815290924	38.5699653016771	0.0343065841575106	0.03425	0.000561022213452866		04G2A08	9.5	1	0.003	2025-10-11
L23	0	0.000828806206033895	0	441.006341406975	16.8657496106897	0.126056127076089	0.128625	0.000909284110899356		04G2A08	9.8	1	0.00700000000000001	2025-10-11
L24	0	0.00373635113827731	0	3168.26042119861	184.223336009329	0.19747576081712	0.1965	0.000734827642845967		04G2A08	10.1	1	0.00800000000000001	2025-10-11
L3	0	0.000140767644447497	0	17.7805399947352	2.39472269224375	0.739727904000267	0.752875000000001	0.00107467315458356		04G2A08	3.8	1	0.025	2025-10-11
L4	0	0.00000275594383680948	0	16.5331454279083	1.29407681940337	0.612291708024791	0.612125	0.00100914704658969		04G2A08	4.1	1	0.023	2025-10-11
L5	0	0.0000103423828073375	0	16.8129052626137	1.5440202617831	0.615991826124348	0.61275	0.000652687549340694		04G2A08	4.4	1	0.021	2025-10-11
L6	0	0.00000183416193238806	0	15.8599461226652	1.18849488587895	0.617151357353917	0.615499999999999	0.000885839252237566		04G2A08	4.7	1	0.024	2025-10-11
L7	0	0.00000566850491704524	0	15.7509589257335	1.34509883865529	0.616424330160705	0.614375	0.000848528569418133		04G2A08	5	1	0.021	2025-10-11
L8	0	0.00000111661011399575	0	16.564717021403	1.17213235565247	0.634380316476831	0.632499999999999	0.000960615388209476		04G2A08	5.3	1	0.022	2025-10-11
L9	0	0.0000286218907096205	0	17.4265958863266	1.78494393988266	0.766270519142778	0.7685	0.000890168774585466		04G2A08	5.6	1	0.027	2025-10-11
N1	0	0.0182969067220651	0	-52.9640845686116	25.378173666455	0.965292257596223	0.961374999999999	0.000543161805990124	questionable fit	26G3A01	3.2	1	0.021	2025-10-11
N10	0.173743283139236	0.0102589332254362	0.25258339370064	10.9610072372678	2.74423100586517	6.42898901813303	6.4475	0.00405709233312937		26G3A01	5.9	1	0.174	2025-10-11
N11	0.152873226137978	0.0123542384899266	0.22957938351086	10.590425778237	3.01920481691318	5.6941830784704	5.705375	0.0033111371834301		26G3A01	6.2	1	0.153	2025-10-11
N12	0.170596127427935	0.00896778554064951	0.2454129471542	11.7828369512142	2.82441162374543	6.17593932357278	6.198625	0.00535969749388284		26G3A01	6.5	1	0.176	2025-10-11
N13	0.192865516340584	0.00386864432329144	0.412324757948345	9.43146451473811	1.68107096941965	7.4684929514364	7.50125	0.00887499633810009		26G3A01	6.8	1	0.208	2025-10-11
N14	0.175918732156537	0.00675274210692208	0.382411169413528	8.4226926923138	1.81257043726774	6.980349273204	7.00512500000001	0.00636702065399772		26G3A01	7.1	1	0.186	2025-10-11
N15	0.160575770513029	0.00842319448642051	0.361461458489828	8.00609467503424	1.91762403509322	6.43094459469435	6.449125	0.00522743351784752		26G3A01	7.4	1	0.167	2025-10-11
N16	0.129456335715848	0.00640480383051467	0.337206292705087	8.76482729612253	2.05555826078891	5.08622928591486	5.09537500000001	0.00344426461606066		26G3A01	7.7	1	0.135	2025-10-11
N17	0.121406155096354	0.00841192368289977	0.27448801740043	9.463752214693	2.52523657361977	4.67160984768413	4.675	0.0038174223003673		26G3A01	8	1	0.128	2025-10-11
N18	0.123154076849373	0.0110807957770931	0.186450824418564	12.4104543922718	3.71758710491887	4.34673410492588	4.339375	0.00339694475438011		26G3A01	8.3	1	0.13	2025-10-11
N19	0.129896367171743	0.00909915957873715	0.19591442338561	13.1992891045027	3.53800995649847	4.4995875208464	4.490375	0.00347336133792467		26G3A01	8.6	1	0.136	2025-10-11
N2	0	0	0	0	0	0	0	0	cannot fit data	26G3A01	3.5	1	0.031	2025-10-11
N20	0.131594051240373	0.0103393705676903	0.138602813217855	17.762512042179	5.00096040237265	3.94214930218555	3.93575	0.00206129086654892		26G3A01	8.9	1	0.134	2025-10-11
N21	0.143221256747036	0.0124210952584444	0.122246557431113	19.2584107515179	5.67007525713385	4.07295725811913	4.07025	0.00164963733145965		26G3A01	9.2	1	0.142	2025-10-11
N22	0.128747974861095	0.010604474253654	0.111172186957406	21.6836966777722	6.23489741031644	3.37412173402406	3.37975	0.00159843110407812		26G3A01	9.5	1	0.121	2025-10-11
N23	0.107613403058234	0.0118116597490854	0.112815466648816	18.5541378893676	6.14407936384866	3.11292166123363	3.119625	0.00230875163756813		26G3A01	9.8	1	0.103	2025-10-11
N24	0.0984190637195185	0.00948368602178469	0.0902318455657182	24.8065074710853	7.68184642810069	2.31695533149662	2.327125	0.00310837729596823		26G3A01	10.1	1	0.084	2025-10-11
N3	0	0.0251196463020489	0	3.10361797684583	4.34540930244754	2.79398527488436	2.788625	0.000970045178123945		26G3A01	3.8	1	0.068	2025-10-11
N4	0	0.0223618113984201	0	7.22882112573192	6.84463294625005	2.56521198316901	2.559	0.00184455481860698		26G3A01	4.1	1	0.071	2025-10-11
N5	0.0992010617525969	0.024478605005688	0.0898903915402254	12.4149109006511	7.71102638094268	3.28099803853631	3.271875	0.00296050843421674		26G3A01	4.4	1	0.099	2025-10-11
N6	0.121215060345294	0.021734167196505	0.092381139519922	16.4652661518152	7.50312438406833	3.65610780408896	3.648125	0.00236403123386272		26G3A01	4.7	1	0.115	2025-10-11
N7	0.118597108599316	0.0159689503362348	0.250161730088974	7.43705325585552	2.77079623775154	4.76635077922655	4.76875	0.00271315125873646		26G3A01	5	1	0.119	2025-10-11
N8	0.133296454300758	0.012560444517715	0.237624754545249	9.52364528346197	2.91698220535333	5.10055340853157	5.10925	0.00348157628140597		26G3A01	5.3	1	0.134	2025-10-11
N9	0.131988570302442	0.0163173524501798	0.194891366566672	10.0493047145948	3.55658227848087	4.94707032374536	4.958125	0.00568023318822703		26G3A01	5.6	1	0.132	2025-10-11
O1	0	0	0	0	0	0	0	0	cannot fit data	18G1A02	3.2	1	0	2025-10-11
O10	0	0.00142302322511446	0	12.3023599385646	3.80590475992547	0.523159712876508	0.522625	0.000853899798241771		18G1A02	5.9	1	0.016	2025-10-11
O11	0.133484780571666	0.000000578418836994016	0.281041356133767	43.940847799138	2.46635295991822	0.694365997300302	0.82075	0.00421776501012159		18G1A02	6.2	1	0.098	2025-10-11
O12	0	0.00393365630039019	0	431.588853729427	17.3425999028438	0.577366752521522	0.583375000000001	0.00507652452278179		18G1A02	6.5	1	0.049	2025-10-11
O13	0.123894704124552	0.0000084486413204104	0.257331759660553	37.2791664107937	2.69359359868474	1.3816596245841	1.49775	0.00507203976594795		18G1A02	6.8	1	0.113	2025-10-11
O14	0.130215244513873	0.00000589268861389274	0.30543422749784	32.7507056110827	2.26938279392688	2.01607665819495	2.1505	0.00539849685212847		18G1A02	7.1	1	0.127	2025-10-11
O15	0	0.00109104474270552	0	4.38012922931786	1.37088430545667	0.483450159002867	0.485125000000001	0.00188490768284639		18G1A02	7.4	1	0.019	2025-10-11
O16	0	0.000074094691337107	0	6.93171106657187	1.03080988905097	0.326343857104005	0.329250000000001	0.00193210783152563		18G1A02	7.7	1	0.014	2025-10-11
O17	0	0.000000919579271711251	0	7.0517199947348	0.560634641527503	0.231442723735868	0.23175	0.0022559297782656		18G1A02	8	1	0.013	2025-10-11
O18	0	0.00094046734075763	0	2.80655110850544	1.60641629948411	0.183538676618906	0.183875	0.00267901592249315		18G1A02	8.3	1	0.014	2025-10-11
O19	0	0.000000000000000107587794315509	0	18.8464551788094	0.426703872487961	0.0624079667463982	0.0622500000000001	0.000689815281520179		18G1A02	8.6	1	0.00700000000000001	2025-10-11
O2	0	0	0	0	0	0	0	0	cannot fit data	18G1A02	3.5	1	0.002	2025-10-11
O20	0	0.000000819568603808419	0	10.655071233549	0.788703221767562	0.358939542241281	0.3705	0.00420627738014088		18G1A02	8.9	1	0.023	2025-10-11
O21	0	0.00120527129103465	0	2.81676666743688	1.05405244415527	0.401450639482315	0.402125000000001	0.00287224374412162		18G1A02	9.2	1	0.02	2025-10-11
O22	0	0.00334810704643448	0	54.933482629639	20.9267391436024	0.317164275591467	0.316625	0.00114291067460067		18G1A02	9.5	1	0.011	2025-10-11
O23	0	0.0000520500679959228	0	14.8985348649847	2.01537980865005	0.292843427378116	0.3025	0.00273125415509184		18G1A02	9.8	1	0.015	2025-10-11
O24	0	0.0024313410731333	0	25.5513221579483	8.15623577765418	0.546037761769095	0.545375	0.00108044370239136		18G1A02	10.1	1	0.022	2025-10-11
O3	0	0.00335459414576062	0	-1.48844230197784	8.59683587271668	0.256694151509188	0.256	0.000388769384541697	questionable fit	18G1A02	3.8	1	0.00699999999999999	2025-10-11
O4	0	0.00254209361157283	0	19.7220588337398	12.0532778409436	0.279083502009962	0.278375	0.000466571557055475		18G1A02	4.1	1	0.00900000000000001	2025-10-11
O5	0	0.000539804793987884	0	22.1225528915077	3.77685827062258	0.828811594958253	0.823125	0.000640402379294508		18G1A02	4.4	1	0.033	2025-10-11
O6	0	0.00038081730293807	0	18.0813311800271	2.85758117820716	0.931237674792971	0.924875000000001	0.000638511181631315		18G1A02	4.7	1	0.033	2025-10-11
O7	0	0.0010035585209411	0	17.240996507705	3.72612997956601	0.793852261089337	0.789124999999999	0.000707689570939322		18G1A02	5	1	0.026	2025-10-11
O8	0	0.000885751695616196	0	16.2847922911048	3.32286443432683	0.868755195463732	0.870125	0.000652269628775164		18G1A02	5.3	1	0.028	2025-10-11
O9	0	0.00165790189761715	0	19.2843531747073	4.53389055341799	0.953858611355376	0.949375	0.000817081335310231		18G1A02	5.6	1	0.035	2025-10-11
