sample	k	n0	r	t_mid	t_gen	auc_l	auc_e	sigma	note	strain	pH	replicate	max.OD	date
A1	0	0.003	0	-2.40746637722155	1.51894216811196	0.0981864928629981	0.0973750000000001	0.000170667782260842	questionable fit (k < n0)	35G1A08	3.2	1	0.003	2023-06-02
A10	0	0.00119457011108958	0	14.0814794469852	2.7698951198036	1.41832700517216	1.43187513888889	0.00176569858297356		35G1A08	5.9	1	0.042	2023-06-02
A11	0	0.00674903236071081	0	10.2141688840446	5.20050803468532	1.20170317060025	1.19912791666667	0.00332090064064689		35G1A08	6.2	1	0.035	2023-06-02
A12	0	0.00260962511476312	0	10.8041110511772	3.74034095168445	0.805482520536135	0.808626527777778	0.00211651657453549		35G1A08	6.5	1	0.027	2023-06-02
A13	0	0.0020575086095702	0	7.62920262207759	2.4848461426958	0.776909007826514	0.777500138888889	0.00372898580386191		35G1A08	6.8	1	0.048	2023-06-02
A14	0	0.00199530995668148	0	24.5243108297806	7.82476450343597	0.463835685124565	0.463375	0.00200388969690872		35G1A08	7.1	1	0.028	2023-06-02
A15	0	0.00354774005285292	0	0.0197914367894755	5.94113280844939	0.300376663955836	0.299625	0.000287057817281837		35G1A08	7.4	1	0.00699999999999999	2023-06-02
A16	0	0.0024577068251272	0	0.454329080903109	4.60718730650824	0.220729893012157	0.22025	0.000272664502551849		35G1A08	7.7	1	0.00600000000000001	2023-06-02
A17	0	0.000225670101229918	0	12.3949920083601	3.41353178108491	0.107064447873524	0.106625	0.000287185450989692		35G1A08	8	1	0.003	2023-06-02
A18	0	0.000831237283460035	0	70.1267069488953	17.7885963922682	0.101836171937077	0.101749861111111	0.000657710418122661		35G1A08	8.3	1	0.00600000000000001	2023-06-02
A19	0	0.00176434244322748	0	1.65827388780177	11.9271769027626	0.135468478080782	0.134875	0.000613793074341587		35G1A08	8.6	1	0.005	2023-06-02
A2	0	0.00284213787946062	0	22.5639197161653	80.0656011418883	0.152789268936305	0.15225	0.000437915725996992		35G1A08	3.5	1	0.005	2023-06-02
A20	0.00600000000000001	0.00321488122496001	0.00493897071763833	2493.34919805847	140.342435739604	0.174975913347042	0.174124861111111	0.000559317096292758		35G1A08	8.9	1	0.00600000000000001	2023-06-02
A21	0	0.00608279918277722	0	-2.50262087873081	85841.164894726	0.0458042504704598	0.037	0.00162143877554545	questionable fit (k < n0)	35G1A08	9.2	1	0.01	2023-06-02
A22	0	0.0022296501281005	0	-446.057721796237	136.021911395591	0.106104088597166	0.103875	0.000525436986012938	questionable fit (k < n0)	35G1A08	9.5	1	0.00499999999999999	2023-06-02
A23	0	0	0	0	0	0	0	0	cannot fit data	35G1A08	9.8	1	0.004	2023-06-02
A24	0	0	0	0	0	0	0	0	cannot fit data	35G1A08	10.1	1	0.003	2023-06-02
A3	0.0958792534540771	0.00561588346993773	0.114213716434274	24.3152302539268	6.06886109829748	2.29295306635256	2.27100013888889	0.00640971527513497		35G1A08	3.8	1	0.092	2023-06-02
A4	0.121901408009457	0.00633674232796206	0.118550472664522	24.4913864623667	5.84685294778565	2.89584093348756	2.87812541666667	0.0088575339498756		35G1A08	4.1	1	0.116	2023-06-02
A5	0.125537065754961	0.00650680537507349	0.115739431286839	25.1126958841614	5.98885939608693	2.91361778408931	2.88887541666667	0.0105614443040581		35G1A08	4.4	1	0.119	2023-06-02
A6	0.130565442678039	0.00416907188086482	0.131357430634127	25.9728689293068	5.27680221220667	2.92265220755728	2.93187527777778	0.00927537369190577		35G1A08	4.7	1	0.126	2023-06-02
A7	0.112131342269894	0.0114746008592897	0.0858719929112603	25.2885729459387	8.07186554149547	2.59946865860544	2.57612555555556	0.008799654874296		35G1A08	5	1	0.098	2023-06-02
A8	0.107231194314226	0.00760428262458757	0.0830793899981007	30.9670152130452	8.34319053830067	2.02988592527429	2.01037513888889	0.00507256631157763		35G1A08	5.3	1	0.087	2023-06-02
A9	0	0.00344416831742585	0	15.1112556339171	3.80069340363753	1.888747896994	1.88087527777778	0.00440013918097437		35G1A08	5.6	1	0.069	2023-06-02
B1	0	0.0142872701933307	0	-11.9752668183927	12.329367421431	0.421968822469443	0.386374861111111	0.000989253613865908	questionable fit (k < n0)	23D06	3.2	1	0.015	2023-06-02
B10	0.343333418611486	0.0194650260550871	0.270469901885028	10.3956776640963	2.56275162496488	12.9070664354444	12.9008761111111	0.00731757772853138		23D06	5.9	1	0.351	2023-06-02
B11	0.332854885790236	0.0284475226925044	0.23557414623302	10.0618245743009	2.94237373516495	12.5699939282165	12.5481263888889	0.00978449075697288		23D06	6.2	1	0.345	2023-06-02
B12	0.338953873679517	0.0147328104634398	0.298036619448853	10.3723783065657	2.32571145734291	12.7728945602237	12.7591261111111	0.00898928264222483		23D06	6.5	1	0.355	2023-06-02
B13	0.352742865581128	0.00616121396156435	0.381564343836572	10.5613762736527	1.81659316903266	13.2621323242432	13.29225125	0.00855726210869511		23D06	6.8	1	0.364	2023-06-02
B14	0.349376303997337	0.0165454634925739	0.258019900193912	11.6329105512614	2.68640976932018	12.7117395686263	12.7331266666667	0.0120917532114671		23D06	7.1	1	0.353	2023-06-02
B15	0.28038029197934	0.0194143490965351	0.237309684865356	10.949310713657	2.92085500409822	10.3610735588984	10.3525013888889	0.0120769433077284		23D06	7.4	1	0.285	2023-06-02
B16	0.227259639349972	0.0131947159147447	0.289117359994104	9.63782634722626	2.39745956650296	8.71769372502272	8.71800111111111	0.0150717270570936		23D06	7.7	1	0.25	2023-06-02
B17	0.190168013657984	0.00949875878026208	0.303811934558041	9.69516522609312	2.2815008290187	7.29121803997757	7.30475152777778	0.0124314168944302		23D06	8	1	0.206	2023-06-02
B18	0.170423472367191	0.00879789632200659	0.225938468489586	12.8830197975597	3.06785818808848	5.97992471188336	5.99987513888889	0.0106938929440366		23D06	8.3	1	0.182	2023-06-02
B19	0.108673524398892	0.014885411442083	0.145341642253798	12.6643435179629	4.76908867831257	3.75641031952146	3.74400055555556	0.00381282094056756		23D06	8.6	1	0.109	2023-06-02
B2	0	0.0219068273982236	0	-23.7041251258452	12.5357285841881	0.856716838627087	0.780999861111112	0.00322395992514964	questionable fit (k < n0)	23D06	3.5	1	0.023	2023-06-02
B20	0	0.00498115259558549	0	6.15833554789829	1.83236091097297	2.34735517092082	2.35475013888889	0.00549026969848767		23D06	8.9	1	0.077	2023-06-02
B21	0	0.0105936821590267	0	6.01264917644059	3.67211107391083	1.77326842073382	1.77187527777778	0.00146937945300757		23D06	9.2	1	0.046	2023-06-02
B22	0	0.0112027813831462	0	7.05117098378363	6.51916405004918	1.31380672809077	1.311625	0.00094774159717788		23D06	9.5	1	0.034	2023-06-02
B23	0	0.0121078242751817	0	6.06926641488636	7.57137018233455	1.24249814942937	1.24	0.00103739524207084		23D06	9.8	1	0.033	2023-06-02
B24	0	0.00973236683212058	0	6.93731737601351	19.8865663469111	0.680395827548176	0.678	0.00107863397872814		23D06	10.1	1	0.017	2023-06-02
B3	0.137795183024822	0.0261894537256479	0.154781143343708	9.3655826216621	4.47824047287683	5.16636215182438	5.16462611111111	0.00420316307800572		23D06	3.8	1	0.142	2023-06-02
B4	0.215778937915056	0.0117857025443869	0.293766650997562	9.70566153650774	2.35951622897351	8.26603891056685	8.29325180555556	0.00735635987463026		23D06	4.1	1	0.226	2023-06-02
B5	0.24584199786033	0.0140392091675513	0.240141929000323	11.6765652012168	2.88640631582089	8.92011596618335	8.95637625	0.00640290720129469		23D06	4.4	1	0.245	2023-06-02
B6	0.241610505348785	0.0112908372725882	0.249705228902682	12.0761454714121	2.775861697434	8.68285324961554	8.72025194444445	0.00591893748814154		23D06	4.7	1	0.241	2023-06-02
B7	0.277919554616975	0.0119762129952569	0.257230194315708	12.0528651808742	2.69465714320155	9.99981555905857	10.0366263888889	0.00712294090669436		23D06	5	1	0.285	2023-06-02
B8	0.292266047927394	0.0120966763456116	0.27569845658004	11.3981907083915	2.51414965886366	10.7125306894	10.72175125	0.00798000406885947		23D06	5.3	1	0.306	2023-06-02
B9	0.310327190174009	0.0203458602487254	0.248012170563301	10.7129382872305	2.79481115376566	11.5499859205965	11.5321261111111	0.0117146743612929		23D06	5.6	1	0.33	2023-06-02
C1	0	0.012	0	-14.3152629325067	11.334024525687	0.396598163624237	0.344499861111111	0.00233025739326568	questionable fit (k < n0)	35G2B04	3.2	1	0.012	2023-06-02
C10	0.301623082926527	0.00736707947737946	0.145435444454741	25.3544024729601	4.76601273615697	6.91432007420381	6.94812527777778	0.00385917291382717		35G2B04	5.9	1	0.294	2023-06-02
C11	0.291701053473344	0.0070261310732046	0.168601245717834	21.9554231715415	4.11116286602042	7.63534524420444	7.67725041666667	0.00580626283212856		35G2B04	6.2	1	0.302	2023-06-02
C12	0.325776830268788	0.0147306135976095	0.121803441470271	25.0404552207543	5.69070276006221	7.57725291855664	7.61162277777778	0.00555304872758414		35G2B04	6.5	1	0.303	2023-06-02
C13	0.320491607019288	0.0172592062273149	0.137914440261085	20.782115418465	5.02592171818812	8.71241326068082	8.68275041666667	0.00626124979327061		35G2B04	6.8	1	0.312	2023-06-02
C14	0.301723302036021	0.00997163613202161	0.170517039324254	19.7995362723902	4.06497311533694	8.5249262668876	8.56750041666667	0.0122164648166949		35G2B04	7.1	1	0.307	2023-06-02
C15	0.330981019714786	0.0125784005975128	0.126756844955034	25.492395115045	5.4683215001591	7.55893866680153	7.61937527777778	0.0168508549360812		35G2B04	7.4	1	0.32	2023-06-02
C16	0.267030970573629	0.016734275310861	0.0786672627757263	34.3877220316503	8.81112620552274	4.45634924639601	4.4675	0.00939634152540375		35G2B04	7.7	1	0.19	2023-06-02
C17	0.141	0.0223667889207639	0.0416336287063154	93.7376276548955	16.6487332980131	3.25663724152281	3.25162458333333	0.0060368091941368		35G2B04	8	1	0.141	2023-06-02
C18	0.087	0.0168096741522776	0.0331444489596908	563.179450767849	20.9129191257012	1.9991125899758	2.00199902777778	0.0035320539194188		35G2B04	8.3	1	0.087	2023-06-02
C19	0	0.0143473863667038	0	0.200962094444029	5.44685134573375	1.24038621679236	1.236375	0.00175270029624112		35G2B04	8.6	1	0.036	2023-06-02
C2	0	0.0238859528454082	0	-14.0639597722524	12.4054203567788	0.760914365247652	0.699999861111112	0.0022311679986837	questionable fit (k < n0)	35G2B04	3.5	1	0.025	2023-06-02
C20	0	0.00272069186361992	0	0.623546714069719	0.190577395154593	1.37906859782897	1.23187541666667	0.00922391204647628		35G2B04	8.9	1	0.042	2023-06-02
C21	0	0.0112845305305706	0	-1.76030797451203	1.70835042942877	0.793769134118758	0.792125	0.00309390633364538	questionable fit	35G2B04	9.2	1	0.025	2023-06-02
C22	0	0.0146600363049353	0	-0.957993896627758	0.176414300270186	0.722983312900072	0.683375	0.00282647535662545	questionable fit	35G2B04	9.5	1	0.017	2023-06-02
C23	0	0.014	0	-11.2079420588037	6.20129556293452	0.512033060412834	0.470125	0.00265290510186696	questionable fit (k < n0)	35G2B04	9.8	1	0.014	2023-06-02
C24	0	0.01	0	-0.939022650673247	0.540610967670897	0.339380342873599	0.298	0.00280933232460569	questionable fit (k < n0)	35G2B04	10.1	1	0.01	2023-06-02
C3	0.097	0.00552620071016316	0.0531461517225839	348.906183394751	13.0422835538137	1.24365255417633	1.355625	0.012434794650728		35G2B04	3.8	1	0.097	2023-06-02
C4	0.14	0.000977866252374484	0.106340311227294	176.901904828394	6.51819777994062	1.53898087693339	1.769125	0.0127583957165002		35G2B04	4.1	1	0.14	2023-06-02
C5	0.134	0.00112907719092273	0.0997307771818814	211.330567101837	6.95018328490348	1.37467707804888	1.58775	0.0100274232247613		35G2B04	4.4	1	0.134	2023-06-02
C6	0.085	0.00387202769378808	0.0616755547753801	314.61874921502	11.2386047127482	1.16467526590848	1.26725	0.00860630200704725		35G2B04	4.7	1	0.085	2023-06-02
C7	0.072	0.00892997025323215	0.0376687970486104	481.735649545246	18.4010967928034	1.21995687201485	1.25237486111111	0.00705180806439228		35G2B04	5	1	0.072	2023-06-02
C8	0.08	0.00709272263983071	0.0441929438136296	410.426159164638	15.6845668277516	1.19046179881344	1.23525	0.00692455988702301		35G2B04	5.3	1	0.08	2023-06-02
C9	0.09	0.007989559329731	0.0470857620385301	394.455384931124	14.7209506770379	1.47232881232429	1.53025	0.00787042163840187		35G2B04	5.6	1	0.09	2023-06-02
D1	0	0.00537598716470005	0	-24.8264097966069	12.6274762423475	0.213027763856721	0.2	0.00064065866864468	questionable fit (k < n0)	23G1B05	3.2	1	0.00600000000000001	2023-06-02
D10	0.22358121889259	0.0115282778667223	0.147342920802977	19.7636438004879	4.70431274731415	6.30135815582328	6.25337555555556	0.00759974806030002		23G1B05	5.9	1	0.225	2023-06-02
D11	0.214239269736811	0.00651360720017777	0.174900344303784	19.7959866153759	3.96309786192313	6.0569334998896	6.02712541666667	0.00438572969773956		23G1B05	6.2	1	0.217	2023-06-02
D12	0.175881704462547	0.00420216644652307	0.197696117227951	18.7663239270442	3.50612440081825	5.15879856162007	5.15400041666667	0.00630810378211479		23G1B05	6.5	1	0.193	2023-06-02
D13	0.19618557888115	0.00165857016373603	0.184953807587933	25.7611086454883	3.74767726925762	4.4106820545375	4.40587569444445	0.00408680788367933		23G1B05	6.8	1	0.209	2023-06-02
D14	0.25063592569082	0.00204800678965437	0.130798307609144	36.6895386235993	5.2993589384293	3.25419490676234	3.28175055555556	0.00405459213246177		23G1B05	7.1	1	0.195	2023-06-02
D15	0	0.00243821181391224	0	4.13313866862745	1.65009399214059	0.711051399489452	0.712625138888889	0.00233513493463451		23G1B05	7.4	1	0.028	2023-06-02
D16	0	0.00108314915525833	0	3.08707432171413	0.922770277063869	0.544080081370267	0.546998888888889	0.00651507812453558		23G1B05	7.7	1	0.03	2023-06-02
D17	0	0.00203181112580322	0	2.61750387231708	1.54671666823523	0.386787905208715	0.387500694444445	0.00374504495705507		23G1B05	8	1	0.022	2023-06-02
D18	0	0.00314956416526649	0	-1.1724687376204	2.27684056081691	0.248742958882197	0.248249722222222	0.00172004206533673	questionable fit	23G1B05	8.3	1	0.013	2023-06-02
D19	0	0.004	0	-1.22644273203831	1.22644273203831	0.0988623302321282	0.0799998611111112	0.000795439401884026	questionable fit (k < n0)	23G1B05	8.6	1	0.004	2023-06-02
D2	0	0.00522574049360169	0	4.405966259441	5.51414964838232	0.575857088259285	0.574750000000001	0.000467022728110248		23G1B05	3.5	1	0.015	2023-06-02
D20	0	0.0105332632248362	0	-17.6835035697731	58.2109717867556	0.273104657878998	0.255001111111111	0.0047596898544416	questionable fit (k < n0)	23G1B05	8.9	1	0.02	2023-06-02
D21	0	0.00651390706586336	0	-0.830632634308278	1.55310886717849	0.102561883489082	0.101499861111111	0.00228392768340985	questionable fit (k < n0)	23G1B05	9.2	1	0.016	2023-06-02
D22	0	0.00499999999999999	0	-1.57898923674564	4.76306220504772	0.0606436616625059	0.05975	0.000403369443448981	questionable fit (k < n0)	23G1B05	9.5	1	0.00499999999999999	2023-06-02
D23	0	0.004	0	-1.35401226503346	66510.4643994377	0.01949946709734	0.0145	0.000331531506489066	questionable fit (k < n0)	23G1B05	9.8	1	0.004	2023-06-02
D24	0	0	0	0	0	0	0	0	cannot fit data	23G1B05	10.1	1	0.003	2023-06-02
D3	0.230756133922866	0.00626301110255896	0.201564934800575	17.7569774260255	3.43882819323576	6.99697375355654	6.96475055555556	0.00515797656520701		23G1B05	3.8	1	0.233	2023-06-02
D4	0.236138063357779	0.00940552000774243	0.195242348165423	16.3001232971219	3.55018871199327	7.48711268992924	7.43287597222222	0.00749221994196849		23G1B05	4.1	1	0.248	2023-06-02
D5	0.208250616506113	0.00619795884010083	0.234501426442244	14.8583672999314	2.95583353617964	6.91792398523514	6.88325111111111	0.00552377627532462		23G1B05	4.4	1	0.225	2023-06-02
D6	0.195235744603634	0.00280880751562102	0.293819020860247	14.3862589293965	2.35909567233101	6.59297592157089	6.58412611111111	0.00440738168764077		23G1B05	4.7	1	0.212	2023-06-02
D7	0.195511676743246	0.00454786941593132	0.266255833153661	14.0369696781114	2.60331265741667	6.66299417583501	6.65412638888889	0.00448400192878809		23G1B05	5	1	0.207	2023-06-02
D8	0.186085293579009	0.00293067135556345	0.275182786956348	15.0267363872349	2.51886096592916	6.16327384704543	6.13175180555556	0.0096522698390645		23G1B05	5.3	1	0.2	2023-06-02
D9	0.216050303872475	0.0133292193011895	0.15344183409896	17.7387901885692	4.51732856707716	6.50558342552867	6.44262625	0.0111647331756528		23G1B05	5.6	1	0.23	2023-06-02
E1	0	0	0	0	0	0	0	0	cannot fit data	35G2A07	3.2	1	0.012	2023-06-02
E10	0.269764416430931	0.0104255907266907	0.221519503243806	14.5083025942265	3.12905712774673	9.04279515872773	9.00662569444444	0.00815487399228466		35G2A07	5.9	1	0.279	2023-06-02
E11	0.485573073302042	0.0357170990140542	0.0952291679358509	26.6021219255615	7.2787276795999	10.7133688203981	10.5750008333333	0.0268821205928078		35G2A07	6.2	1	0.467	2023-06-02
E12	0.25368365245547	0.0138915825827406	0.199015169579861	14.3129244428282	3.48288616402078	8.52750864717743	8.50550138888889	0.00867071029761421		35G2A07	6.5	1	0.266	2023-06-02
E13	0.29004478884671	0.00494748613460687	0.255165756622534	15.8875195194655	2.71645846893679	9.35417770884016	9.32762736111111	0.00968558770035753		35G2A07	6.8	1	0.309	2023-06-02
E14	0.300317753135608	0.00431533644155147	0.260946179151566	16.2033118891304	2.65628407671508	9.5942062728701	9.62412611111111	0.0119273114710921		35G2A07	7.1	1	0.317	2023-06-02
E15	0.22560871391407	0.0132648110942416	0.171769338659517	16.1442805714686	4.03533707452824	7.15884660733354	7.15262583333333	0.00810078675527165		35G2A07	7.4	1	0.227	2023-06-02
E16	0.166473876766709	0.00732492153641677	0.192986920683207	15.9521595299235	3.59167957137243	5.33210011747587	5.33474944444445	0.00766627212507051		35G2A07	7.7	1	0.165	2023-06-02
E17	0.142308994602131	0.00874576350545879	0.153920508349142	17.7104768156141	4.50328021908334	4.28938831536614	4.28799708333333	0.0064430930015921		35G2A07	8	1	0.142	2023-06-02
E18	0.140706924494414	0.00754089647841673	0.117348926192461	24.467676889082	5.90671941405867	3.34570559793344	3.35000263888889	0.00571776482078242		35G2A07	8.3	1	0.128	2023-06-02
E19	0.0933969753605033	0.0079101739810443	0.0825374373838806	28.8379709017671	8.39797312019909	1.91704086932003	1.91250055555556	0.00278866776092225		35G2A07	8.6	1	0.077	2023-06-02
E2	0	0.0143166045995282	0	-2.77515624473695	1.6202472980128	0.889035214491907	0.886250138888889	0.00347735123033369	questionable fit	35G2A07	3.5	1	0.026	2023-06-02
E20	0.116167548513943	0.0159160195377607	0.0336003141110138	54.7719938422011	20.6291875209803	1.5265481467908	1.52237458333333	0.00482169457544386		35G2A07	8.9	1	0.052	2023-06-02
E21	0.03	0.0105554752961657	0.0222270828019323	521.512905233583	31.1848021954409	0.911600762888039	0.909373888888889	0.00268782285380102		35G2A07	9.2	1	0.03	2023-06-02
E22	0	0.00803051794374517	0	3.91049681191334	13.559080350616	0.615886415903114	0.613500416666667	0.00223575082743255		35G2A07	9.5	1	0.02	2023-06-02
E23	0.013	0.00532979056490358	0.0108593892560974	1298.62906024986	63.8292968613083	0.337612010176766	0.336125	0.00148573691792128		35G2A07	9.8	1	0.013	2023-06-02
E24	0	0	0	0	0	0	0	0	cannot fit data	35G2A07	10.1	1	0.00800000000000001	2023-06-02
E3	0.0927192510962694	0.0115210978878175	0.119826640896125	16.2961469592961	5.78458325607925	2.87259743621993	2.86937527777778	0.00280173473418053		35G2A07	3.8	1	0.101	2023-06-02
E4	0.146929902826685	0.0048259504653047	0.24280901915697	13.9309122757657	2.85470112669844	5.01578542475954	5.04050027777778	0.00603139541532405		35G2A07	4.1	1	0.152	2023-06-02
E5	0.173007770144161	0.00214914529237595	0.311188775916089	14.0614526399526	2.22741703494746	5.90011494882795	5.95812583333333	0.0073022631057986		35G2A07	4.4	1	0.173	2023-06-02
E6	0.176408546093457	0.00252145628592834	0.319648780473206	13.2444414376069	2.16846496186788	6.15935491581513	6.20825097222222	0.00593266967732292		35G2A07	4.7	1	0.175	2023-06-02
E7	0.231369225529187	0.00794613312517242	0.235159520404222	14.1877387423631	2.94756163547397	7.83642903489706	7.80937680555556	0.0164352436275821		35G2A07	5	1	0.29	2023-06-02
E8	0.229356232071274	0.00618496523727949	0.266542112719471	13.4531015285808	2.60051656936277	7.94705935827154	7.92950111111111	0.00886312390841043		35G2A07	5.3	1	0.241	2023-06-02
E9	0.270270496342617	0.0113415438476569	0.212995791873348	14.686117744689	3.25427640829687	9.00569883045159	8.95650055555556	0.0115941901070881		35G2A07	5.6	1	0.288	2023-06-02
F1	0	0.0182690638810404	0	-47.7777702972735	19.246191463828	0.791842713965255	0.75125	0.00165054139989706	questionable fit (k < n0)	28D03	3.2	1	0.021	2023-06-02
F10	0.25652450166421	0.023228428050044	0.178692644919387	12.9100527591516	3.87899110717535	8.92030548674844	8.89662569444444	0.004228474943819		28D03	5.9	1	0.264	2023-06-02
F11	0.261351258383632	0.0264965601174575	0.184688786501692	11.8142099545723	3.75305503755418	9.36114021720434	9.34612569444445	0.00268394765860003		28D03	6.2	1	0.263	2023-06-02
F12	0.238729086400392	0.0250116567310586	0.160356539477253	13.3783925616205	4.32253765776899	8.15487209992124	8.12887555555556	0.00690966510792928		28D03	6.5	1	0.261	2023-06-02
F13	0.307793839399688	0.0186432079473178	0.205639740056669	13.3314011826765	3.37068691279677	10.6414215182459	10.6031258333333	0.00986427182722212		28D03	6.8	1	0.324	2023-06-02
F14	0.258911729483058	0.0201010366818482	0.159597849665246	15.5070997070773	4.34308596271072	8.34345400517777	8.29037597222222	0.0139088944164035		28D03	7.1	1	0.29	2023-06-02
F15	0.11223385911762	0.0179105442237222	0.169078205228415	9.8258601477202	4.0995655213133	4.19301045729488	4.18612555555556	0.0035458306235192		28D03	7.4	1	0.126	2023-06-02
F16	0	0.0102089256692464	0	10.2171112819333	3.5648272673287	3.15961933990167	3.16900013888889	0.0103816828216274		28D03	7.7	1	0.1	2023-06-02
F17	0	0.00973140526501641	0	3.7951536813095	1.95727262105632	2.05848491641591	2.059	0.00474213488311533		28D03	8	1	0.054	2023-06-02
F18	0	0.0111720629892681	0	0.572623409071271	1.09600785152633	1.27378875451904	1.27237458333333	0.006008252904253		28D03	8.3	1	0.043	2023-06-02
F19	0	0.0123430654348971	0	2.11285900652199	2.09542754406877	1.66797671896649	1.665375	0.00182446902395861		28D03	8.6	1	0.042	2023-06-02
F2	0	0.0165412846440098	0	-0.777863562763623	1.22570414510288	1.28704850255358	1.283625	0.00376808643262583	questionable fit	28D03	3.5	1	0.036	2023-06-02
F20	0	0.0105305064513314	0	2.71887991436979	1.83133034345594	1.7871453103101	1.71812513888889	0.00529162337659848		28D03	8.9	1	0.044	2023-06-02
F21	0	0.0127098608461217	0	1.70156053727018	3.18715970550513	1.37166227163732	1.37000027777778	0.00313984534389476		28D03	9.2	1	0.04	2023-06-02
F22	0	0.0146811006000121	0	0.761254521585574	15.9529794692863	1.03377038871028	1.030625	0.000684575117930098		28D03	9.5	1	0.026	2023-06-02
F23	0	0.0192385040473212	0	-42.8309610601088	25.8857527441087	1.04011626618864	1.036125	0.000610830634177998	questionable fit	28D03	9.8	1	0.024	2023-06-02
F24	0	0.0123760199631323	0	-11.8893337213794	7.92698239159382	0.425077420458345	0.40125	0.000880869062864786	questionable fit (k < n0)	28D03	10.1	1	0.013	2023-06-02
F3	0.160233602447971	0.0172213008651733	0.149156623996347	14.1916835799771	4.64710960860124	5.33459158636281	5.33800055555556	0.00191779543862312		28D03	3.8	1	0.161	2023-06-02
F4	0.199286848085183	0.0236983528595994	0.139803149296545	14.3254113091333	4.95802264861478	6.58367891238323	6.56262541666667	0.00445065405633618		28D03	4.1	1	0.202	2023-06-02
F5	0.254359391131745	0.0253750680192226	0.163727389901325	13.4362761575442	4.23354443613675	8.68563874533846	8.64987541666667	0.00746340335263498		28D03	4.4	1	0.269	2023-06-02
F6	0.191917103178518	0.0201717884448341	0.174201784713952	12.2945217701527	3.97899012170357	6.77155035944132	6.76287541666667	0.00505810027091815		28D03	4.7	1	0.196	2023-06-02
F7	0.226045869598792	0.0220587075433232	0.19174260578189	11.6007062062628	3.6149877995734	8.15419065772628	8.14912555555556	0.0046952044817283		28D03	5	1	0.233	2023-06-02
F8	0.222058015458362	0.0179172879793851	0.191689447783586	12.6926315927734	3.61599028310883	7.78956720776251	7.78237541666667	0.00461992014024112		28D03	5.3	1	0.229	2023-06-02
F9	0.260284896200579	0.0215967666459265	0.216742337009059	11.0851171235804	3.19802393074213	9.55803713049908	9.55175083333333	0.00349603858601244		28D03	5.6	1	0.268	2023-06-02
G1	0	0.015	0	-18.2495345477426	9.57031021589306	0.576118758256283	0.54575	0.00200609938888607	questionable fit (k < n0)	26G3B03	3.2	1	0.015	2023-06-02
G10	0.204371062488607	0.00656751684024125	0.338614347119823	10.0560964609449	2.04701066701898	7.77676291264483	7.82675041666667	0.0111371570590321		26G3B03	5.9	1	0.231	2023-06-02
G11	0.224792059777468	0.00934005911271273	0.297070871506004	10.5645684913004	2.33327211465072	8.42910586773999	8.45800055555556	0.0156487968899874		26G3B03	6.2	1	0.262	2023-06-02
G12	0.225304526528144	0.0130241565204383	0.271569363627	10.2776765267754	2.55237620069686	8.49576209745519	8.49550097222222	0.0147885874036876		26G3B03	6.5	1	0.258	2023-06-02
G13	0.305666939988977	0.0126374278466711	0.355334341587236	8.84690862996728	1.95069009503483	11.9940621710827	11.9762505555556	0.0153185851690031		26G3B03	6.8	1	0.329	2023-06-02
G14	0.349242199813797	0.023105433002962	0.269645960499017	9.8174993379351	2.57058247517293	13.3178254477188	13.2685005555556	0.0196608382177268		26G3B03	7.1	1	0.378	2023-06-02
G15	0.275479645479902	0.013621455069457	0.349119675173833	8.46746024689739	1.98541425720225	10.9067933694496	10.9065006944444	0.0112769590871915		26G3B03	7.4	1	0.298	2023-06-02
G16	0.203371984500093	0.0153377610843881	0.316458680008055	7.91985276919906	2.19032443838261	8.14242380475477	8.13724986111111	0.00450627404169355		26G3B03	7.7	1	0.212	2023-06-02
G17	0.162150493283858	0.0149459898013897	0.274323021940127	8.33827128622205	2.52675541286225	6.40721526051404	6.397125	0.00479751340519112		26G3B03	8	1	0.172	2023-06-02
G18	0.110338788068268	0.0145309488026226	0.253561454803494	7.43829040409369	2.7336456998053	4.43668396805892	4.43062541666667	0.00459097770439877		26G3B03	8.3	1	0.119	2023-06-02
G19	0.111286099858252	0.014839358176828	0.189723215599175	9.86546619053814	3.65346527767242	4.18308673977056	4.18162541666667	0.0025747581163328		26G3B03	8.6	1	0.115	2023-06-02
G2	0	0	0	0	0	0	0	0	cannot fit data	26G3B03	3.5	1	0.025	2023-06-02
G20	0.114283296844761	0.0284328353805418	0.0477990658546826	23.1189101737829	14.5012704362724	2.8129083072712	2.80525041666667	0.00436792745197007		26G3B03	8.9	1	0.092	2023-06-02
G21	0	0.0210622579353951	0	11.3534470979672	11.9874187347049	1.94666592768066	1.94262513888889	0.00119146504226533		26G3B03	9.2	1	0.056	2023-06-02
G22	0	0.0183172085831245	0	-1.08117491664456	5.26853783870223	1.48689514213885	1.48349986111111	0.00118962530896491	questionable fit	26G3B03	9.5	1	0.037	2023-06-02
G23	0.023	0.0191494247879223	0.00299273940702409	4322.83797140728	231.609601201194	0.992997937908437	0.989375	0.000845773397478422		26G3B03	9.8	1	0.023	2023-06-02
G24	0	0.0138953150157945	0	-23.6308589765838	12.8793498716066	0.539240212309549	0.510625	0.00139574769938178	questionable fit (k < n0)	26G3B03	10.1	1	0.014	2023-06-02
G3	0.044	0.0290823337772734	0.00903106727556501	1518.01471041176	76.7514136934142	1.75661142593833	1.7515	0.00143544446077739		26G3B03	3.8	1	0.044	2023-06-02
G4	0.243733953717317	0.0255234731196182	0.0323950527886203	66.2404094560951	21.3966985972449	2.50146853564669	2.49812513888889	0.00197899265666115		26G3B03	4.1	1	0.085	2023-06-02
G5	0.165786912254806	0.0223417258479768	0.08647922343214	21.5022391251798	8.01518738317367	4.33099079801353	4.33087527777778	0.00330775342619763		26G3B03	4.4	1	0.153	2023-06-02
G6	0.158245972136265	0.0170671642033274	0.125899269597069	16.7822326500015	5.50556951424985	4.85286585616312	4.87025027777778	0.00514016504586404		26G3B03	4.7	1	0.152	2023-06-02
G7	0.151446986822102	0.0111090154688354	0.226902259173144	11.1779257759512	3.05482714489423	5.55689853795361	5.59825069444445	0.0091317664265681		26G3B03	5	1	0.151	2023-06-02
G8	0.174035475746196	0.00750460647432937	0.278331561592551	11.1365870509061	2.49036500421983	6.42362977493968	6.47587666666667	0.00830526765976707		26G3B03	5.3	1	0.176	2023-06-02
G9	0.194473483707094	0.00893878599170305	0.333087843898268	9.10523210300018	2.08097411315811	7.57634289515462	7.62025041666667	0.00974687539580567		26G3B03	5.6	1	0.209	2023-06-02
H1	0	0.0194400890669787	0	-22.498117968873	7.51432838802473	0.843927389534324	0.83875	0.000333755488462424	questionable fit (k < n0)	23G1B10	3.2	1	0.02	2023-06-02
H10	0.072	0.0131883836351944	0.0278071364177671	608.890526899031	24.926952928424	1.33780599397742	1.35675	0.00893125581729292		23G1B10	5.9	1	0.072	2023-06-02
H11	0.109	0.0160291161436324	0.0314110142189858	553.024636317163	22.0670104991703	1.80932692134376	1.847625	0.0134539685553233		23G1B10	6.2	1	0.109	2023-06-02
H12	0	0.0275702524787874	0	-25.7842440219383	13.8275624379991	1.08227037174362	0.991875	0.00349811036744856	questionable fit (k < n0)	23G1B10	6.5	1	0.028	2023-06-02
H13	0	0.029	0	-1.32747233669503	0.273255975687523	1.35011957077863	1.2775	0.00270916595116327	questionable fit (k < n0)	23G1B10	6.8	1	0.029	2023-06-02
H14	0	0.0164989083349111	0	3.6080688913265	7.83856813184323	1.51446926026688	1.5115	0.0026869489157668		23G1B10	7.1	1	0.038	2023-06-02
H15	0	0.021162727020832	0	-77.6836878723579	47.6163012982459	1.09691858052442	1.09275	0.000779011778899883	questionable fit	23G1B10	7.4	1	0.025	2023-06-02
H16	0	0.0250965898569386	0	-9.29182604808137	3.55328502482615	1.03148240947678	1.012125	0.00302170791752012	questionable fit (k < n0)	23G1B10	7.7	1	0.042	2023-06-02
H17	0	0.0277850289435599	0	-15.9920605462448	5.56065417920033	1.18504451115942	1.172875	0.00221810625820206	questionable fit (k < n0)	23G1B10	8	1	0.036	2023-06-02
H18	0	0	0	0	0	0	0	0	cannot fit data	23G1B10	8.3	1	0.035	2023-06-02
H19	0	0.0349303523597952	0	-8.57488312065295	8.20665701352146	1.00720792665933	0.93275	0.00402974151313728	questionable fit (k < n0)	23G1B10	8.6	1	0.037	2023-06-02
H2	0	0.0177325097050279	0	-154.977546271711	33.7097872570682	0.841584949006647	0.818375138888889	0.00104338300418014	questionable fit (k < n0)	23G1B10	3.5	1	0.022	2023-06-02
H20	0	0.0439209109921215	0	-13.4236156308563	19.0087533213707	1.20991570555027	1.11	0.00783778971622275	questionable fit (k < n0)	23G1B10	8.9	1	0.05	2023-06-02
H21	0	0.0440877811843666	0	-22.193871950356	27.2855125674517	1.40858245315235	1.30024986111111	0.00873185371328864	questionable fit (k < n0)	23G1B10	9.2	1	0.048	2023-06-02
H22	0	0.0100843080737972	0	0.157477963480891	0.189935771119412	1.34189683744121	1.32799972222222	0.0116215281167338		23G1B10	9.5	1	0.043	2023-06-02
H23	0	0.043	0	-0.153131818225497	0.0584715885658687	1.7359095896133	1.37699972222222	0.0153775463172552	questionable fit (k < n0)	23G1B10	9.8	1	0.043	2023-06-02
H24	0	0.0126357957871908	0	-0.111581831274159	0.390272925799202	1.10095205430968	1.07462416666667	0.00528621645841781	questionable fit	23G1B10	10.1	1	0.033	2023-06-02
H3	0	0.0257773517143575	0	-8.12735452224558	4.35491818589307	1.53341871842868	1.528	0.000913623298246996	questionable fit	23G1B10	3.8	1	0.034	2023-06-02
H4	0	0.0194539137811564	0	-1.79964779915428	0.613438099361306	1.05810918108477	1.03025	0.00155343399381726	questionable fit	23G1B10	4.1	1	0.024	2023-06-02
H5	0	0.027857906156988	0	-27.2539973745053	8.29635605744823	1.23695923468679	1.194125	0.00176340808705192	questionable fit (k < n0)	23G1B10	4.4	1	0.029	2023-06-02
H6	0	0.024	0	-23.4529968004692	6.5420480118694	1.0784661872777	1.01275	0.00233113353170058	questionable fit (k < n0)	23G1B10	4.7	1	0.024	2023-06-02
H7	0	0.031	0	-26.6781560806634	9.03059691289428	1.34900018641549	1.3055	0.00202206753670869	questionable fit (k < n0)	23G1B10	5	1	0.031	2023-06-02
H8	0	0.0246690048437706	0	-58.6346381411699	21.3275900452846	1.09596756374846	1.003375	0.00294219410812352	questionable fit (k < n0)	23G1B10	5.3	1	0.026	2023-06-02
H9	0	0	0	0	0	0	0	0	cannot fit data	23G1B10	5.6	1	0.04	2023-06-02
I1	0	0	0	0	0	0	0	0	cannot fit data	23G1B10	3.2	2	0.024	2023-06-02
I10	0	0.0236412933562953	0	-38.3627664354486	18.5577401758548	0.979682709310805	0.907	0.00258712525324908	questionable fit (k < n0)	23G1B10	5.9	2	0.025	2023-06-02
I11	0	0.032209233124754	0	-22.2782619062393	11.2964054436541	1.26677329901069	1.174375	0.00340842072329196	questionable fit (k < n0)	23G1B10	6.2	2	0.033	2023-06-02
I12	0	0.0310153558245303	0	-30.666746459043	15.7092628683249	1.24825056101668	1.163875	0.00293121872034613	questionable fit (k < n0)	23G1B10	6.5	2	0.033	2023-06-02
I13	0	0.0223341204500931	0	-1148.39526540474	189.418607526126	1.0752513941382	1.0705	0.00059339959141188	questionable fit (k < n0)	23G1B10	6.8	2	0.025	2023-06-02
I14	0.024	0.0195330222120154	0.00210870354409701	5053.60577046566	328.707742015375	0.991101975806519	0.987125	0.00083788686927281		23G1B10	7.1	2	0.024	2023-06-02
I15	0.033	0.0269328510830118	0.00093909761996871	10607.5766908743	738.099177147356	1.32812376429853	1.323	0.0013312717925683		23G1B10	7.4	2	0.033	2023-06-02
I16	0.046	0.0245234415808026	0.00124893815526323	6574.45610033544	554.989194331929	1.21844581180644	1.21325152777778	0.00485034618331555		23G1B10	7.7	2	0.046	2023-06-02
I17	0	0.0368205205331656	0	-9.09783710153342	5.97733722170845	1.24522462672378	1.2245	0.0036998560597292	questionable fit (k < n0)	23G1B10	8	2	0.045	2023-06-02
I18	0	0.036489265851249	0	-10.0597093760047	8.77852754670562	1.11383939046526	1.06287486111111	0.00409444846421334	questionable fit (k < n0)	23G1B10	8.3	2	0.041	2023-06-02
I19	0	0.0396268149207403	0	-7.33144236891882	8.39168278359797	1.03742277793664	0.986375	0.00403463205550797	questionable fit (k < n0)	23G1B10	8.6	2	0.04	2023-06-02
I2	0	0.0182080779099553	0	-424.169219027005	65.7493055618441	0.875530653813163	0.864875	0.00107120437843335	questionable fit (k < n0)	23G1B10	3.5	2	0.023	2023-06-02
I20	0	0.0394307588750667	0	-20.1510131458079	22.9082881820176	1.25379344924041	1.17474902777778	0.007355581897187	questionable fit (k < n0)	23G1B10	8.9	2	0.044	2023-06-02
I21	0	0.0460799047906564	0	-14.2191867098546	21.4107235030428	1.26844473803597	1.19537416666667	0.00851285696503116	questionable fit (k < n0)	23G1B10	9.2	2	0.049	2023-06-02
I22	0	0.0209593944759564	0	-0.281235382610956	0.410810782032856	1.62921206413481	1.4605	0.01242107194379	questionable fit	23G1B10	9.5	2	0.047	2023-06-02
I23	0	0.012103138461769	0	0.252884094655091	0.21950665072301	1.86553280935082	1.47725013888889	0.0157136374431138		23G1B10	9.8	2	0.045	2023-06-02
I24	0	0.007719528660946	0	0.209147397301438	0.158378328650784	1.29380305346947	1.25524958333333	0.00236835663025815		23G1B10	10.1	2	0.032	2023-06-02
I3	0	0.0253347456232904	0	-7.51795347122704	6.14243810588922	1.63042932193136	1.625125	0.00076503092804266	questionable fit	23G1B10	3.8	2	0.036	2023-06-02
I4	0	0.020770184904305	0	-8.00319474835606	2.0718719750043	1.06563038323034	1.061375	0.000719415720810444	questionable fit	23G1B10	4.1	2	0.023	2023-06-02
I5	0	0.0265054446499662	0	-57.3728550722128	16.8587491516991	1.20722195461898	1.17825	0.00135955585317129	questionable fit (k < n0)	23G1B10	4.4	2	0.028	2023-06-02
I6	0	0.024	0	-37.9209459429839	14.6698243910326	1.03397261293061	0.996	0.00118215527487781	questionable fit (k < n0)	23G1B10	4.7	2	0.024	2023-06-02
I7	0	0.032	0	-30.5360059638357	11.4022352818609	1.37326816302587	1.338875	0.00176241584948835	questionable fit (k < n0)	23G1B10	5	2	0.032	2023-06-02
I8	0	0.0228051867784001	0	-32.3309377748071	14.3904271717257	0.948303579520027	0.88775	0.00184403483028611	questionable fit (k < n0)	23G1B10	5.3	2	0.023	2023-06-02
I9	0	0.0295929214545926	0	-40.7877949283428	16.9696145999158	1.2642875944806	1.20349986111111	0.00282702418608563	questionable fit (k < n0)	23G1B10	5.6	2	0.032	2023-06-02
J1	0	0.0248106713232624	0	-54.636591122759	14.468040832704	1.14159642201791	1.08062513888889	0.00204251749410941	questionable fit (k < n0)	23G1B10	3.2	3	0.027	2023-06-02
J10	0	0.0231230192274873	0	-49.8009317313253	20.0200187968354	1.00490720896484	0.95625	0.00209634353219909	questionable fit (k < n0)	23G1B10	5.9	3	0.025	2023-06-02
J11	0	0.032	0	-23.2239870692046	12.6901832370301	1.23917050977161	1.167125	0.00272128955225684	questionable fit (k < n0)	23G1B10	6.2	3	0.032	2023-06-02
J12	0	0.0289199954664244	0	-31.0699420561155	18.3092591450135	1.13198217710789	1.01512486111111	0.00325487111939831	questionable fit (k < n0)	23G1B10	6.5	3	0.03	2023-06-02
J13	0	0.0161175892291635	0	-5.29028231050226	1.80670321621549	0.680006051647312	0.672	0.00065187528232687	questionable fit (k < n0)	23G1B10	6.8	3	0.019	2023-06-02
J14	0	0	0	0	0	0	0	0	cannot fit data	23G1B10	7.1	3	0.028	2023-06-02
J15	0	0	0	0	0	0	0	0	cannot fit data	23G1B10	7.4	3	0.046	2023-06-02
J16	0	0	0	0	0	0	0	0	cannot fit data	23G1B10	7.7	3	0.035	2023-06-02
J17	0	0.0320100907391782	0	-9.21815176762667	5.04023462454425	1.16393040448939	1.11587430555556	0.00364787497946562	questionable fit (k < n0)	23G1B10	8	3	0.041	2023-06-02
J18	0	0.0359252346021653	0	-7.78249876643785	7.75917795845114	1.00557107235132	0.929749861111111	0.00430579900839307	questionable fit (k < n0)	23G1B10	8.3	3	0.04	2023-06-02
J19	0	0.0391337369956742	0	-9.05971067822562	8.77628739997897	1.13131085779395	1.074875	0.00364726111278319	questionable fit (k < n0)	23G1B10	8.6	3	0.04	2023-06-02
J2	0	0.0258732351357158	0	-11.0859520208282	4.60282827418199	1.04138203647129	1.025875	0.000493399614977021	questionable fit (k < n0)	23G1B10	3.5	3	0.027	2023-06-02
J20	0	0.0479315702009434	0	-13.01484427328	19.1589672295462	1.29745159680418	1.19424930555556	0.00733462511893757	questionable fit (k < n0)	23G1B10	8.9	3	0.053	2023-06-02
J21	0	0.0492968021530159	0	-22.1510632499909	33.7937137028427	1.5153669606167	1.4065	0.00965023376994458	questionable fit (k < n0)	23G1B10	9.2	3	0.052	2023-06-02
J22	0	0.0211822411235231	0	0.0305717169339748	0.180702668245894	2.16037286173614	1.86387486111111	0.0147890964685524		23G1B10	9.5	3	0.055	2023-06-02
J23	0	0.0113445299536479	0	0.319237895792167	0.209291332178731	2.10299987141956	1.857125	0.0123051335923529		23G1B10	9.8	3	0.049	2023-06-02
J24	0	0	0	0	0	0	0	0	cannot fit data	23G1B10	10.1	3	0.034	2023-06-02
J3	0	0.023386757960561	0	-7.69471105511634	5.55132009122686	1.47501974820609	1.469875	0.00069292679152416	questionable fit	23G1B10	3.8	3	0.032	2023-06-02
J4	0	0.0204653802610131	0	-0.0769744013557737	0.030586047993711	1.15875106704406	1.154125	0.00127251647751083	questionable fit	23G1B10	4.1	3	0.027	2023-06-02
J5	0	0.0272772238990727	0	-81.0255472608116	22.6179951762299	1.26053852215778	1.231375	0.00146654228694835	questionable fit (k < n0)	23G1B10	4.4	3	0.029	2023-06-02
J6	0	0.0208587201425652	0	-67.1009981799934	19.2361870552404	0.956765496286712	0.91325	0.00177832228439736	questionable fit (k < n0)	23G1B10	4.7	3	0.023	2023-06-02
J7	0	0.0282534582874984	0	-45.0494669734096	16.4912506543805	1.23863152000666	1.185625	0.00203858735115872	questionable fit (k < n0)	23G1B10	5	3	0.029	2023-06-02
J8	0	0.024	0	-29.4971224314767	14.7485612157383	0.967798893644924	0.86875	0.00258050907428891	questionable fit (k < n0)	23G1B10	5.3	3	0.024	2023-06-02
J9	0	0.0298019426778382	0	-26.9466110355251	12.6427547600756	1.21052624288451	1.156875	0.00225611791182044	questionable fit (k < n0)	23G1B10	5.6	3	0.03	2023-06-02
K1	0.024	0.0206157482236028	0.000475646656953141	20245.5857549501	1457.2733150277	1.00525608400386	1.000625	0.000877674994543634		23G1B10	3.2	4	0.024	2023-06-02
K10	0	0.0327639051825589	0	-18.070674342724	8.69931348630041	1.28837460042333	1.234125	0.00268197307262561	questionable fit (k < n0)	23G1B10	5.9	4	0.033	2023-06-02
K11	0	0.0321019912091752	0	-43.2932435066165	19.8924342233795	1.35429578243317	1.233875	0.00364612785118898	questionable fit (k < n0)	23G1B10	6.2	4	0.033	2023-06-02
K12	0	0.023818203914673	0	-40.1430071845424	19.7416321632564	0.987686507674182	0.880625	0.00333101248813758	questionable fit (k < n0)	23G1B10	6.5	4	0.025	2023-06-02
K13	0.023	0.0200514140037924	0.00219504102954882	4902.28507080592	315.778689887368	1.01956119071245	1.01549986111111	0.000698661133474803		23G1B10	6.8	4	0.023	2023-06-02
K14	0.029	0.0203565639366039	0.000315852752301142	25801.7510212951	2194.52632756887	0.988788682219256	0.98475	0.00180449847078469		23G1B10	7.1	4	0.029	2023-06-02
K15	0	0.0233459465174323	0	-25.5357032871553	12.1826846959605	1.28976438731791	1.28587541666667	0.00406643055917654	questionable fit	23G1B10	7.4	4	0.036	2023-06-02
K16	0	0.0266558659287352	0	-65.3239792116604	22.7913994043792	1.19593858675961	1.17699958333333	0.00562816300587707	questionable fit (k < n0)	23G1B10	7.7	4	0.054	2023-06-02
K17	0	0.0375134363456167	0	-6.54250557349408	4.77548780204037	1.18617201611723	1.152125	0.00356077506036142	questionable fit (k < n0)	23G1B10	8	4	0.045	2023-06-02
K18	0	0.0347782208679014	0	-11.3767244507697	9.97739838563598	1.07683702695737	1.00399986111111	0.00423871896792142	questionable fit (k < n0)	23G1B10	8.3	4	0.04	2023-06-02
K19	0	0.043	0	-8.36209268186574	9.26339510015572	1.16478498797745	1.110375	0.00507235401294629	questionable fit (k < n0)	23G1B10	8.6	4	0.043	2023-06-02
K2	0	0.0237946146718529	0	-23.7549726857573	8.96884574814158	1.00805598540095	0.99225	0.000585389444309665	questionable fit (k < n0)	23G1B10	3.5	4	0.025	2023-06-02
K20	0	0.0434789205280303	0	-14.3030972296866	23.4315034744211	1.17587607968926	1.09912402777778	0.00793525585239063	questionable fit (k < n0)	23G1B10	8.9	4	0.05	2023-06-02
K21	0	0.05	0	-19.5129714289713	26.477452385071	1.52189510936635	1.459625	0.00928787843765091	questionable fit (k < n0)	23G1B10	9.2	4	0.05	2023-06-02
K22	0	0.00949069382771227	0	0.0797046561586869	0.0460403191433727	1.9724087029596	1.80824986111111	0.012777795782258		23G1B10	9.5	4	0.055	2023-06-02
K23	0	0.012911512600334	0	0.340892215097106	0.243385513836227	2.24429939508302	2.170125	0.00921647706795887		23G1B10	9.8	4	0.057	2023-06-02
K24	0	0.00797127131069582	0	0.249130098181159	0.148348075316892	1.60466749316204	1.60237513888889	0.00194480137030422		23G1B10	10.1	4	0.038	2023-06-02
K3	0	0.026939699368181	0	-9.15406576966063	5.05907108252208	1.60578622088417	1.60025	0.000830433746759008	questionable fit	23G1B10	3.8	4	0.036	2023-06-02
K4	0	0.0220124762737905	0	-1.37771365795141	0.127744464936449	1.06050618778443	1.053625	0.00108093577158908	questionable fit (k < n0)	23G1B10	4.1	4	0.024	2023-06-02
K5	0	0.0318133592925285	0	-22.7540317959183	8.3515846382069	1.35399358545366	1.31925	0.00206926991278137	questionable fit (k < n0)	23G1B10	4.4	4	0.033	2023-06-02
K6	0	0.026	0	-45.6662630068032	16.9106766946231	1.1385950730435	1.10525	0.0013606623056833	questionable fit (k < n0)	23G1B10	4.7	4	0.026	2023-06-02
K7	0	0.0338540810899915	0	-39.2464199933074	15.5012977057106	1.45594491330642	1.40675	0.0025616734055879	questionable fit (k < n0)	23G1B10	5	4	0.036	2023-06-02
K8	0	0.023	0	-46.5319379912058	18.4389917115055	0.99789235270147	0.930999861111111	0.00234002285328873	questionable fit (k < n0)	23G1B10	5.3	4	0.023	2023-06-02
K9	0	0.035	0	-16.2718408386802	8.30467975221254	1.34448282591932	1.27875	0.00314167622149999	questionable fit (k < n0)	23G1B10	5.6	4	0.035	2023-06-02
L1	0	0.0313835681260008	0	-42.7023400371108	16.7896371406617	1.35689774530557	1.28174986111111	0.00236931448661693	questionable fit (k < n0)	28G4B03	3.2	1	0.034	2023-06-02
L10	0.114022336379896	0.0234392726041531	0.106547590862261	12.6877981811747	6.50551715858133	3.82749936621343	3.82575027777778	0.00228067990542591		28G4B03	5.9	1	0.112	2023-06-02
L11	0.118597382082599	0.0318368027172825	0.102346593627199	9.79543519169593	6.77254763441137	4.21554486468318	4.21000027777778	0.00231657244220936		28G4B03	6.2	1	0.118	2023-06-02
L12	0.115106254518653	0.0231434401271491	0.101319817822805	13.617009555019	6.8411806836464	3.75989883988433	3.75450041666667	0.00226856495317399		28G4B03	6.5	1	0.115	2023-06-02
L13	0.0986382380809792	0.0371945445226497	0.0895340702127832	5.60634744339463	7.7417141755383	3.70439860186874	3.69575013888889	0.00288894575255193		28G4B03	6.8	1	0.1	2023-06-02
L14	0	0.0381195431391694	0	-0.388979574248023	0.998952118303593	3.18546292804615	3.17775069444444	0.00636820671275403	questionable fit	28G4B03	7.1	1	0.085	2023-06-02
L15	0	0.0768248043236639	0	-29.5277313582073	20.1526879293647	2.9008382014124	2.77149986111111	0.00976575104743314	questionable fit (k < n0)	28G4B03	7.4	1	0.086	2023-06-02
L16	0	0.0822968888940906	0	-11.076060206868	12.8578208037826	2.30356334783455	2.099875	0.0101399534157475	questionable fit (k < n0)	28G4B03	7.7	1	0.085	2023-06-02
L17	0	0.0839362925576338	0	-18.1623884786487	16.389396343397	2.76623270719861	2.54849986111111	0.0117059610948938	questionable fit (k < n0)	28G4B03	8	1	0.1	2023-06-02
L18	0	0.0914436486649379	0	-15.0973125305837	8.96101837662696	3.33424846475051	3.227625	0.00687680961187973	questionable fit (k < n0)	28G4B03	8.3	1	0.096	2023-06-02
L19	0	0.0907890462346536	0	-18.8133613649103	7.45498670584372	3.7678758698935	3.59212513888889	0.00725122671196604	questionable fit (k < n0)	28G4B03	8.6	1	0.092	2023-06-02
L2	0	0.038	0	-25.204170133874	8.61386710264984	1.64749476543079	1.579375	0.00301088754887338	questionable fit (k < n0)	28G4B03	3.5	1	0.038	2023-06-02
L20	0	0.0932315316651988	0	-34.300373582574	9.79567024685422	4.20493119996776	4.03299986111111	0.00916398957082235	questionable fit (k < n0)	28G4B03	8.9	1	0.104	2023-06-02
L21	0	0.0352976545313779	0	0.0881472673737574	0.21034980391748	3.95526734521173	3.947125	0.005562335682682		28G4B03	9.2	1	0.096	2023-06-02
L22	0	0	0	0	0	0	0	0	cannot fit data	28G4B03	9.5	1	0.061	2023-06-02
L23	0	0.0210224322329256	0	0.137998281945167	0.17802369381751	2.7330668011346	2.72687472222222	0.00233987098708433		28G4B03	9.8	1	0.062	2023-06-02
L24	0	0	0	0	0	0	0	0	cannot fit data	28G4B03	10.1	1	0.055	2023-06-02
L3	0	0.0341501633376017	0	4.83686516209527	8.19490529753991	3.22089767624144	3.21350013888889	0.00064231434874693		28G4B03	3.8	1	0.084	2023-06-02
L4	0.117538979005065	0.0246914612192114	0.0945072388711596	14.0148107745976	7.3343289766925	3.77356092615406	3.76662513888889	0.00195531379377029		28G4B03	4.1	1	0.115	2023-06-02
L5	0.132185917971415	0.0285163615089149	0.0956927568296908	13.4882778085558	7.24346547768056	4.30231066278851	4.29462527777778	0.00193019485351817		28G4B03	4.4	1	0.13	2023-06-02
L6	0.144025089760418	0.0273087047021391	0.0963087591668745	15.0821320959541	7.19713540654103	4.51641645769167	4.50912527777778	0.00228495015213376		28G4B03	4.7	1	0.141	2023-06-02
L7	0.14933973801401	0.0348535406339271	0.0977240642042214	12.1699762498144	7.09290169421753	5.01978890357322	5.01225027777778	0.00216325102389965		28G4B03	5	1	0.147	2023-06-02
L8	0.132246232630013	0.0253962784441614	0.11562079885819	12.4270280247186	5.99500425014443	4.50569206693295	4.50150055555556	0.00289943096957734		28G4B03	5.3	1	0.133	2023-06-02
L9	0.142130956284887	0.0286016363385948	0.118292469707203	11.6541416513339	5.85960528405248	4.9408189821272	4.94112527777778	0.00365620588050626		28G4B03	5.6	1	0.142	2023-06-02
M1	0	0	0	0	0	0	0	0	cannot fit data	28G4B03	3.2	2	0.034	2023-06-02
M10	0.117765269654525	0.0242113292960189	0.11046311057828	12.2368226710513	6.27491998850373	4.01027165684157	4.00800027777778	0.00235167164354914		28G4B03	5.9	2	0.117	2023-06-02
M11	0.115005292048552	0.0309296695227615	0.0988013484114345	10.1213270479648	7.01556397462816	4.04187447530709	4.03675027777778	0.00214354603770486		28G4B03	6.2	2	0.113	2023-06-02
M12	0.116180869719457	0.0236192261244395	0.101545420085997	13.4502746848341	6.82598171313814	3.81084652903167	3.80500027777778	0.0023246593174731		28G4B03	6.5	2	0.116	2023-06-02
M13	0.0993117065301071	0.0367125442704886	0.0922327347394587	5.78572666956132	7.51519709914234	3.73708384215609	3.72900027777778	0.00287457415018046		28G4B03	6.8	2	0.106	2023-06-02
M14	0	0.0497999834152201	0	-1.69477726711087	2.12145205763556	3.67144544066685	3.66137569444445	0.00588071442968969	questionable fit	28G4B03	7.1	2	0.093	2023-06-02
M15	0	0.0666212157486835	0	-30.2965390517651	21.096697812153	2.51354210160262	2.40549972222222	0.00878369621396031	questionable fit (k < n0)	28G4B03	7.4	2	0.074	2023-06-02
M16	0	0.0687481279503559	0	-20.991565660308	8.63482650400385	2.83983920273125	2.74024944444444	0.0053231619441517	questionable fit (k < n0)	28G4B03	7.7	2	0.074	2023-06-02
M17	0	0.0829983418234764	0	-18.5219087277949	18.2030468157818	2.68536576488802	2.40049958333333	0.0114762441851307	questionable fit (k < n0)	28G4B03	8	2	0.092	2023-06-02
M18	0	0	0	0	0	0	0	0	cannot fit data	28G4B03	8.3	2	0.086	2023-06-02
M19	0	0	0	0	0	0	0	0	cannot fit data	28G4B03	8.6	2	0.095	2023-06-02
M2	0	0.038	0	-22.7315295486628	8.53617281491193	1.6090307505498	1.56075	0.00289274824592431	questionable fit (k < n0)	28G4B03	3.5	2	0.038	2023-06-02
M20	0	0.0809740531582855	0	-79.2720128962192	27.4928986514922	3.66476260763299	3.35162722222222	0.011003035167987	questionable fit (k < n0)	28G4B03	8.9	2	0.093	2023-06-02
M21	0	0.0332739559679309	0	0.0416511055581411	0.227941991597591	3.40678250299931	3.39887402777778	0.00451646148807948		28G4B03	9.2	2	0.081	2023-06-02
M22	0	0	0	0	0	0	0	0	cannot fit data	28G4B03	9.5	2	0.072	2023-06-02
M23	0	0.0673165273951187	0	-29.7774167915746	8.72276934141664	3.01456081098768	2.95537458333333	0.00367853498826905	questionable fit (k < n0)	28G4B03	9.8	2	0.071	2023-06-02
M24	0	0.0141864831533712	0	0.214642455944005	0.174744247577922	2.2716626725652	2.26762513888889	0.00180942996343365		28G4B03	10.1	2	0.052	2023-06-02
M3	0	0.0322977841465316	0	2.46794396074822	6.66591347441045	2.98461081303924	2.97800013888889	0.000679421894932142		28G4B03	3.8	2	0.073	2023-06-02
M4	0.114865828480866	0.029848690745586	0.0978250281721568	10.6998372337126	7.08558120055038	3.98427124558814	3.97712513888889	0.0018479712207549		28G4B03	4.1	2	0.114	2023-06-02
M5	0.126685295655147	0.0298487932859405	0.100903310299401	11.6634389616242	6.86941963056744	4.32296512836796	4.31550013888889	0.00204781729630052		28G4B03	4.4	2	0.126	2023-06-02
M6	0.132478496240046	0.0302762966625065	0.0992216740991406	12.2613137992969	6.98584444228752	4.45250082524375	4.44475013888889	0.00228354559592663		28G4B03	4.7	2	0.134	2023-06-02
M7	0.143176163841285	0.0353284335807712	0.100442026721676	11.1112075305339	6.90096768438026	4.9409343799627	4.93300013888889	0.00232791917879555		28G4B03	5	2	0.142	2023-06-02
M8	0.132515182887938	0.0271518223319645	0.11313840343545	11.9850620715837	6.12654200088139	4.55039763731505	4.54525041666667	0.00262961701087492		28G4B03	5.3	2	0.133	2023-06-02
M9	0.133539122819786	0.0248796941277405	0.118469641407249	12.4434115942831	5.85084222697353	4.55931063170757	4.56037527777778	0.00351781788254446		28G4B03	5.6	2	0.134	2023-06-02
N1	0	0.0403377216175743	0	-61.6518180625158	21.1293123300783	1.80915880988184	1.693375	0.00424053073553406	questionable fit (k < n0)	28G4B03	3.2	3	0.045	2023-06-02
N10	0.114665170483292	0.0231778643506493	0.106015352712932	12.9509782907951	6.53817737546796	3.82359226164166	3.82037513888889	0.0015858132217266		28G4B03	5.9	3	0.113	2023-06-02
N11	0.116928177352927	0.0369512495003041	0.0995934230848374	7.75290882189982	6.95976861814958	4.3047358992276	4.29725027777778	0.00223695657403883		28G4B03	6.2	3	0.117	2023-06-02
N12	0.114398490048924	0.0257743292679604	0.0968680972450249	12.7495588704958	7.15557753557036	3.79201104843057	3.78475027777778	0.00236639895079073		28G4B03	6.5	3	0.114	2023-06-02
N13	0.100078983654431	0.0386592739542657	0.0980925809268212	4.71946084847238	7.06625489930829	3.86807347455923	3.85950027777778	0.00294556358226643		28G4B03	6.8	3	0.102	2023-06-02
N14	0.097	0.0779857429009328	0.00207953278612922	5180.34323868753	333.318707540144	3.95415506757204	3.94125	0.00984770583141767		28G4B03	7.1	3	0.097	2023-06-02
N15	0	0.0560978803028603	0	-100.570469884551	26.6412087123471	2.61615557367965	2.38074986111111	0.011867419517663	questionable fit (k < n0)	28G4B03	7.4	3	0.071	2023-06-02
N16	0	0.0695000770068689	0	-16.3622163730101	9.66649718939292	2.55502622428937	2.37850027777778	0.0101801264341953	questionable fit (k < n0)	28G4B03	7.7	3	0.072	2023-06-02
N17	0	0.0664808165759959	0	-75.8612272306781	39.3641471282412	2.87885198151373	2.609625	0.0137472675798188	questionable fit (k < n0)	28G4B03	8	3	0.095	2023-06-02
N18	0	0.0721344410533192	0	-32.3047507763945	11.9839896090566	3.10724185707091	2.98937513888889	0.00525362048796606	questionable fit (k < n0)	28G4B03	8.3	3	0.078	2023-06-02
N19	0	0.076997341231438	0	-62.5153931699034	21.2262520262555	3.45911884778458	3.26387486111111	0.0063215083044973	questionable fit (k < n0)	28G4B03	8.6	3	0.083	2023-06-02
N2	0	0.037253002600401	0	-40.6622484667326	14.3878974083283	1.63426506464255	1.53725	0.00339129981817765	questionable fit (k < n0)	28G4B03	3.5	3	0.038	2023-06-02
N20	0	0	0	0	0	0	0	0	cannot fit data	28G4B03	8.9	3	0.082	2023-06-02
N21	0	0.0686342225183262	0	-37.8082622846722	14.7656610408782	2.9515936974679	2.74300013888889	0.00659013835009568	questionable fit (k < n0)	28G4B03	9.2	3	0.074	2023-06-02
N22	0	0.0607438673444582	0	-46.4337387825751	11.5502861074263	2.80484208880116	2.76462458333333	0.0025782153875848	questionable fit (k < n0)	28G4B03	9.5	3	0.064	2023-06-02
N23	0	0.0711476397036562	0	-21.9011227427171	6.6061213663783	3.14929133256111	3.09000013888889	0.00383815207726015	questionable fit (k < n0)	28G4B03	9.8	3	0.073	2023-06-02
N24	0	0.0253053149770455	0	-0.00550015076752669	0.260980880123864	2.40900653115794	2.40325	0.00227307955204719	questionable fit	28G4B03	10.1	3	0.059	2023-06-02
N3	0	0.0371910396429408	0	2.42095318963016	6.26927838841905	3.49202700613831	3.48462527777778	0.000943583738874622		28G4B03	3.8	3	0.085	2023-06-02
N4	0.107516309976738	0.0284680107525981	0.101692737461172	10.0427822731946	6.81609324190532	3.79942737095041	3.79275013888889	0.00175383434627492		28G4B03	4.1	3	0.107	2023-06-02
N5	0.132475511098669	0.03508564738372	0.0953128268632345	10.711359948046	7.27233892196431	4.57776959480099	4.56925013888889	0.0019682883527256		28G4B03	4.4	3	0.131	2023-06-02
N6	0.128243035975419	0.0279215968482226	0.102028154952875	12.5355491606834	6.79368533989563	4.29828047236926	4.29087513888889	0.00234310482001633		28G4B03	4.7	3	0.128	2023-06-02
N7	0.142658763714181	0.0363869173498905	0.0976693062387572	10.9736737590394	7.09687830550894	4.9192328767275	4.91100027777778	0.00240725462426395		28G4B03	5	3	0.143	2023-06-02
N8	0.137125283682896	0.0271989734635762	0.106306234818987	13.1378089375975	6.52028718485049	4.55403012258372	4.54775041666667	0.00245926084970657		28G4B03	5.3	3	0.137	2023-06-02
N9	0.142371801917867	0.0293858739355316	0.114568714387923	11.7549472954132	6.05005637239664	4.92108202783179	4.91950027777778	0.00348667851723661		28G4B03	5.6	3	0.143	2023-06-02
O1	0	0.0286568259316946	0	-65.7476128147722	22.1356412299259	1.29126711673715	1.21225	0.00279478323000767	questionable fit (k < n0)	28G4B03	3.2	4	0.033	2023-06-02
O10	0.11472908416092	0.0210851220674975	0.106912777732055	13.9453141976463	6.4832959657742	3.73982041410115	3.73912527777778	0.00215744148074413		28G4B03	5.9	4	0.112	2023-06-02
O11	0.116235778410556	0.0329855139496194	0.0959507837415287	9.64851745443339	7.22398664743728	4.10687951725079	4.10075027777778	0.00224978819969003		28G4B03	6.2	4	0.115	2023-06-02
O12	0.118665621965667	0.0270549464598461	0.0991266825256428	12.3042346064782	6.99253886944756	3.98399961742777	3.97762527777778	0.00251063578499211		28G4B03	6.5	4	0.12	2023-06-02
O13	0.101649216896959	0.0355463871454001	0.0779579217999432	7.95779335964254	8.89129885143309	3.58536097164213	3.57775041666667	0.00459360615504932		28G4B03	6.8	4	0.101	2023-06-02
O14	0	0.0303472729034151	0	-0.00221351544870502	0.347076272804818	2.89835892440927	2.89175055555556	0.00952436452658817	questionable fit	28G4B03	7.1	4	0.079	2023-06-02
O15	0	0.0809046879582091	0	-20.0322503866467	18.9649182064364	2.67893548937236	2.58774916666667	0.00962208545630487	questionable fit (k < n0)	28G4B03	7.4	4	0.083	2023-06-02
O16	0	0.0672287263465223	0	-18.3064079328815	15.2338747371685	2.2667325223507	2.09449944444444	0.00816792974379258	questionable fit (k < n0)	28G4B03	7.7	4	0.075	2023-06-02
O17	0	0.0929020949728249	0	-13.4997658332833	16.6174223447912	2.66021661835569	2.35200041666667	0.0114986296057696	questionable fit (k < n0)	28G4B03	8	4	0.1	2023-06-02
O18	0	0	0	0	0	0	0	0	cannot fit data	28G4B03	8.3	4	0.077	2023-06-02
O19	0	0.098991522093406	0	-21.7763184391048	9.73244067752155	4.01345713676734	3.84974972222222	0.0082622038585471	questionable fit (k < n0)	28G4B03	8.6	4	0.101	2023-06-02
O2	0	0.035	0	-4.99885161278875	1.78062687176188	1.45802160424255	1.4185	0.00342746775249907	questionable fit (k < n0)	28G4B03	3.5	4	0.035	2023-06-02
O20	0	0.0871409767070287	0	-12.6696521325274	8.01723450503537	3.06548361407915	2.83862319444444	0.0115787180788257	questionable fit (k < n0)	28G4B03	8.9	4	0.091	2023-06-02
O21	0	0.0338819105692429	0	0.0913321728821326	0.214191702032985	3.80728009938629	3.7995	0.00435327811275437		28G4B03	9.2	4	0.09	2023-06-02
O22	0	0.0301563028502308	0	0.0664485233500904	0.286619782052879	3.13970897950318	3.132875	0.00370759763525253		28G4B03	9.5	4	0.074	2023-06-02
O23	0	0.0637010145751931	0	-31.1955200959758	9.6019751672171	2.83286956398021	2.78799986111111	0.00417410166159213	questionable fit (k < n0)	28G4B03	9.8	4	0.068	2023-06-02
O24	0	0.0617533717783636	0	-34.3368401626908	10.0281705651057	2.77599693757185	2.73812513888889	0.00287782462236567	questionable fit (k < n0)	28G4B03	10.1	4	0.065	2023-06-02
O3	0	0.0336276051759123	0	2.87007614190357	6.3679796163757	3.21179504916663	3.20512513888889	0.000836412944875104		28G4B03	3.8	4	0.079	2023-06-02
O4	0.0985299017081232	0.0258324929188724	0.107774316262015	9.60036363288774	6.43146906053944	3.5398605522644	3.53450013888889	0.00165071631573448		28G4B03	4.1	4	0.099	2023-06-02
O5	0.115538400382505	0.0297026000435132	0.105249499524437	10.0827233583204	6.58575274649177	4.09802019408224	4.09100013888889	0.00180898539719388		28G4B03	4.4	4	0.116	2023-06-02
O6	0.121912822355389	0.0275567509957248	0.102316039064414	12.0296688528594	6.77457011528339	4.13395951762373	4.12762513888889	0.00214903010680596		28G4B03	4.7	4	0.121	2023-06-02
O7	0.134987891839526	0.0345909844070607	0.09943070884005	10.7163906896345	6.97115799179288	4.69081423497104	4.68350027777778	0.00199427631828577		28G4B03	5	4	0.134	2023-06-02
O8	0.128626440939271	0.02443937693185	0.105275405735292	13.7733246002846	6.58413212201542	4.20346394757293	4.19775041666667	0.00250047671956643		28G4B03	5.3	4	0.128	2023-06-02
O9	0.142115113905748	0.0314664952338719	0.112496868661104	11.1775221944535	6.16147977103296	4.96541268173051	4.96250027777778	0.00336408707536604		28G4B03	5.6	4	0.143	2023-06-02
