sample	k	n0	r	t_mid	t_gen	auc_l	auc_e	sigma	note	strain	pH	replicate	max.OD	date
A1	0	0.0477481001380221	0	-23.8243033441093	14.8877187949157	1.79315646637102	1.64712513888889	0.00511120891921383	questionable fit (k < n0)	16G1A05	3.2	1	0.048	2023-10-13
A10	0.292116328788919	0.0194886694846215	0.340294134261452	7.75292157185614	2.03690604912805	11.7573624699644	11.7636248611111	0.00567492524020665		16G1A05	5.9	1	0.299	2023-10-13
A11	0.257881976801764	0.00685931319679541	0.411569093015875	8.7468567726564	1.68415751406583	10.1585804880939	10.12775	0.00871381384835556		16G1A05	6.2	1	0.272	2023-10-13
A12	0.326086586457694	0.0113130082901775	0.316908837393296	10.4948172746114	2.18721316281793	12.2603688874523	12.3073752777778	0.0113718188732267		16G1A05	6.5	1	0.338	2023-10-13
A13	0.320617797869875	0.00986936387515714	0.316740968972962	10.8907549948335	2.18837235614795	11.9318807060831	12.0146251388889	0.0164627184224514		16G1A05	6.8	1	0.335	2023-10-13
A14	0.308366974381531	0.0064076190792789	0.307175413341228	12.5426856852749	2.25651907820486	10.9759322844523	11.0807501388889	0.0144491639559729		16G1A05	7.1	1	0.318	2023-10-13
A15	0.28450630682252	0.00620044048280722	0.287133354257962	13.2485493445831	2.41402529619467	9.92346191831765	10.0330001388889	0.013686172731202		16G1A05	7.4	1	0.292	2023-10-13
A16	0.269270414369746	0.0154662798483685	0.192814626500539	14.5108321705177	3.59488900370329	8.99226369776418	9.01512527777778	0.0102205404897384		16G1A05	7.7	1	0.296	2023-10-13
A17	0.224705210438703	0.0213875188313254	0.162753257965814	13.8366644543083	4.25888359608468	7.58971873887692	7.59875013888889	0.00717446961720069		16G1A05	8	1	0.238	2023-10-13
A18	0.191771982661956	0.0171560538967471	0.173632730458451	13.3629054553324	3.99203064266624	6.58077737151733	6.59687513888889	0.00731185134155597		16G1A05	8.3	1	0.208	2023-10-13
A19	0.190251968071536	0.0215270487114486	0.14289218586279	14.4091816934806	4.85084034773973	6.28039020472324	6.28987527777778	0.00684592445520766		16G1A05	8.6	1	0.204	2023-10-13
A2	0.054	0.0420592505449697	0.00407113343234946	3316.8918345044	170.259018054323	2.24007431787171	2.23212513888889	0.00322194815513525		16G1A05	3.5	1	0.054	2023-10-13
A20	0.14990979872115	0.0155754567415089	0.15209157465489	14.1666979063877	4.55743312627779	5.00005394057412	5.02687541666667	0.00678781069702253		16G1A05	8.9	1	0.149	2023-10-13
A21	0.151058588414693	0.0215553071793446	0.0910697635440859	19.6891272109462	7.61116701729877	4.1713405526158	4.18687541666667	0.00671694986022197		16G1A05	9.2	1	0.133	2023-10-13
A22	0.151492016917835	0.0165634883149356	0.083972614887627	24.9789106780431	8.2544432073185	3.54954052007291	3.56637527777778	0.00591515883704824		16G1A05	9.5	1	0.126	2023-10-13
A23	0.088	0.0217993326768568	0.0285881177040093	603.458023603831	24.2459887613635	2.26264826598627	2.27000013888889	0.00655219592254781		16G1A05	9.8	1	0.088	2023-10-13
A24	0	0.0366004284824446	0	3.91551841720046	12.1386376812173	2.91121437993867	2.90274972222222	0.00966661978632178		16G1A05	10.1	1	0.093	2023-10-13
A3	0.163957736348398	0.0384523074482842	0.149573124643162	7.90870895300665	4.63416928818991	6.31652183016889	6.315	0.00626423608086339		16G1A05	3.8	1	0.163	2023-10-13
A4	0.183770184881177	0.023930657520209	0.206403711983463	9.20046428107954	3.35821082818259	7.04388676456975	7.060625	0.00945577785950595		16G1A05	4.1	1	0.186	2023-10-13
A5	0.183658306825117	0.0129421752563236	0.287559714663283	8.97034813305973	2.41044605768782	7.15905537952197	7.16987486111111	0.00838643085482432		16G1A05	4.4	1	0.191	2023-10-13
A6	0.219609387127399	0.0186685807192746	0.257375341896099	9.23230802281421	2.69313748338706	8.4829414271588	8.514875	0.010726337111203		16G1A05	4.7	1	0.22	2023-10-13
A7	0.235713383823681	0.0288377106753978	0.24626860525495	8.00115820242885	2.81459823042553	9.35166075477964	9.3625	0.00837608283785896		16G1A05	5	1	0.237	2023-10-13
A8	0.255410938090429	0.0218368910328206	0.298850529306992	7.93004570407275	2.31937745657434	10.2102144507784	10.222	0.0063935376252414		16G1A05	5.3	1	0.256	2023-10-13
A9	0.288401582191675	0.0335986334913349	0.209828910261588	9.65550980306389	3.30339217649187	10.9478303525329	10.9618765277778	0.0134593408510081		16G1A05	5.6	1	0.331	2023-10-13
B1	0	0.0439138144256773	0	-17.0182864826158	14.9164764363379	1.44340114913964	1.31425013888889	0.00652302208684221	questionable fit (k < n0)	16G1A05	3.2	2	0.046	2023-10-13
B10	0.283321339367718	0.0225057415640954	0.308510953315287	7.94151115926725	2.24675063595416	11.331420427265	11.326625	0.005847167798919		16G1A05	5.9	2	0.293	2023-10-13
B11	0.25898064335585	0.00829850876735627	0.380123448376923	8.96579761913676	1.82347914478728	10.1399336537892	10.099625	0.0101270507010102		16G1A05	6.2	2	0.275	2023-10-13
B12	0.314827581276115	0.0153666937884206	0.295719997743998	10.0425450178613	2.34393069744305	11.9612446432497	11.9880001388889	0.00997885729673239		16G1A05	6.5	2	0.33	2023-10-13
B13	0.309032664675391	0.0104957045037026	0.308309719382772	10.8589754256365	2.2482170913963	11.5064313987648	11.5792501388889	0.0151818272477094		16G1A05	6.8	2	0.324	2023-10-13
B14	0.304696159415992	0.00623544624618744	0.309176524489327	12.5119077803758	2.24191400593829	10.8551022437241	10.9613751388889	0.0143606895857702		16G1A05	7.1	2	0.315	2023-10-13
B15	0.268487792174132	0.00614170029007247	0.267638751036354	14.0284729131311	2.58986106412443	9.15279834155486	9.25775027777778	0.012412488470136		16G1A05	7.4	2	0.275	2023-10-13
B16	0.232867003927904	0.0162711997351361	0.174742454881047	14.8140090357884	3.9666787389006	7.68295795734869	7.71787513888889	0.00698445759353077		16G1A05	7.7	2	0.232	2023-10-13
B17	0.191492597311273	0.0207104742841258	0.149817176169518	14.0821572488693	4.62662024663749	6.39559350677627	6.40587527777778	0.00645803618950024		16G1A05	8	2	0.196	2023-10-13
B18	0.161051405658086	0.0186522035424621	0.149091238385242	13.6337327822582	4.64914764990346	5.44096320239135	5.44762513888889	0.0055415174790905		16G1A05	8.3	2	0.166	2023-10-13
B19	0.157453162702509	0.0207490346151155	0.129023545406634	14.6122106198723	5.37225340053556	5.132698632695	5.14237527777778	0.00503236140426479		16G1A05	8.6	2	0.157	2023-10-13
B2	0.058	0.0457705400799277	0.00126123915602749	8688.45709387533	549.576325193662	2.2748057613654	2.26599986111111	0.00361191140172557		16G1A05	3.5	2	0.058	2023-10-13
B20	0.136712727613105	0.0163760425349286	0.135649978694805	14.7030917111277	5.10982152175221	4.46216365886404	4.48587541666667	0.00688937985472825		16G1A05	8.9	2	0.131	2023-10-13
B21	0.159721751865248	0.0236764680292208	0.0777304087227725	22.4944932582678	8.91732324516744	4.03798645535643	4.05137541666667	0.00735676344966553		16G1A05	9.2	2	0.132	2023-10-13
B22	0.145254235646291	0.0165003430510127	0.0862154407339195	23.8300887136494	8.03971045858428	3.53171829527787	3.55425055555556	0.00731862754087916		16G1A05	9.5	2	0.123	2023-10-13
B23	0.101	0.0245712050922259	0.0300650650560798	571.870314278511	23.0549037318572	2.66432355151663	2.67125013888889	0.00646940078758746		16G1A05	9.8	2	0.101	2023-10-13
B24	0.046	0.0153132579723426	0.020522714108446	780.481003634462	33.7746351139143	1.26051207205864	1.2635	0.00712943739034674		16G1A05	10.1	2	0.046	2023-10-13
B3	0.163284556176251	0.0350797090997308	0.16262822355913	7.96913628600418	4.26215797842694	6.32845290248583	6.328625	0.00590904850657166		16G1A05	3.8	2	0.164	2023-10-13
B4	0.171996633628457	0.0239637718216114	0.208722915831671	8.72396353144127	3.32089640372286	6.66713499170652	6.684875	0.0102379777706717		16G1A05	4.1	2	0.178	2023-10-13
B5	0.168247400124502	0.0104454879241818	0.278529230305297	9.74824227840366	2.48859762330935	6.43149923731718	6.46275	0.00938024640431522		16G1A05	4.4	2	0.175	2023-10-13
B6	0.192933623708591	0.0189474297254565	0.259417338260522	8.54726086629803	2.67193852657546	7.57440461105258	7.60262486111111	0.0112927533690448		16G1A05	4.7	2	0.203	2023-10-13
B7	0.220251934192013	0.0280382016866086	0.251948458257297	7.64061042519353	2.7511467438792	8.81532203184008	8.82275013888889	0.0067475051159964		16G1A05	5	2	0.222	2023-10-13
B8	0.231424320512977	0.020825417115756	0.304156419219834	7.60720809759675	2.27891682292249	9.32350701310068	9.33437541666667	0.00674229415854943		16G1A05	5.3	2	0.245	2023-10-13
B9	0.267626201547403	0.0355604374665017	0.185551239390174	10.1092673417363	3.7356106207537	9.99093564139087	9.98750013888889	0.00719026856587312		16G1A05	5.6	2	0.271	2023-10-13
C1	0	0.0297583150579919	0	3.75995239675021	7.19205616507372	2.83565736196063	2.82875013888889	0.00165447758351601		37G1B08	3.2	1	0.074	2023-10-13
C10	0.180958588126876	0.0144220194951494	0.143139852250532	17.0913879538356	4.84244722669378	5.53985513919324	5.56387513888889	0.00716752508212694		37G1B08	5.9	1	0.184	2023-10-13
C11	0.146055846725119	0.00160621509416654	0.256227219215591	17.5588306049843	2.70520510147958	4.46992982307076	4.4915	0.00521664968408243		37G1B08	6.2	1	0.151	2023-10-13
C12	0.170933582960133	0.0095570039989014	0.175694175646576	16.0874219901122	3.94519156943637	5.43739047367676	5.49262513888889	0.00909347242640728		37G1B08	6.5	1	0.169	2023-10-13
C13	0.15734364510215	0.0120849219820764	0.155845620390584	15.9552631972055	4.44765261174977	5.00017035619305	5.04437513888889	0.00942630894154558		37G1B08	6.8	1	0.172	2023-10-13
C14	0.159710198452437	0.00785900672870575	0.162798850122638	18.1895683489206	4.25769088686923	4.75160092935102	4.81700041666667	0.00891323196308881		37G1B08	7.1	1	0.157	2023-10-13
C15	0.157339325488521	0.00787895154110167	0.130956385667748	22.4718820974301	5.29296205775364	4.0276924680366	4.10162541666667	0.0104479899464877		37G1B08	7.4	1	0.157	2023-10-13
C16	0.173960719895919	0.0119088214957647	0.0838429046561641	31.1372468245817	8.26721334861322	3.26670746105645	3.29575027777778	0.0065471702173267		37G1B08	7.7	1	0.134	2023-10-13
C17	0.406926459286356	0.0178042993484708	0.044275314588523	69.6653065992069	15.6553869125895	2.59336181032248	2.60137513888889	0.0071004936670747		37G1B08	8	1	0.106	2023-10-13
C18	0.092	0.018467466093785	0.0342892260203207	509.072186054202	20.2147222614231	2.27394380755642	2.28287513888889	0.0050868947138838		37G1B08	8.3	1	0.092	2023-10-13
C19	0.082	0.0217786196139022	0.0265128992288276	664.733310244336	26.1437715497475	2.12720583131941	2.13687527777778	0.00650439418013509		37G1B08	8.6	1	0.082	2023-10-13
C2	0.114072176607085	0.0306078212735373	0.0895634321342801	11.2005989621558	7.73917617985796	3.86872957429292	3.862875	0.0030478669822912		37G1B08	3.5	1	0.11	2023-10-13
C20	0.071	0.0232761327155677	0.0204940592958204	814.619506076288	33.8218588399081	1.91443963115014	1.91625013888889	0.00523953212137035		37G1B08	8.9	1	0.071	2023-10-13
C21	0.053	0.0280917154399002	0.00862457545888096	1660.50492131691	80.3688464278196	1.67907053552194	1.6735	0.00636925206218816		37G1B08	9.2	1	0.053	2023-10-13
C22	0.06	0.0197051245264627	0.0199350520145489	845.415959054211	34.7702719839445	1.59559629872965	1.59850013888889	0.00596867393591992		37G1B08	9.5	1	0.06	2023-10-13
C23	0.052	0.0236253690720022	0.00993454674439681	1457.77563388665	69.7713945481094	1.46083211780725	1.4565	0.00831141895624676		37G1B08	9.8	1	0.052	2023-10-13
C24	0	0	0	0	0	0	0	0	cannot fit data	37G1B08	10.1	1	0.03	2023-10-13
C3	0.135075127427909	0.0301164559045511	0.107954359608539	11.565025650708	6.42074283126142	4.65720753741907	4.654125	0.00420755101551531		37G1B08	3.8	1	0.131	2023-10-13
C4	0.14214603109985	0.023099672846487	0.142720620341821	11.488841090658	4.85667157906008	5.04765320257663	5.05150013888889	0.00450025395343696		37G1B08	4.1	1	0.14	2023-10-13
C5	0.117235735644167	0.00721060951631618	0.178250159614381	15.2883749422384	3.88862025178249	3.81908142413734	3.828	0.00429804348932695		37G1B08	4.4	1	0.117	2023-10-13
C6	0.14918108620167	0.0195612037417302	0.144288656601364	13.1060751900781	4.80389239796549	5.09724552134191	5.10700013888889	0.00528706402903519		37G1B08	4.7	1	0.152	2023-10-13
C7	0.157047724795613	0.023522248404885	0.126691234329975	13.705333200808	5.47115342451081	5.23248690506987	5.24062513888889	0.00564965293382081		37G1B08	5	1	0.152	2023-10-13
C8	0.165431504384678	0.0182407888373306	0.138010047204666	15.1298325121939	5.02243999331455	5.34400572070592	5.35675013888889	0.00566452965235112		37G1B08	5.3	1	0.165	2023-10-13
C9	0.160555749720721	0.0169374613913707	0.173173629478967	12.3438608512711	4.0026139236409	5.65616882047873	5.679875	0.00833732863656697		37G1B08	5.6	1	0.159	2023-10-13
D1	0	0.02885660138321	0	3.6446477642785	6.41294990197679	2.85619011415162	2.84937527777778	0.00167133258398792		37G1B08	3.2	2	0.074	2023-10-13
D10	0.18012236160703	0.0156384332370277	0.132355666709436	17.7784704698844	5.23700418571145	5.38089278294826	5.40175027777778	0.00709778258862531		37G1B08	5.9	2	0.179	2023-10-13
D11	0.143876836142444	0.00194307415271794	0.231015993727428	18.5748574415742	3.00042940480466	4.25524569564076	4.27275013888889	0.00541546600342004		37G1B08	6.2	2	0.153	2023-10-13
D12	0.160857180763529	0.0085399338917538	0.168035502805961	17.146449300151	4.12500435315955	4.94889330138864	5.00675013888889	0.00901378779023971		37G1B08	6.5	2	0.167	2023-10-13
D13	0.156966260562776	0.0147537838154822	0.140458553431901	16.1316104946698	4.93488764923104	4.93637244657447	4.96537527777778	0.0074949274660996		37G1B08	6.8	2	0.167	2023-10-13
D14	0.154334145767456	0.00667597319001749	0.160903728776257	19.2437116983341	4.30783789680718	4.43629605529079	4.51112513888889	0.00924446851037717		37G1B08	7.1	2	0.15	2023-10-13
D15	0.173369223751436	0.00987493108137368	0.110359921854736	25.4329534098833	6.2807871635893	3.97817587289516	4.03275027777778	0.00923661978607933		37G1B08	7.4	2	0.166	2023-10-13
D16	0.186181492526162	0.0136224031043928	0.0780065100956048	32.5488731329693	8.88576068472264	3.35021790314767	3.38075027777778	0.00771834229126056		37G1B08	7.7	2	0.135	2023-10-13
D17	0.105	0.0207784688322947	0.0347012609299448	484.814328386171	19.9746972295698	2.59085151975935	2.60062513888889	0.0071919853909497		37G1B08	8	2	0.105	2023-10-13
D18	0.097	0.0175886163082464	0.0367104396569867	458.848922072766	18.8814731459645	2.33263272458068	2.34325027777778	0.00617943641012594		37G1B08	8.3	2	0.097	2023-10-13
D19	0.078	0.0232515319489554	0.0233747420891773	724.027681970537	29.6536825054801	2.07468886381396	2.08162513888889	0.00694584768147849		37G1B08	8.6	2	0.078	2023-10-13
D2	0.115127438979109	0.0274388641944683	0.0958464207658897	12.1218006454549	7.23185253054985	3.86434843937913	3.86037513888889	0.00238366780776524		37G1B08	3.5	2	0.11	2023-10-13
D20	0.083	0.0206781875569736	0.0272349706979923	653.392468284369	25.4506306706268	2.06270886870478	2.07412527777778	0.00670193766272049		37G1B08	8.9	2	0.083	2023-10-13
D21	0.065	0.0279153946277399	0.0145322295376823	1069.64055018996	47.6972359101956	1.94936784822737	1.94700013888889	0.00667774008485213		37G1B08	9.2	2	0.065	2023-10-13
D22	0.074	0.0182431622184902	0.0273747361796492	650.733592352878	25.3206889743559	1.82726115642193	1.83712513888889	0.0061677052701541		37G1B08	9.5	2	0.074	2023-10-13
D23	0.059	0.0226448307407621	0.0155793857212082	1016.98198504254	44.491303634415	1.62665178967516	1.626875	0.00824675476683203		37G1B08	9.8	2	0.059	2023-10-13
D24	0	0	0	0	0	0	0	0	cannot fit data	37G1B08	10.1	2	0.028	2023-10-13
D3	0.133960876054166	0.0309218356258148	0.107727426291115	11.173063371522	6.43426845348403	4.65725483559053	4.65362513888889	0.00444959271728419		37G1B08	3.8	2	0.132	2023-10-13
D4	0.138102287946716	0.0218550520910615	0.138208364149273	12.0925181705835	5.01523323010543	4.82180545957943	4.82612513888889	0.00454353235564214		37G1B08	4.1	2	0.136	2023-10-13
D5	0.114030002668972	0.00607967148160109	0.180240101764022	15.9604912274498	3.8456879117137	3.64403657170895	3.65525013888889	0.0044330127989456		37G1B08	4.4	2	0.122	2023-10-13
D6	0.148121954217786	0.0186665999238346	0.13542919180798	14.2997253015087	5.11815193834082	4.88577956627747	4.89650013888889	0.00512133268911846		37G1B08	4.7	2	0.146	2023-10-13
D7	0.156620911098207	0.0240038981056374	0.120283668029244	14.2101514063417	5.76260428299728	5.12927740900766	5.13762513888889	0.00579734368607914		37G1B08	5	2	0.152	2023-10-13
D8	0.16086308521347	0.0170831352014345	0.13356040902699	15.9492793567071	5.18976533247869	5.06959320236048	5.08600013888889	0.00632504636493595		37G1B08	5.3	2	0.159	2023-10-13
D9	0.159507156361634	0.0191980172795341	0.159056840754531	12.5052220835895	4.35785834341865	5.56914538630254	5.58650027777778	0.0075722830583809		37G1B08	5.6	2	0.159	2023-10-13
E1	0	0.044661024756721	0	-32.0212785258567	13.5316039682645	1.87524682002893	1.77825013888889	0.00405368326184329	questionable fit (k < n0)	33G4B03	3.2	1	0.047	2023-10-13
E10	0.224042766753652	0.0192632667948866	0.270820125566185	8.72805807120328	2.55943748312955	8.77010521804026	8.780625	0.00412686304745906		33G4B03	5.9	1	0.223	2023-10-13
E11	0.197064670900014	0.00763439230070088	0.322843276797982	9.94711032577405	2.14700825563011	7.51510873323191	7.5015	0.00279609514286361		33G4B03	6.2	1	0.2	2023-10-13
E12	0.232165846397551	0.0242884036306664	0.265164706501308	8.09666451206127	2.61402503261317	9.21499070627051	9.205125	0.00449835778250918		33G4B03	6.5	1	0.239	2023-10-13
E13	0.229777634324472	0.0334947839117043	0.22491959713598	7.86132926266958	3.08175538897524	9.10916813163699	9.09412513888889	0.00543251463468777		33G4B03	6.8	1	0.236	2023-10-13
E14	0.238043997029073	0.0279125729489371	0.239252735579307	8.43733689558126	2.89713377312746	9.34236851734365	9.33075013888889	0.00513260101262379		33G4B03	7.1	1	0.245	2023-10-13
E15	0.224876707307755	0.0347226750701804	0.208009352842938	8.17483196161276	3.33228852975338	8.82073351789917	8.8095	0.00939361211126539		33G4B03	7.4	1	0.236	2023-10-13
E16	0.217972348461293	0.0299924404264021	0.199809917676297	9.18567878004689	3.46903291198429	8.3440319127747	8.33875013888889	0.0089572676844779		33G4B03	7.7	1	0.23	2023-10-13
E17	0.210151828268784	0.0376252216699521	0.177707511232471	8.56956940399705	3.90049455846125	8.09713560689681	8.08712541666667	0.00659680890456626		33G4B03	8	1	0.222	2023-10-13
E18	0.197656007903567	0.0269826300618079	0.183584345048639	10.0474707168912	3.77563337645322	7.38495948450679	7.38537513888889	0.00527489941935767		33G4B03	8.3	1	0.204	2023-10-13
E19	0.158045172626046	0.0501878747598356	0.0638630456498134	11.9793155917431	10.8536505502846	5.01315111262859	5.00087527777778	0.0081148919965126		33G4B03	8.6	1	0.146	2023-10-13
E2	0	0.0331661165317783	0	1.73356618055139	3.16015095839723	3.60159237395105	3.59412472222222	0.00280507250850661		33G4B03	3.5	1	0.088	2023-10-13
E20	0.141793492388245	0.0452153902506923	0.0618832521423073	12.2636494066869	11.2008848365948	4.45162135285229	4.44025013888889	0.00497157544667432		33G4B03	8.9	1	0.132	2023-10-13
E21	0.262779811993795	0.0560321091356678	0.016896770007458	77.2676859958189	41.0224664390887	3.69580219375429	3.68499972222222	0.00893351802719992		33G4B03	9.2	1	0.109	2023-10-13
E22	0.102948962530786	0.0447928617142899	0.0501551642483197	5.20548586655899	13.8200560390582	3.47922580214366	3.46825263888889	0.00821568139306299		33G4B03	9.5	1	0.101	2023-10-13
E23	0	0.0270396895578411	0	1.20313220198593	1.94796363046956	3.12429270511934	3.11699986111111	0.00601958615790791		33G4B03	9.8	1	0.085	2023-10-13
E24	0.054	0.0311958532486409	0.00991828422593711	1540.99877552076	69.8857952414098	1.92812355834608	1.92275	0.00455831638438392		33G4B03	10.1	1	0.054	2023-10-13
E3	0.185661414162674	0.0397748780079849	0.135653801208344	9.58022297350168	5.10967753491387	6.8483440403927	6.842125	0.00442478075077473		33G4B03	3.8	1	0.182	2023-10-13
E4	0.190240732387582	0.0297484744382759	0.167079371118105	10.0878273706699	4.14861018401831	7.05971967194136	7.05825	0.00413933169755859		33G4B03	4.1	1	0.188	2023-10-13
E5	0.163559377494833	0.0157171714968223	0.205847216789305	10.8886178967165	3.36728954304695	6.02348972458156	6.02362458333333	0.00411730927419579		33G4B03	4.4	1	0.164	2023-10-13
E6	0.189188821523267	0.0241555323972838	0.206751608316755	9.29440782994845	3.35256004150645	7.23669516576301	7.243	0.00480115032053101		33G4B03	4.7	1	0.187	2023-10-13
E7	0.190991857226853	0.0284723811208895	0.216188491919403	8.05715095262839	3.20621682683442	7.52539137682979	7.52974986111111	0.00514551675418998		33G4B03	5	1	0.19	2023-10-13
E8	0.193421095137954	0.0222946554739427	0.247125903626797	8.24703392766457	2.80483417718411	7.63284737918316	7.64174986111111	0.00531567096636975		33G4B03	5.3	1	0.192	2023-10-13
E9	0.183695608031289	0.0278811233170441	0.219220131225569	7.84926189578079	3.16187740918157	7.27530299104363	7.2725	0.00339831940951747		33G4B03	5.6	1	0.188	2023-10-13
F1	0	0.0420112470447086	0	-44.1127691717111	18.4519997941642	1.80178612122632	1.7225	0.00394896223788912	questionable fit (k < n0)	33G4B03	3.2	2	0.046	2023-10-13
F10	0.205416701697017	0.0209591148518368	0.278769883566627	7.80158135958112	2.48644929535324	8.22018684855001	8.22437513888889	0.00298986919865751		33G4B03	5.9	2	0.207	2023-10-13
F11	0.181671974388676	0.00744462489488766	0.332850822447348	9.47231780314885	2.08245596469749	7.01375632367984	7.00312513888889	0.00333481316237938		33G4B03	6.2	2	0.183	2023-10-13
F12	0.220474303729351	0.0237445431637748	0.264758715877962	7.98643498344617	2.61803347346436	8.77222818528219	8.76525	0.00482014137931941		33G4B03	6.5	2	0.225	2023-10-13
F13	0.221457967336084	0.0316686840539387	0.242301426455712	7.38991156466076	2.86068138639968	8.89776786842808	8.88512527777778	0.00574881244337962		33G4B03	6.8	2	0.228	2023-10-13
F14	0.232389533818336	0.0272711045199011	0.234689435427618	8.5975741234345	2.95346562701892	9.08077343335487	9.069	0.00510277978998219		33G4B03	7.1	2	0.242	2023-10-13
F15	0.22148285156748	0.0359944846379673	0.213390112703846	7.68370392197174	3.24826287299417	8.79081397554443	8.775625	0.00957147955421094		33G4B03	7.4	2	0.233	2023-10-13
F16	0.213476230724817	0.0314329497555857	0.187573189911423	9.36374632834509	3.69534250010498	8.11112785600645	8.10362513888889	0.00812075424647471		33G4B03	7.7	2	0.223	2023-10-13
F17	0.202302736396475	0.0348925300716341	0.201510736405474	7.78208836717715	3.43975310161745	7.98783832503375	7.97812527777778	0.006693187799984		33G4B03	8	2	0.214	2023-10-13
F18	0.19467654139178	0.0257731855260654	0.188714530544953	9.96209489737584	3.67299316358065	7.29920008052702	7.30262541666667	0.00737067775363452		33G4B03	8.3	2	0.206	2023-10-13
F19	0.164370123959861	0.0491012380198467	0.0588228965056889	14.5076720076286	11.7836288543341	4.90788180303951	4.89775027777778	0.00706540527871367		33G4B03	8.6	2	0.142	2023-10-13
F2	0	0.0333563890329329	0	2.08976321908891	3.76362668740011	3.56645605120289	3.55974986111111	0.0016773168153399		33G4B03	3.5	2	0.085	2023-10-13
F20	0.136551288587711	0.0447495197672707	0.0497054552130426	14.4561768794171	13.9450926983577	3.98816465573159	3.97837513888889	0.0053102166998472		33G4B03	8.9	2	0.118	2023-10-13
F21	0.092	0.0575240393865072	0.00835690466620857	1313.38587618505	82.943052271819	3.41464713733064	3.40450041666667	0.00931974649844009		33G4B03	9.2	2	0.092	2023-10-13
F22	0.112234682319325	0.0454428765712256	0.0388546944714593	9.91191238489201	17.8394706222461	3.38680619241646	3.376875	0.00800225850677244		33G4B03	9.5	2	0.098	2023-10-13
F23	0.092	0.0535717029079675	0.00793211993191433	1685.58443519537	87.3848588409658	3.14555255814483	3.13537486111111	0.00858193835818997		33G4B03	9.8	2	0.092	2023-10-13
F24	0.049	0.0319845174373843	0.00697542067663063	1999.02831108662	99.3699466588672	1.83268869090195	1.82650013888889	0.00373715829407134		33G4B03	10.1	2	0.049	2023-10-13
F3	0.18514397842074	0.0390700091852014	0.136009521014782	9.69607111331288	5.09631366531034	6.81421234816831	6.808125	0.00451472421753353		33G4B03	3.8	2	0.181	2023-10-13
F4	0.183719181894107	0.027869876687173	0.176242055323211	9.7669261065211	3.93292724196152	6.89145233729074	6.89187513888889	0.00396293834851771		33G4B03	4.1	2	0.182	2023-10-13
F5	0.161955853138979	0.0139852680723132	0.216199566385554	10.9112568950488	3.20605259366636	5.97247920030724	5.973375	0.00392254814073699		33G4B03	4.4	2	0.161	2023-10-13
F6	0.185576308710302	0.023232336318382	0.219503878894175	8.85712027212441	3.15779012221519	7.18905677552922	7.1955	0.00479080600234492		33G4B03	4.7	2	0.185	2023-10-13
F7	0.188561645663377	0.0276221544148256	0.220878475804946	7.9790948857337	3.13813819130141	7.44990722124732	7.45412486111111	0.0050468137076104		33G4B03	5	2	0.188	2023-10-13
F8	0.185506807916503	0.0213343918597792	0.259894733234149	7.85162806385116	2.66703050090462	7.39858835439302	7.40512486111111	0.00460901092358859		33G4B03	5.3	2	0.186	2023-10-13
F9	0.175354800929332	0.0308231211060713	0.215338607919963	7.17583178586657	3.21887090872982	7.03731283433445	7.03099986111111	0.00268122828596334		33G4B03	5.6	2	0.179	2023-10-13
G1	0	0	0	0	0	0	0	0	cannot fit data	33G1A03	3.2	1	0.02	2023-10-13
G10	0.194185546913117	0.0162083075975859	0.207255459600451	11.5612479027666	3.3444097535293	7.03444234989643	7.00050013888889	0.0096584982471424		33G1A03	5.9	1	0.216	2023-10-13
G11	0.181052348064518	0.0100050699643937	0.242532286818836	11.7050314194792	2.85795837598193	6.56602533895185	6.51837513888889	0.0107299511477534		33G1A03	6.2	1	0.209	2023-10-13
G12	0.202911462098217	0.0145207297114608	0.200138498230648	12.8058366016191	3.46333757217032	7.10840839480816	7.07100013888889	0.0116436020572359		33G1A03	6.5	1	0.234	2023-10-13
G13	0.170431411167069	0.01388730184762	0.197192908407834	12.2842294484506	3.51507154165188	6.04924489472229	6.0415	0.00269288321322747		33G1A03	6.8	1	0.175	2023-10-13
G14	0.155623666596968	0.0137757401045248	0.162511131328853	14.3488414780061	4.26522894088597	5.18391724779204	5.16537513888889	0.00666073602476148		33G1A03	7.1	1	0.169	2023-10-13
G15	0.172277905521343	0.00946934510766904	0.108719036445531	26.1639118335566	6.3755824483159	3.84565646734411	3.89350069444444	0.010731119698545		33G1A03	7.4	1	0.147	2023-10-13
G16	0	0.0132446486021074	0	0.071056764163528	1.45636616708036	1.25866333617627	1.256625	0.00566544159856412		33G1A03	7.7	1	0.042	2023-10-13
G17	0.072	0.0267480598657444	0.013389941937672	1038.05726142701	51.766257373365	1.81156588796057	1.80499986111111	0.00686568971885719		33G1A03	8	1	0.072	2023-10-13
G18	0	0.0129235932945073	0	2.09226337103464	3.22220593495256	1.45453172539787	1.45324972222222	0.00397420425378052		33G1A03	8.3	1	0.044	2023-10-13
G19	0	0.0133666216614464	0	1.10738624392317	2.70849838592909	1.39706264744207	1.395625	0.0048296463331445		33G1A03	8.6	1	0.042	2023-10-13
G2	0.0921747645184302	0.020095567435335	0.151558573782352	8.4275417548141	4.57346069748157	3.51835156861738	3.50775013888889	0.00413246304728726		33G1A03	3.5	1	0.094	2023-10-13
G20	0	0.0134023610549669	0	1.03889387805352	3.10965352798796	1.34960659464135	1.346	0.00354873309886281		33G1A03	8.9	1	0.039	2023-10-13
G21	0	0.0148278684704407	0	0.43824232757331	2.69336753561418	1.42316130096484	1.42074986111111	0.00395270643080011		33G1A03	9.2	1	0.041	2023-10-13
G22	0	0.011102122091123	0	0.714795431256865	2.18783775669979	1.14216356532171	1.140625	0.00421343578050835		33G1A03	9.5	1	0.036	2023-10-13
G23	0	0.014355254211602	0	-1.60618161488462	1.31888920525586	0.975530122997467	0.973124861111111	0.00543893650085798	questionable fit	33G1A03	9.8	1	0.035	2023-10-13
G24	0	0.0130477200588158	0	-30.2259975756548	57.227615402484	0.421788676417079	0.31225	0.00524033397865157	questionable fit (k < n0)	33G1A03	10.1	1	0.022	2023-10-13
G3	0.142201566752824	0.0167095108196641	0.204291705619914	9.86953622830571	3.39292864806538	5.3645887604118	5.355375	0.00318170054957622		33G1A03	3.8	1	0.152	2023-10-13
G4	0.152533980100095	0.0124796313036354	0.245059196529886	9.86672921350309	2.82848875037185	5.79476912645088	5.78687513888889	0.00306362135323594		33G1A03	4.1	1	0.16	2023-10-13
G5	0.129050779744481	0.00437258057532481	0.288989937330492	11.5934232403836	2.39851666449983	4.70933519228341	4.682125	0.00465626684638452		33G1A03	4.4	1	0.141	2023-10-13
G6	0.154736152611404	0.0134201063604635	0.237915417783409	9.89530148875367	2.91341850401207	5.86891952856652	5.855125	0.00519283256138882		33G1A03	4.7	1	0.171	2023-10-13
G7	0.162613093039482	0.0152178602501504	0.235079875882158	9.65904833067639	2.94856026258671	6.20014432284481	6.184625	0.00587048851967507		33G1A03	5	1	0.181	2023-10-13
G8	0.174737846173172	0.016604961950856	0.210869086273872	10.6878357342859	3.28709718815636	6.47318151613384	6.44875013888889	0.00811399995082287		33G1A03	5.3	1	0.196	2023-10-13
G9	0.38561876260429	0.0000000130210027605818	20.1313738702405	0.854576354504636	0.0344311910864962	18.2591046579262	18.2698743055556	0.0475104001954273		33G1A03	5.6	1	0.472	2023-10-13
H1	0	0	0	0	0	0	0	0	cannot fit data	33G1A03	3.2	2	0.021	2023-10-13
H10	0.186246496314	0.0154870027551792	0.214521118550653	11.1888981936062	3.23113726631199	6.81900408684815	6.7875	0.00880722159179262		33G1A03	5.9	2	0.207	2023-10-13
H11	0.175495797072609	0.0103500191845364	0.237281724967203	11.6732134060845	2.92119918066067	6.36629515557072	6.31837513888889	0.0108103936729061		33G1A03	6.2	2	0.205	2023-10-13
H12	0.193720737919603	0.0140586882841906	0.21030596998545	12.1149057083298	3.29589873557988	6.92241288462013	6.88987527777778	0.010515353264725		33G1A03	6.5	2	0.223	2023-10-13
H13	0.174077677499031	0.015419189242399	0.183155863673908	12.7276363662875	3.78446622814123	6.0890491141563	6.07687527777778	0.0033859038571363		33G1A03	6.8	2	0.18	2023-10-13
H14	0.121272761442031	0.0132379060236366	0.163262170133315	12.8588853499316	4.24560803028614	4.20293939319257	4.18675013888889	0.0057537823082406		33G1A03	7.1	2	0.135	2023-10-13
H15	0.171733203511366	0.00874100519614889	0.142643446952676	20.5104209482536	4.85929915020848	4.71608953686788	4.76262666666667	0.00932553287651794		33G1A03	7.4	2	0.166	2023-10-13
H16	0	0.0127949060878913	0	0.383564210493976	1.52486966184265	1.3026843554529	1.300875	0.00536717382231611		33G1A03	7.7	2	0.042	2023-10-13
H17	0.677676897114886	0.018382966519424	0.0469902414191971	76.1806036511091	14.750875067366	3.03431211434408	3.04275013888889	0.00774198648847705		33G1A03	8	2	0.129	2023-10-13
H18	0	0.0125052280355143	0	2.21763306642237	3.36024298222174	1.40704328249018	1.40574986111111	0.00332096734132411		33G1A03	8.3	2	0.04	2023-10-13
H19	0	0.0142643527180487	0	1.73925683240991	3.56331365698081	1.49763645366139	1.496	0.0036038122993384		33G1A03	8.6	2	0.044	2023-10-13
H2	0	0.0208722805474325	0	6.94935325146512	4.38319141643304	3.29415499241178	3.28350013888889	0.0043616105610937		33G1A03	3.5	2	0.088	2023-10-13
H20	0	0.0130218488694459	0	0.373251658150012	2.52037360238629	1.24884572013349	1.24700013888889	0.00409704424918869		33G1A03	8.9	2	0.037	2023-10-13
H21	0	0.0149102633310796	0	0.560463137611995	2.816403005387	1.44431378329775	1.44187486111111	0.00397937537945491		33G1A03	9.2	2	0.042	2023-10-13
H22	0	0.0116114906884927	0	-0.436036179419179	1.81904601555454	0.999244143710711	0.997374861111111	0.00443842542037488	questionable fit	33G1A03	9.5	2	0.033	2023-10-13
H23	0	0.0149967866061663	0	-2.25804786919541	1.2853616123344	0.927496194189567	0.924999861111111	0.00550586624588061	questionable fit	33G1A03	9.8	2	0.034	2023-10-13
H24	0	0.0140095798098159	0	-13.1252766007164	37.7538188264288	0.332375923902454	0.29225	0.00401476748870542	questionable fit (k < n0)	33G1A03	10.1	2	0.02	2023-10-13
H3	0.137262678776896	0.0170432013728265	0.201746959250126	9.68325708659485	3.43572554023271	5.19764448669843	5.188375	0.00308184499873765		33G1A03	3.8	2	0.146	2023-10-13
H4	0.146210729540196	0.0116003679123494	0.247655194323931	9.89822800865869	2.79883966275028	5.55206173221832	5.54325	0.00294145805491577		33G1A03	4.1	2	0.152	2023-10-13
H5	0.120448428589681	0.00483900740987166	0.284473074294673	11.1557406260313	2.4366003084072	4.44514126600901	4.41387513888889	0.00567297107785365		33G1A03	4.4	2	0.135	2023-10-13
H6	0.152470162517204	0.0143595005550962	0.229015339624816	9.88424392472428	3.02664084290377	5.77697918760679	5.75975	0.00575412073333247		33G1A03	4.7	2	0.17	2023-10-13
H7	0.162773673486697	0.0165738983443834	0.227243493992636	9.58067006486728	3.05023993594469	6.21016861024239	6.19437513888889	0.00596083470965199		33G1A03	5	2	0.181	2023-10-13
H8	0.169700408666885	0.015226809478652	0.220397436482683	10.5126701288619	3.14498748997204	6.32416022847083	6.3035	0.0068785958687532		33G1A03	5.3	2	0.189	2023-10-13
H9	0.153802634631811	0.0208344642084	0.187683324456676	9.87568414091588	3.69317403432903	5.77643870549581	5.75400013888889	0.00643310289287184		33G1A03	5.6	2	0.163	2023-10-13
I1	0	0.0412410041841092	0	-22.4247210026527	7.53477253759665	1.78796743836658	1.74950013888889	0.00217171341639629	questionable fit (k < n0)	20G2A05	3.2	1	0.042	2023-10-13
I10	0.177232695613163	0.018113308820103	0.262260057420364	8.28569870749461	2.64297654541017	7.00211926970955	7.0105	0.0040155919413442		20G2A05	5.9	1	0.178	2023-10-13
I11	0.162142442626664	0.00573306386265462	0.329436999843419	10.0359907996357	2.1040356149716	6.17105532450895	6.16475027777778	0.00252049057663453		20G2A05	6.2	1	0.164	2023-10-13
I12	0.218680550339086	0.0195723622478335	0.244032263320525	9.50583264053973	2.84039155777336	8.37874256731115	8.384375	0.00415902661086449		20G2A05	6.5	1	0.222	2023-10-13
I13	0.238519849167247	0.0283099792182344	0.201561786361492	9.94678645950286	3.43888190848249	8.97629401277782	8.97575013888889	0.00368914598531851		20G2A05	6.8	1	0.242	2023-10-13
I14	0.252529465856421	0.0245202483449486	0.232119782338361	9.60662117669657	2.98616159974485	9.63617470717747	9.6275	0.00425713809042084		20G2A05	7.1	1	0.259	2023-10-13
I15	0.249322774763221	0.0195432181142214	0.26323826221072	9.36221069288341	2.6331551300285	9.60704422593808	9.62249986111111	0.00728328485063119		20G2A05	7.4	1	0.258	2023-10-13
I16	0.217506692244413	0.0136622350709256	0.209664899609806	12.890673550344	3.3059762594975	7.61437452528887	7.68150013888889	0.013235786817162		20G2A05	7.7	1	0.221	2023-10-13
I17	0.188742076477201	0.0310372018086513	0.131151299862696	12.3943785756083	5.28509577324517	6.51344712322186	6.51912513888889	0.0048914263541108		20G2A05	8	1	0.184	2023-10-13
I18	0.148056253507003	0.0384779717572365	0.0777262390713052	13.4646072261829	8.91780161811328	4.69409452798779	4.68462513888889	0.00323142768435805		20G2A05	8.3	1	0.141	2023-10-13
I19	0.138841980282996	0.0444714356979797	0.0661291047170281	11.3774700464606	10.4817263673231	4.47875623634956	4.46975027777778	0.00544983595306196		20G2A05	8.6	1	0.129	2023-10-13
I2	0	0.029563922522855	0	-0.697069912907704	0.894941999399358	2.22795320903923	2.222	0.00320416859979044	questionable fit	20G2A05	3.5	1	0.053	2023-10-13
I20	0.115456618055261	0.0426618928136173	0.0715360201009453	7.46948760276088	9.68948481592682	4.04398371445367	4.03450027777778	0.00455387638844877		20G2A05	8.9	1	0.112	2023-10-13
I21	0	0.0276199772468807	0	1.20962429255361	1.70538779093326	3.33479161507008	3.329	0.00458259560800209		20G2A05	9.2	1	0.086	2023-10-13
I22	0.0939324343039521	0.0356593939249713	0.114454999666993	4.29100469441351	6.0560672978608	3.73846326494096	3.72875013888889	0.0042076359382322		20G2A05	9.5	1	0.097	2023-10-13
I23	0	0.0289146186600841	0	-0.48931046453685	1.01035342221939	2.35120836750854	2.345125	0.00716301840850927	questionable fit	20G2A05	9.8	1	0.071	2023-10-13
I24	0	0.0355472971088835	0	-23.680966495982	19.8486642766976	1.24495378065415	1.15962486111111	0.00665056728453406	questionable fit (k < n0)	20G2A05	10.1	1	0.05	2023-10-13
I3	0	0.0277194534888753	0	2.30406449040455	2.16414713959868	3.82910078569266	3.823875	0.00264324217386153		20G2A05	3.8	1	0.089	2023-10-13
I4	0.110924837110382	0.0367382522191759	0.103789859522781	6.77103556547406	6.67837092898086	4.18049980396653	4.16850041666667	0.00539148563246882		20G2A05	4.1	1	0.113	2023-10-13
I5	0.111553851732632	0.0160180082016497	0.143522473658978	12.4425663420239	4.82953758313087	3.87349970552348	3.86462513888889	0.00432381785267419		20G2A05	4.4	1	0.109	2023-10-13
I6	0.131552424125797	0.0299018749848709	0.141290039615049	8.66033981383746	4.90584603450077	4.96554747661424	4.95962513888889	0.00341646737581502		20G2A05	4.7	1	0.129	2023-10-13
I7	0.148311078084211	0.02861254431385	0.177225074717023	8.07521808939719	3.91111236187486	5.77296496318348	5.77175	0.00385861455577989		20G2A05	5	1	0.148	2023-10-13
I8	0.146549657798545	0.0251756206350424	0.197621723641292	7.95965581982833	3.50744426163438	5.75838542132304	5.75725	0.0035176259702591		20G2A05	5.3	1	0.147	2023-10-13
I9	0.160371426151608	0.0334442982882817	0.159527218629332	8.36052818821095	4.34500887381796	6.15649669980385	6.146625	0.00195244950719583		20G2A05	5.6	1	0.161	2023-10-13
J1	0	0.0371112310601573	0	-46.6474833233388	14.6957611274967	1.66487892460043	1.62337513888889	0.00192926108721316	questionable fit (k < n0)	20G2A05	3.2	2	0.039	2023-10-13
J10	0.170494560889565	0.0191997428449332	0.253935423237329	8.1293639890788	2.72961988415506	6.75244087333531	6.757875	0.00386382046354636		20G2A05	5.9	2	0.171	2023-10-13
J11	0.163126159027528	0.00542821050464364	0.341527031535566	9.86473002599487	2.02955290959967	6.23809224421963	6.233	0.00249375557057384		20G2A05	6.2	2	0.164	2023-10-13
J12	0.215792983954829	0.0214334670165812	0.2254756896287	9.77824282540959	3.07415483106573	8.19221226976593	8.19412513888889	0.00400561037063402		20G2A05	6.5	2	0.218	2023-10-13
J13	0.231580126761713	0.0254787966547332	0.207989163326458	10.0511070173114	3.33261199513548	8.70623889060048	8.703375	0.00367652113322909		20G2A05	6.8	2	0.235	2023-10-13
J14	0.235874788311707	0.0242639385045719	0.223252766215492	9.70092229767865	3.10476413040676	8.96758158204098	8.961625	0.00418139621400237		20G2A05	7.1	2	0.241	2023-10-13
J15	0.243532520246245	0.0172304348713233	0.282584507725052	9.11300304111832	2.45288457651175	9.45687967502311	9.4735	0.00718037073763813		20G2A05	7.4	2	0.253	2023-10-13
J16	0.209408115531899	0.0161900596461171	0.195395998247721	12.6892154639623	3.54739701312193	7.35203698860759	7.404	0.0120393272299271		20G2A05	7.7	2	0.209	2023-10-13
J17	0.185783432864715	0.032862390202742	0.123554432688492	12.4446597726799	5.61005514312481	6.3689429862535	6.37275013888889	0.00494496510487775		20G2A05	8	2	0.183	2023-10-13
J18	0.142947424121768	0.0395708106092667	0.0750144560518815	12.8013595174715	9.24018138691229	4.57258538281741	4.56350013888889	0.00359002094092138		20G2A05	8.3	2	0.135	2023-10-13
J19	0.128670006081427	0.0427169445329982	0.0672484006155845	10.3973577945894	10.3072664065606	4.23762890228458	4.22887513888889	0.00545781421541657		20G2A05	8.6	2	0.12	2023-10-13
J2	0	0.0279295871883439	0	-0.716002361759554	0.831530297244046	2.06477205566077	2.05925	0.0035097941280627	questionable fit	20G2A05	3.5	2	0.05	2023-10-13
J20	0.10093728821095	0.0388298157305782	0.0809234234204603	5.80397978057645	8.56547030837419	3.71378578710377	3.70487527777778	0.00424055544039215		20G2A05	8.9	2	0.101	2023-10-13
J21	0	0.0265774383156306	0	0.858150519598486	1.58675834837408	3.01085971432846	3.005375	0.00456491607887145		20G2A05	9.2	2	0.08	2023-10-13
J22	0.0911252102585585	0.0373139711782147	0.100407330857849	3.6462928366275	6.90335232136846	3.5926286435328	3.583	0.00451811363270218		20G2A05	9.5	2	0.093	2023-10-13
J23	0	0.0279694386313975	0	-0.228998694296133	1.19065813559295	2.47160131143303	2.46549986111111	0.00699876104606441	questionable fit	20G2A05	9.8	2	0.073	2023-10-13
J24	0	0.0377388248815192	0	-19.9786183932748	17.0342303641824	1.28156567422961	1.18362486111111	0.0068608555550829	questionable fit (k < n0)	20G2A05	10.1	2	0.051	2023-10-13
J3	0	0.0267230694304346	0	2.24892094343752	2.16413802675931	3.65078559558094	3.64575	0.00250805818740326		20G2A05	3.8	2	0.084	2023-10-13
J4	0.10005570873829	0.0352386610023387	0.118976637011988	5.12222283795076	5.8259100102998	3.9505177816681	3.93950013888889	0.00523038374058602		20G2A05	4.1	2	0.102	2023-10-13
J5	0.0993434911752827	0.0150475178559562	0.141956149268449	12.1384036942875	4.88282602854461	3.47217968080203	3.46175013888889	0.00466921039006606		20G2A05	4.4	2	0.098	2023-10-13
J6	0.120263746005065	0.0315236282508063	0.131316177433847	7.88154761498713	5.27845992858823	4.57560793899223	4.56737513888889	0.00379338422670688		20G2A05	4.7	2	0.119	2023-10-13
J7	0.142792081654158	0.02910195288971	0.170100552157624	8.01097515505114	4.07492610557572	5.5489261982531	5.54600013888889	0.00376299760642969		20G2A05	5	2	0.143	2023-10-13
J8	0.139762607961827	0.0257479355293766	0.190209620392886	7.82280461055418	3.64412262181177	5.49460616673795	5.49149986111111	0.00332402489849362		20G2A05	5.3	2	0.14	2023-10-13
J9	0.158748160080313	0.0312769539113995	0.162568723332268	8.6425540333923	4.26371793019036	6.06772052477828	6.0575	0.00191765034604324		20G2A05	5.6	2	0.16	2023-10-13
K1	0	0.042715441480948	0	-17.8252387354216	9.55087383715114	1.62772084327618	1.57387513888889	0.00200480966251629	questionable fit (k < n0)	40G3B03	3.2	1	0.043	2023-10-13
K10	0.183327337229902	0.0201015577962711	0.391354040422607	5.35151515401668	1.77115120572524	7.80175983553019	7.7995	0.00504029462050319		40G3B03	5.9	1	0.189	2023-10-13
K11	0.153971970810791	0.00757959530508159	0.466537957962917	6.34638760117617	1.48572515639776	6.42835029543946	6.41212513888889	0.0110474425641089		40G3B03	6.2	1	0.165	2023-10-13
K12	0.188054205452336	0.0162338561868206	0.455203350993147	5.18306927061408	1.52271985486851	8.05310584261214	8.05262527777778	0.0175670398275367		40G3B03	6.5	1	0.206	2023-10-13
K13	0.19910348813463	0.0482075590537775	0.210798168954068	5.4131141549942	3.2882030427455	8.25821872303126	8.22887541666667	0.0172312250265421		40G3B03	6.8	1	0.214	2023-10-13
K14	0.222069967956254	0.0372032949482625	0.237573090341731	6.74839707340127	2.9176165514491	9.03486175666912	9.01150027777778	0.0141820552846073		40G3B03	7.1	1	0.239	2023-10-13
K15	0.222241787895553	0.0296352936658948	0.269528997207501	6.94427401990363	2.57169799072236	9.0518002235448	9.052375	0.0165808268442637		40G3B03	7.4	1	0.244	2023-10-13
K16	0.214280652373044	0.0348275331331754	0.23398542851615	7.00687112917104	2.96235190779029	8.66552660427258	8.6585	0.0189559994399782		40G3B03	7.7	1	0.246	2023-10-13
K17	0.205829124373026	0.0334042714088528	0.294555289134379	5.57205315541757	2.35319889382032	8.65130419999314	8.64625027777778	0.0157444156660517		40G3B03	8	1	0.23	2023-10-13
K18	0.178444743685219	0.0541208736937928	0.131796887126018	6.31024060380185	5.25920752511546	6.99195635584527	6.97075027777778	0.0122198509390104		40G3B03	8.3	1	0.183	2023-10-13
K19	0.141	0.0429515945240603	0.0252760257590166	636.10763038097	27.4231078559762	4.04748653766858	4.06025041666667	0.0169359026947941		40G3B03	8.6	1	0.141	2023-10-13
K2	0	0.0432341131869546	0	-5.11742750193174	34.6549043684158	2.53631286781222	2.528875	0.00255654577501166	questionable fit	40G3B03	3.5	1	0.061	2023-10-13
K20	0.099	0.0354742918430085	0.0155063409222073	999.390203818574	44.7008861753621	2.54319724064488	2.54562541666667	0.016367031716304		40G3B03	8.9	1	0.099	2023-10-13
K21	0.086	0.0504086557932602	0.00800470091096483	1743.31794041935	86.5925146073194	2.96534304490148	2.95675013888889	0.00903772743224123		40G3B03	9.2	1	0.086	2023-10-13
K22	0.073	0.0529554772796044	0.00131221295281036	6945.86917338284	528.227662343553	2.63515964220204	2.62575	0.00856422721881951		40G3B03	9.5	1	0.073	2023-10-13
K23	0.638502172354842	0.0546652054079989	0.0206124538998987	114.901136017652	33.6275915485905	4.21139502195452	4.20375013888889	0.00933790738685634		40G3B03	9.8	1	0.136	2023-10-13
K24	0.069	0.0388166859663777	0.00999140752058892	1499.28881756723	69.3743278043261	2.40371425078901	2.39762486111111	0.00590696083517461		40G3B03	10.1	1	0.069	2023-10-13
K3	0.153502912364118	0.0316251967849245	0.221387904076162	6.09366643989991	3.13091712689728	6.30427113175687	6.3025	0.00459512598273752		40G3B03	3.8	1	0.156	2023-10-13
K4	0.158912107076739	0.0274145837222748	0.22675466312517	6.91457838877167	3.05681555125207	6.42885613093382	6.42737486111111	0.00406518704625856		40G3B03	4.1	1	0.16	2023-10-13
K5	0.135863754014652	0.0124665339958807	0.313556495103373	7.31083822262	2.21059742465686	5.51429532882855	5.508625	0.00329980295774346		40G3B03	4.4	1	0.139	2023-10-13
K6	0.155234735427714	0.0241183775994917	0.286623306563138	5.90709482443899	2.41832106701782	6.47461328961939	6.47349986111111	0.0044222032940967		40G3B03	4.7	1	0.162	2023-10-13
K7	0.161413731964278	0.0249748840792129	0.34150839217484	4.97207643869682	2.02966368160311	6.89889320484553	6.89975	0.00688969215682638		40G3B03	5	1	0.17	2023-10-13
K8	0.164184439784182	0.0184761340517721	0.39372720374642	5.245070316816	1.76047571507496	7.00352333317627	7.01012486111111	0.00778783658342784		40G3B03	5.3	1	0.175	2023-10-13
K9	0.168782646891893	0.0335934972834646	0.226108721508479	6.15784469398098	3.06554818379242	6.93117025921413	6.921375	0.00301873071324105		40G3B03	5.6	1	0.172	2023-10-13
L1	0	0.039	0	-23.2822227134499	12.7506010833809	1.50972201999996	1.39625013888889	0.00282359500597424	questionable fit (k < n0)	40G3B03	3.2	2	0.039	2023-10-13
L10	0.185929732538716	0.0227528807069157	0.372365537062911	5.29088391714005	1.86146974295003	7.91378012485972	7.909625	0.00495711510180714		40G3B03	5.9	2	0.191	2023-10-13
L11	0.2100908408355	0.0479927464011497	0.101709524890165	11.9669400839947	6.81496822749359	7.12870175812613	7.09462597222222	0.0254990036408068		40G3B03	6.2	2	0.215	2023-10-13
L12	0.187316292885369	0.0169360884444527	0.456476882159146	5.05739889720518	1.51847159768824	8.04330915317988	8.04400013888889	0.0151786504938028		40G3B03	6.5	2	0.203	2023-10-13
L13	0.225368159497057	0.0497259459251204	0.194213173580187	6.49761382070344	3.56900187449827	9.11053051350232	9.07625027777778	0.0234371681684101		40G3B03	6.8	2	0.264	2023-10-13
L14	0.249342826919258	0.0518225596491523	0.170355141047205	7.85427208724883	4.06883629281182	9.72159287312811	9.68850013888889	0.0174947487906811		40G3B03	7.1	2	0.275	2023-10-13
L15	0.220135511410578	0.0299217810413589	0.273734625873646	6.75676908829987	2.53218670582032	9.00668728250518	9.0075	0.0169924538579121		40G3B03	7.4	2	0.24	2023-10-13
L16	0.213060905264594	0.0353181191774727	0.243286460544706	6.64213436392444	2.8490988730241	8.69667463798215	8.68937486111111	0.0188568802916374		40G3B03	7.7	2	0.243	2023-10-13
L17	0.196564577915987	0.0279411638168226	0.347369753806636	5.17479395595315	1.99541604576715	8.37139960425162	8.36825013888889	0.012515498490469		40G3B03	8	2	0.214	2023-10-13
L18	0.175592828539761	0.0575904380759717	0.0761542880349708	9.41967094227013	9.10187986054895	6.01113874798916	5.99712527777778	0.0115432914115871		40G3B03	8.3	2	0.168	2023-10-13
L19	0.142	0.0426280529485036	0.0242099143978723	684.73164394418	28.6307158781553	3.89560229506055	3.90737527777778	0.0141002405561556		40G3B03	8.6	2	0.142	2023-10-13
L2	0	0.0425710018392929	0	-6.0168958971839	26.4059587624965	2.59745895771928	2.59012513888889	0.00231216625705111	questionable fit	40G3B03	3.5	2	0.063	2023-10-13
L20	0.094	0.0385179284330487	0.0123635233616103	1190.84728387629	56.0638873148591	2.53849548912086	2.53587569444444	0.0156344991332852		40G3B03	8.9	2	0.094	2023-10-13
L21	0.077	0.0503942031541552	0.00575551145025318	2441.67368355864	120.431900197063	2.79967787716475	2.790625	0.00742948442162538		40G3B03	9.2	2	0.077	2023-10-13
L22	0.071	0.0511010577998127	0.000783753838213957	12441.7309643798	884.393985411939	2.51043382489973	2.50087486111111	0.0089001890273032		40G3B03	9.5	2	0.071	2023-10-13
L23	0.082	0.052705611494578	0.00721196406964913	1929.40590884824	96.1107368070496	3.03824372504128	3.029	0.00641352998250186		40G3B03	9.8	2	0.082	2023-10-13
L24	0.106	0.0296021962676124	0.0257633110263491	679.023594897321	26.9044293200916	2.82911813686865	2.842625	0.0111691312740906		40G3B03	10.1	2	0.106	2023-10-13
L3	0.135561395977558	0.0330970707448754	0.209444793154262	5.39555026951773	3.30945052450849	5.62218434748384	5.618125	0.0039009168615626		40G3B03	3.8	2	0.139	2023-10-13
L4	0.154964178616501	0.0279871823508636	0.230921288304875	6.5488085451326	3.00165994070159	6.32155005545602	6.31825	0.00322867694726883		40G3B03	4.1	2	0.156	2023-10-13
L5	0.130044524139005	0.0121146974446546	0.305243402115713	7.45526475731237	2.27080151693888	5.25758470635078	5.25175	0.00340675655986924		40G3B03	4.4	2	0.134	2023-10-13
L6	0.157174231487835	0.0253387598756643	0.285255707027014	5.78154772383018	2.4299152076011	6.57096800753592	6.56887486111111	0.0042634640510027		40G3B03	4.7	2	0.163	2023-10-13
L7	0.161036545187321	0.0241936409743345	0.33108847536025	5.2334764973115	2.09354064591269	6.84075885709549	6.844	0.00710357094811622		40G3B03	5	2	0.169	2023-10-13
L8	0.164218840704273	0.018209643545403	0.39801245499662	5.23028430126634	1.74152133145138	7.00871970541587	7.01525	0.00751697996443412		40G3B03	5.3	2	0.175	2023-10-13
L9	0.169833832562888	0.0315372783777064	0.244115346905063	6.05545720460929	2.8394248430006	7.01548170449152	7.00625	0.00356780424040374		40G3B03	5.6	2	0.173	2023-10-13
M1	0	0.0229463134828996	0	-2.31460268593873	1.13011294371586	1.36351917291653	1.359	0.00107582167972564	questionable fit	36G1B08	3.2	1	0.031	2023-10-13
M10	0.124358468941654	0.00766977233642335	0.332936935726887	8.17639153642183	2.08191734283439	4.95408479372616	4.96837472222222	0.015363063021039		36G1B08	5.9	1	0.151	2023-10-13
M11	0	0.00430594324028327	0	7.80224425117055	1.97367426965394	2.85592774770861	2.81149986111111	0.0104629391195138		36G1B08	6.2	1	0.091	2023-10-13
M12	0	0.00982268386199375	0	5.6917160977815	1.95952779508459	3.51509565383772	3.513625	0.00924507925354573		36G1B08	6.5	1	0.101	2023-10-13
M13	0.0928516369889925	0.0108537821416213	0.370656090993956	5.45567584597142	1.870054741853	3.93817858911278	3.94249986111111	0.00952795177165505		36G1B08	6.8	1	0.108	2023-10-13
M14	0.111844466732129	0.0172938309236835	0.26123092525726	6.50300370861675	2.65338868235962	4.59219748204545	4.58587472222222	0.00763592393631337		36G1B08	7.1	1	0.122	2023-10-13
M15	0.103485792571089	0.0151706091230227	0.258954691152973	6.80254948182932	2.67671219808287	4.22119538394266	4.21099986111111	0.00878777861902495		36G1B08	7.4	1	0.116	2023-10-13
M16	0.109127603934014	0.0185034181681224	0.23633792321624	6.72243212599852	2.93286481969186	4.44109790734159	4.43012513888889	0.00834952278511972		36G1B08	7.7	1	0.113	2023-10-13
M17	0.0943055469084844	0.0199481028579631	0.250002605502837	5.2629441321277	2.77255982658981	3.96000781021563	3.956	0.0101762606945582		36G1B08	8	1	0.113	2023-10-13
M18	0.0952842669033305	0.0152602412673796	0.224598844438429	7.37793677435763	3.08615648621453	3.81614823818538	3.79437527777778	0.0222555348904029		36G1B08	8.3	1	0.199	2023-10-13
M19	0	0.00479016792090192	0	5.66876588454074	1.51788168547267	2.90525939984992	2.91787486111111	0.00898267479371851		36G1B08	8.6	1	0.087	2023-10-13
M2	0	0.0265787200707823	0	-89.2856695169907	21.9189614500949	1.24323608938007	1.22337486111111	0.00127016078242089	questionable fit (k < n0)	36G1B08	3.5	1	0.029	2023-10-13
M20	0	0.00946260741487798	0	7.20977350059368	2.45196969514579	3.33011903069281	3.33399986111111	0.010282659526194		36G1B08	8.9	1	0.108	2023-10-13
M21	0.0971416693967962	0.00484923310600519	0.282397377017864	10.4326097227845	2.45450998121735	3.65163899982788	3.67925	0.00686278617517847		36G1B08	9.2	1	0.103	2023-10-13
M22	0.0917314846846058	0.00604984514240804	0.22374898847037	11.8463368451608	3.09787849902051	3.30735739427315	3.31825	0.00768212900983027		36G1B08	9.5	1	0.107	2023-10-13
M23	0.109846692992714	0.00403642965437723	0.216627163846258	15.0779196449057	3.19972420934189	3.62027322979734	3.64825027777778	0.0110009028577805		36G1B08	9.8	1	0.121	2023-10-13
M24	0.104158657083255	0.000000256275579947503	0.71401462131475	18.0881030274149	0.970774490981179	3.13690625236318	3.31687444444444	0.0105164363983478		36G1B08	10.1	1	0.114	2023-10-13
M3	0.134954064805927	0.00707307399737594	0.210963724354269	13.7218135536244	3.28562260019618	4.61961377632779	4.67550013888889	0.00852452777512937		36G1B08	3.8	1	0.139	2023-10-13
M4	0.183448154977375	0.00424703649646911	0.275504101122804	13.5834177496018	2.51592327567923	6.33566563717273	6.387875	0.00568739251807633		36G1B08	4.1	1	0.184	2023-10-13
M5	0.16500206658852	0.000187333674336551	0.531166546119844	12.7637667680926	1.3049526285557	5.84747801002073	5.84875013888889	0.00951567916327679		36G1B08	4.4	1	0.179	2023-10-13
M6	0.184752309508157	0.00161259120199026	0.415219696543553	11.3973567763686	1.66935043383049	6.79634512121628	6.886125	0.0125299319557714		36G1B08	4.7	1	0.197	2023-10-13
M7	0.248392846331848	0.00303216206892357	0.370158379803573	11.8691177322064	1.87256919842736	9.01726325534482	9.106	0.0209461578177746		36G1B08	5	1	0.278	2023-10-13
M8	0.195722370981253	0.00168224686445238	0.443217754753427	10.7124197821908	1.56389759463846	7.33427041688678	7.423875	0.0236349455622932		36G1B08	5.3	1	0.233	2023-10-13
M9	0.19429974062119	0.0103124371542417	0.190920727455944	15.0927357821219	3.63054965166049	6.37997684403494	6.40737541666667	0.00555530429097887		36G1B08	5.6	1	0.196	2023-10-13
N1	0	0.00233370044933692	0	-24.594386694085	30.4693413137138	0.0761464468647272	0.071625138888889	0.000463838678286743	questionable fit (k < n0)	25G4A05	3.2	1	0.003	2023-10-13
N10	0	0.000128446974881505	0	12.3729531004351	1.82934044199952	0.50434591434525	0.515375	0.00297743898042321		25G4A05	5.9	1	0.019	2023-10-13
N11	0	0.0000000000000220403061071819	0	15.2386699255601	0.364864134089002	2.71581896066095	2.74650013888889	0.00913444901222615		25G4A05	6.2	1	0.107	2023-10-13
N12	0	0.000138080775306922	0	14.3558227157378	2.06817709377183	0.578661706125399	0.59525	0.00222701755634618		25G4A05	6.5	1	0.021	2023-10-13
N13	0	0.0000000000000309964962852605	0	13.949588044373	0.339673843147321	2.44690112277367	2.48600013888889	0.00929832440008259		25G4A05	6.8	1	0.11	2023-10-13
N14	0.043	0.0028764132950483	0.0573357942753338	328.832057118422	12.0892574929958	0.745538570278822	0.752	0.00136769262115975		25G4A05	7.1	1	0.043	2023-10-13
N15	0	0.00187131871826025	0	9.31134868693395	23.8506837325933	0.125460371237067	0.12475	0.000674163005168419		25G4A05	7.4	1	0.005	2023-10-13
N16	0	0.00481731349377485	0	-16.570093106918	6.10337194176818	0.260688204113239	0.25975	0.00046118074645585	questionable fit	25G4A05	7.7	1	0.00600000000000001	2023-10-13
N17	0	0.00464749801380545	0	-2.85312253628698	1.60213658388834	0.285685930023098	0.283625	0.000233839983215389	questionable fit	25G4A05	8	1	0.00700000000000001	2023-10-13
N18	0	0.003083595346	0	-10.4937136143766	6.20696255049759	0.184983427451918	0.184499861111111	0.000527034041869892	questionable fit	25G4A05	8.3	1	0.005	2023-10-13
N19	0	0.00157401098552246	0	-2.65587101153229	8.63119039429061	0.116783433584316	0.116500138888889	0.000417550609067185	questionable fit	25G4A05	8.6	1	0.003	2023-10-13
N2	0.017	0.00432676278783606	0.0285893634875371	645.574278251149	24.2449322406953	0.449110173546128	0.4485	0.000352127004367825		25G4A05	3.5	1	0.017	2023-10-13
N20	0	0.00531523806414968	0	-11.2967626060074	6.81517479122939	0.31864497787265	0.315250138888889	0.000424138693681467	questionable fit	25G4A05	8.9	1	0.00800000000000001	2023-10-13
N21	0	0	0	0	0	0	0	0	cannot fit data	25G4A05	9.2	1	0.01	2023-10-13
N22	0	0	0	0	0	0	0	0	cannot fit data	25G4A05	9.5	1	0.00600000000000001	2023-10-13
N23	0	0.00800000000000001	0	-2.16695129134609	0.722317097115365	0.338407111393618	0.3175	0.00065720438224408	questionable fit (k < n0)	25G4A05	9.8	1	0.00800000000000001	2023-10-13
N24	0	0.00197574570181752	0	0.297035559421854	0.483627767575649	0.237784439597541	0.23475	0.000404459629195374		25G4A05	10.1	1	0.00600000000000001	2023-10-13
N3	0	0.00131567213469589	0	24.5671808161685	4.36614459202487	1.56904371360948	1.58562527777778	0.00194890350591252		25G4A05	3.8	1	0.066	2023-10-13
N4	0	0.00155536421271227	0	23.0235950360031	4.75142451653429	1.16239216664646	1.16225	0.00105861355557231		25G4A05	4.1	1	0.048	2023-10-13
N5	0	0.00000000000456439768576447	0	27.0285614702679	0.867556592354332	0.231080476843184	0.229500138888889	0.00069265391495027		25G4A05	4.4	1	0.014	2023-10-13
N6	0	0.000614645070438522	0	17.2860153896859	3.04640354875948	0.986823494062618	0.992250138888889	0.000789354028910352		25G4A05	4.7	1	0.033	2023-10-13
N7	0	0.00178558019221872	0	15.9664557364867	3.98991461543683	0.969729132898235	0.975875	0.0014139769105083		25G4A05	5	1	0.031	2023-10-13
N8	0	0.000786796886646869	0	13.7009286953981	2.84368351601227	0.789654303906571	0.800750138888889	0.00223383596039738		25G4A05	5.3	1	0.027	2023-10-13
N9	0.110348256582913	0.000807963086580462	0.203364920452683	24.1414859269062	3.40839107854504	2.65539989771607	2.67175027777778	0.00127009791982824		25G4A05	5.6	1	0.11	2023-10-13
O1	0	0.0170750601144803	0	-62.0678098122862	20.4125732836609	0.769734775506149	0.739875138888889	0.00127002011621108	questionable fit (k < n0)	36G2A02	3.2	1	0.019	2023-10-13
O10	0.134762866293292	0.0182292161347249	0.119059096031969	15.5817954828169	5.82187504912539	4.25489661066052	4.24300013888889	0.00319383264555051		36G2A02	5.9	1	0.135	2023-10-13
O11	0.117182680215069	0.00415822577320201	0.194321359090355	16.9951246495871	3.56701488608696	3.63683620383377	3.61900083333333	0.00468214722628234		36G2A02	6.2	1	0.126	2023-10-13
O12	0.104650057591105	0.0102550037554512	0.179202631485023	12.3866647484158	3.86795202065922	3.68908594665445	3.70387527777778	0.00501216619480326		36G2A02	6.5	1	0.111	2023-10-13
O13	0.123916247562599	0.0182787994621968	0.106682015703414	16.4439247802905	6.49731987148577	3.78887698138802	3.78000013888889	0.00228404725547916		36G2A02	6.8	1	0.122	2023-10-13
O14	0	0.0171059036790428	0	11.2867868648653	5.65966832781596	2.99915703121676	2.99337513888889	0.00222130280621235		36G2A02	7.1	1	0.088	2023-10-13
O15	0	0.00814127127515642	0	10.1301312983394	3.22656532819218	3.00186533924535	3.018375	0.00478911815590283		36G2A02	7.4	1	0.084	2023-10-13
O16	0	0.00963738256863695	0	8.3378037150292	3.31505115366232	2.53073785509616	2.541125	0.00493043499912495		36G2A02	7.7	1	0.069	2023-10-13
O17	0	0.0120780852326225	0	10.3771972090132	4.24851520118794	2.86104528128522	2.87175055555556	0.00619755338022039		36G2A02	8	1	0.097	2023-10-13
O18	0	0.0114125538711511	0	19.1867896143506	7.22456909165888	2.34228229727672	2.34725027777778	0.00250365099768353		36G2A02	8.3	1	0.076	2023-10-13
O19	0.100069044753328	0.0136128409835668	0.0632431095944565	29.2304481156571	10.9600426829851	2.08396350890437	2.08562513888889	0.00213190518086652		36G2A02	8.6	1	0.072	2023-10-13
O2	0	0.0177080074200502	0	-1.4731621808538	0.667613510702036	1.03446890026012	1.030875	0.00135707545170011	questionable fit	36G2A02	3.5	1	0.024	2023-10-13
O20	0.109305096696061	0.0158023517407609	0.0443807165043841	40.0586597151971	15.6182061750056	1.80778698958839	1.80675027777778	0.00203319461396428		36G2A02	8.9	1	0.06	2023-10-13
O21	0	0.0221666654630502	0	-47.6774477835985	16.7591026103536	1.14916776160915	1.14475	0.000513431720027053	questionable fit	36G2A02	9.2	1	0.025	2023-10-13
O22	0.029	0.0166334787107584	0.0108695116431232	1545.71220099093	63.7698549224592	1.05391624363699	1.050375	0.000565810207886363		36G2A02	9.5	1	0.029	2023-10-13
O23	0.026	0.0225956382650423	0.002158843062021	6170.77331327994	321.073445658924	1.14791003292587	1.14325	0.00059373824460763		36G2A02	9.8	1	0.026	2023-10-13
O24	0	0.0168662008816599	0	-2.97203582209174	2.86340108749886	1.16788628836291	1.16537486111111	0.00400864509486396	questionable fit	36G2A02	10.1	1	0.032	2023-10-13
O3	0	0.0205334917396003	0	14.9625478549891	9.03644313528746	2.61064398660313	2.60625013888889	0.000400123181813225		36G2A02	3.8	1	0.079	2023-10-13
O4	0.11204169423183	0.0152646901633296	0.106570730305904	17.3299654670346	6.50410463145289	3.34372093543134	3.34575027777778	0.00165076284084962		36G2A02	4.1	1	0.107	2023-10-13
O5	0	0.00259290083196743	0	17.500393193184	3.6122728097358	2.35461177712634	2.32737513888889	0.00381251960207462		36G2A02	4.4	1	0.085	2023-10-13
O6	0.103333145527383	0.0148511266067474	0.121050795967966	14.7435926622063	5.72608527698881	3.33993183949125	3.33500013888889	0.00209452811394673		36G2A02	4.7	1	0.106	2023-10-13
O7	0.111965241611483	0.0172982911033101	0.124100308165878	13.6966398912825	5.5853783991693	3.72466585963875	3.71800013888889	0.0022340025849711		36G2A02	5	1	0.116	2023-10-13
O8	0.115686580997238	0.0186847639833237	0.111940437897107	14.7133717703616	6.19210710250277	3.71649605454493	3.70762513888889	0.0025671556134091		36G2A02	5.3	1	0.118	2023-10-13
O9	0.102580898543139	0.0157363248926266	0.152719982907354	11.1848381025916	4.53868031782349	3.68802473405265	3.68087513888889	0.00284287694137294		36G2A02	5.6	1	0.107	2023-10-13
