sample	k	n0	r	t_mid	t_gen	auc_l	auc_e	sigma	note	strain	pH	replicate	max.OD	date
A1	0	0.0121638061475131	0	-6.1664225047243	10.5238815768489	0.828235623597396	0.825825	0.000636421992829404	questionable fit	23G1A05	3.2	1	0.0194	2025-10-31
A10	0	0.00566569466627627	0	7.70531346264515	2.65656322420818	1.91941647525303	1.9239125	0.0025178342488357		23G1A05	5.9	1	0.0518	2025-10-31
A11	0	0.00511405290313825	0	9.13137327814463	2.64720734720176	2.36200668290722	2.3769875	0.00554607731806608		23G1A05	6.2	1	0.0689	2025-10-31
A12	0	0.00396805638131192	0	5.90847206929912	1.79701514888888	1.79608125389468	1.8017	0.00526051024118671		23G1A05	6.5	1	0.0525	2025-10-31
A13	0	0.00601609083763782	0	5.4801729562	2.12339449037887	1.77475803800592	1.7772125	0.0027044956239752		23G1A05	6.8	1	0.048	2025-10-31
A14	0	0.00592521844969757	0	3.53465740335421	1.62560330021427	1.44391569027821	1.4449	0.0035660750038504		23G1A05	7.1	1	0.0458	2025-10-31
A15	0	0.0064119650493847	0	3.65489444992474	1.8866982783963	1.35987181948888	1.3586875	0.00383822176202469		23G1A05	7.4	1	0.0499	2025-10-31
A16	0	0.0115099542880082	0	-0.0816120691958316	1.97229665205502	1.0500263957083	1.0479125	0.00310536828118113	questionable fit	23G1A05	7.7	1	0.0293	2025-10-31
A17	0	0.00751480853632909	0	1.41688086358223	0.964582090862563	1.31258273043404	1.3121875	0.00691297648266721		23G1A05	8	1	0.0464	2025-10-31
A18	0	0.00915294066209253	0	5.08942124730969	3.960186136421	1.29451634613074	1.2935375	0.00480016866542715		23G1A05	8.3	1	0.0409	2025-10-31
A19	0	0.00361317906000926	0	3.34975659688346	1.47983992068193	0.931730633808728	0.933025	0.00525705173860673		23G1A05	8.6	1	0.0435	2025-10-31
A2	0	0	0	0	0	0	0	0	cannot fit data	23G1A05	3.5	1	0.1249	2025-10-31
A20	0	0.00556098423382811	0	3.52666796669792	2.59819647438769	0.860463074286752	0.860575	0.00326026834869211		23G1A05	8.9	1	0.0328	2025-10-31
A21	0	0.00475255398936475	0	4.03956722844657	1.90660966754522	1.10689652190689	1.1081625	0.00543104012655427		23G1A05	9.2	1	0.0359	2025-10-31
A22	0	0.00699170768422714	0	3.99242819659146	3.00294567140958	1.0502215535408	1.0501375	0.00207366256713396		23G1A05	9.5	1	0.029	2025-10-31
A23	0	0.00925153029018356	0	2.51102600259944	3.469919425475	1.06257844362587	1.0613375	0.0035387638229367		23G1A05	9.8	1	0.031	2025-10-31
A24	0	0.00449873813594128	0	4.16605221882639	2.6178979156874	0.775489302793427	0.7762	0.00188627695982027		23G1A05	10.1	1	0.0224	2025-10-31
A3	0	0.00911964100764632	0	13.1060444239029	7.40031452207693	1.31767421081122	1.3139875	0.00236591737124065		23G1A05	3.8	1	0.0398	2025-10-31
A4	0	0.00809796240348601	0	16.8740139423318	6.70327962181776	1.64142358372218	1.6366125	0.00188660678971825		23G1A05	4.1	1	0.0534	2025-10-31
A5	0	0.0063473782981517	0	6.18366631646373	2.74763165583953	1.50814431982067	1.507625	0.00133847598231449		23G1A05	4.4	1	0.0386	2025-10-31
A6	0	0.00396906885551428	0	7.4350393230628	2.59428683061276	1.325483325014	1.3289125	0.00227549339264439		23G1A05	4.7	1	0.0374	2025-10-31
A7	0	0.00701913063033332	0	5.27170040393837	2.70159092334381	1.43598459238656	1.436025	0.00135790586755342		23G1A05	5	1	0.0365	2025-10-31
A8	0	0.00530106338461571	0	5.01361150107868	2.18626434952641	1.33273061587861	1.3340125	0.00228327888421769		23G1A05	5.3	1	0.0375	2025-10-31
A9	0	0.000662467359225765	0	7.58161546217563	1.30422025367055	1.53856309870078	1.5347875	0.00269100217395761		23G1A05	5.6	1	0.0438	2025-10-31
B1	0	0.0107737854387945	0	3199.7189164475	162.339750475583	0.576590947851242	0.5741375	0.00215025051343361		23G2A04	3.2	1	0.0169	2025-10-31
B10	0	0.00715290831669637	0	7.98883434596416	2.51675875241237	2.85667337477182	2.8585375	0.00388672039858634		23G2A04	5.9	1	0.0817	2025-10-31
B11	0	0.0152337618117138	0	9.50045146235942	4.96088349839488	2.692842028259	2.6976625	0.004808983937344		23G2A04	6.2	1	0.0746	2025-10-31
B12	0	0.0192737901673585	0	9.74768538949781	8.02677848787043	2.22156940728752	2.2133375	0.00372320247992299		23G2A04	6.5	1	0.0669	2025-10-31
B13	0	0.0172552937181695	0	6.86198715619406	4.98446447605773	2.42153073159213	2.41315	0.004088300309325		23G2A04	6.8	1	0.0686	2025-10-31
B14	0	0.0139647704838927	0	2.94344650246154	3.05065128803027	1.79052329829551	1.78625	0.00292707938465925		23G2A04	7.1	1	0.0466	2025-10-31
B15	0	0.0108490068764551	0	3.24007925685506	2.50210813328993	1.63835011449445	1.6359	0.00258144013869523		23G2A04	7.4	1	0.0409	2025-10-31
B16	0	0.0130242901809138	0	2.04155101564971	2.58971654894176	1.57883748824164	1.5757	0.00199012504196912		23G2A04	7.7	1	0.0386	2025-10-31
B17	0	0.0122251704410017	0	1.33781596432755	1.79764751914164	1.4928185063087	1.489725	0.00172964352628806		23G2A04	8	1	0.0354	2025-10-31
B18	0	0.0167501366847684	0	-2.38826629137617	6.07500474231009	1.27653202094318	1.272925	0.00182539802682406	questionable fit	23G2A04	8.3	1	0.0317	2025-10-31
B19	0	0.00882797093150184	0	1.31346776696468	1.43843661753773	1.1708540683073	1.1693625	0.00176276644297239		23G2A04	8.6	1	0.0333	2025-10-31
B2	0	0.0133	0	-6.84672647002823	12.8765521260067	0.283208997295747	0.2635375	0.00109690628785826	questionable fit (k < n0)	23G2A04	3.5	1	0.0133	2025-10-31
B20	0	0.0128282684244907	0	2336.17158287267	122.818454814377	0.71059113098048	0.7086875	0.00154597610145839		23G2A04	8.9	1	0.0176	2025-10-31
B21	0	0.0098645998834241	0	48.1398586606342	39.4827709654539	0.629025042201548	0.6277	0.00140151595331897		23G2A04	9.2	1	0.0165	2025-10-31
B22	0	0	0	0	0	0	0	0	cannot fit data	23G2A04	9.5	1	0.018	2025-10-31
B23	0	0	0	0	0	0	0	0	cannot fit data	23G2A04	9.8	1	0.0164	2025-10-31
B24	0	0.00581234251202363	0	-0.107427196763765	0.079856758309889	0.390108041716086	0.3472875	0.00362495547291245	questionable fit	23G2A04	10.1	1	0.0153	2025-10-31
B3	0	0.027833301561807	0	-27.889009889691	9.10873226381198	1.22097619532268	1.201175	0.0021313832006176	questionable fit (k < n0)	23G2A04	3.8	1	0.0329	2025-10-31
B4	0	0.0134562022117089	0	3.22097332881643	6.44290618035266	1.30203100800052	1.299175	0.000643455264354638		23G2A04	4.1	1	0.0326	2025-10-31
B5	0	0.0164747200621989	0	5.33399137570488	6.08134080123262	1.82813394071916	1.8252875	0.00185472522108524		23G2A04	4.4	1	0.0462	2025-10-31
B6	0	0.0138012758232178	0	8.95611021805338	7.48641332671214	1.61785428400331	1.6152625	0.00140143333361913		23G2A04	4.7	1	0.0431	2025-10-31
B7	0	0.0176846256221144	0	12.5534628427224	7.88220806845549	2.33477590245118	2.327875	0.00256324793165732		23G2A04	5	1	0.0701	2025-10-31
B8	0	0.011829962388463	0	6.88402759363504	3.9005072851644	2.07449901854158	2.070025	0.00265781264686263		23G2A04	5.3	1	0.0589	2025-10-31
B9	0	0.0027398800893725	0	8.14746760099498	1.74235113827927	2.90824979236786	2.8980875	0.00423858185891062		23G2A04	5.6	1	0.0761	2025-10-31
C1	0	0	0	0	0	0	0	0	cannot fit data	23G2A05	3.2	1	0.0138	2025-10-31
C10	0	0.00769598036511981	0	5.31509608836715	3.43027239174893	1.25216349560051	1.2519375	0.00234914526278976		23G2A05	5.9	1	0.0344	2025-10-31
C11	0	0.0116413453045799	0	4.3706941859468	4.0441263955959	1.5076334817777	1.50735	0.00276792324883917		23G2A05	6.2	1	0.0402	2025-10-31
C12	0	0.00913152670074145	0	5.84245915965269	3.08954088202043	1.77565324371173	1.776275	0.00192357008435253		23G2A05	6.5	1	0.0451	2025-10-31
C13	0	0.00716991105346529	0	2.94564168166808	1.72367750278449	1.36489631932636	1.364675	0.00248412568273401		23G2A05	6.8	1	0.0405	2025-10-31
C14	0	0.00889752400251798	0	0.9505253788884	1.50479007963549	1.04722704224295	1.046575	0.00437613172508415		23G2A05	7.1	1	0.0319	2025-10-31
C15	0	0.0111619681659107	0	1.37976428090081	3.39255873013926	1.14398544845816	1.1412125	0.00192236677627394		23G2A05	7.4	1	0.0278	2025-10-31
C16	0	0.0134957072408997	0	0.989917966220677	4.29517385897186	1.27267538990492	1.2701	0.00166186749677515		23G2A05	7.7	1	0.037	2025-10-31
C17	0	0.00726435750001043	0	0.624699675582122	0.865713338995895	0.904110980245308	0.90295	0.00263897724627835		23G2A05	8	1	0.0314	2025-10-31
C18	0	0.0130842754663774	0	-2.29156205799987	10.9820644668686	0.950961258712952	0.9487625	0.00189224733491313	questionable fit	23G2A05	8.3	1	0.0281	2025-10-31
C19	0	0	0	0	0	0	0	0	cannot fit data	23G2A05	8.6	1	0.0306	2025-10-31
C2	0	0	0	0	0	0	0	0	cannot fit data	23G2A05	3.5	1	0.0141	2025-10-31
C20	0	0.0100490271501009	0	15.888476899349	26.8654480422504	0.669178934690502	0.6671875	0.00164678397357872		23G2A05	8.9	1	0.0191	2025-10-31
C21	0	0.00159470519378776	0	1.96021775665748	0.850476037589959	0.435948468814049	0.43615	0.00234839302686826		23G2A05	9.2	1	0.016	2025-10-31
C22	0	0	0	0	0	0	0	0	cannot fit data	23G2A05	9.5	1	0.0189	2025-10-31
C23	0	0.0112397301425619	0	-5.75610524496263	5.936867522125	0.298680244272135	0.28935	0.00244188033171295	questionable fit (k < n0)	23G2A05	9.8	1	0.0123	2025-10-31
C24	0	0.00348129418318945	0	-0.0368484454906916	0.0628487084759082	0.279289943860557	0.2663875	0.00364604368570745	questionable fit	23G2A05	10.1	1	0.0139	2025-10-31
C3	0	0.0127562549688194	0	5.81877823745888	5.17589165377247	1.60575082203904	1.60335	0.00103093725317748		23G2A05	3.8	1	0.0414	2025-10-31
C4	0	0.0108381865540021	0	10.1747783664217	6.97616075807385	1.42709268877175	1.4261125	0.00177594669313913		23G2A05	4.1	1	0.0389	2025-10-31
C5	0	0.0140163112908275	0	7.64862847874173	10.92201858119	1.25646721442255	1.2541875	0.0017139511734523		23G2A05	4.4	1	0.034	2025-10-31
C6	0	0.0079856182851289	0	2.03306052731491	2.80965911185499	0.936816353458993	0.93455	0.00111952586122609		23G2A05	4.7	1	0.0245	2025-10-31
C7	0	0.0109763282994756	0	-1.81124913799563	4.42651220193455	0.858529884241204	0.856624999999999	0.00146333924614774	questionable fit	23G2A05	5	1	0.0205	2025-10-31
C8	0	0.00684424622097175	0	1.40540282593582	1.42377343336346	0.937987733667975	0.9374625	0.0038440889316273		23G2A05	5.3	1	0.028	2025-10-31
C9	0	0.00141863765533554	0	0.60081081615432	0.158964992849279	0.994480332405385	0.9154	0.00723067720140643		23G2A05	5.6	1	0.0282	2025-10-31
D1	0	0	0	0	0	0	0	0	cannot fit data	23G3B09	3.2	1	0.0132	2025-10-31
D10	0	0.00419556788004711	0	8.69944632571248	4.35678377195297	0.797958812892306	0.797749999999999	0.00166410553320479		23G3B09	5.9	1	0.0243	2025-10-31
D11	0	0.00687314174856931	0	10.7453236190397	5.44032864957201	1.21149747318162	1.214225	0.00233182250289066		23G3B09	6.2	1	0.0355	2025-10-31
D12	0	0.00593354808710131	0	8.48801570111687	3.32099741792387	1.59051839011425	1.5944	0.0026222301916355		23G3B09	6.5	1	0.0437	2025-10-31
D13	0	0.00618943194533167	0	5.7794103822285	2.7500454500611	1.36217679317622	1.3640625	0.002110865430779		23G3B09	6.8	1	0.0355	2025-10-31
D14	0	0.00766578428249363	0	1.06102425563602	1.68802938414766	0.896306375254777	0.8952	0.00261988063420653		23G3B09	7.1	1	0.0317	2025-10-31
D15	0	0.000377218962422088	0	0.203980206695362	0.0465406141938644	0.395793294627301	0.3955625	0.0023421804347003		23G3B09	7.4	1	0.0164	2025-10-31
D16	0	0.0131987727711462	0	-19.4183284558011	18.1945430851485	0.435721130004208	0.4128	0.00306726202675667	questionable fit (k < n0)	23G3B09	7.7	1	0.0288	2025-10-31
D17	0	0.00866638927326696	0	-20.3520202357656	19.905822572015	0.285550135228381	0.2683	0.00142540398070342	questionable fit (k < n0)	23G3B09	8	1	0.0098	2025-10-31
D18	0	0	0	0	0	0	0	0	cannot fit data	23G3B09	8.3	1	0.0161	2025-10-31
D19	0	0.00473123513248744	0	-0.0860532330123933	1.27594389616914	0.43426853861104	0.4333125	0.00202708921577779	questionable fit	23G3B09	8.6	1	0.0146	2025-10-31
D2	0	0.0058	0	-1.89009356024691	105588.202585651	0.0359278617882917	0.0243375	0.000608322745104084	questionable fit (k < n0)	23G3B09	3.5	1	0.0058	2025-10-31
D20	0	0	0	0	0	0	0	0	cannot fit data	23G3B09	8.9	1	0.0165	2025-10-31
D21	0	0.00248108503820571	0	22.2472492033712	9.70091388598877	0.371779131827844	0.3726	0.000935015704362358		23G3B09	9.2	1	0.0121	2025-10-31
D22	0	0.0162755413429164	0	-21.3407268543937	21.4842553653308	0.537455151507106	0.519437499999999	0.00306102473766432	questionable fit (k < n0)	23G3B09	9.5	1	0.0212	2025-10-31
D23	0	0.0000000000000247016508061521	0	33.7306506536155	0.882845333596659	0.11338217251683	0.15725	0.00223814519409045		23G3B09	9.8	1	0.00789999999999999	2025-10-31
D24	0	0.00000000000202141667640442	0	40.2546648152882	1.34816028060472	0.0157023976028965	0.0254375	0.000917066662683048		23G3B09	10.1	1	0.00609999999999999	2025-10-31
D3	0	0.00564042160930563	0	32.3939552618566	15.2933234936624	0.602824100582682	0.6030375	0.00258856337752178		23G3B09	3.8	1	0.0188	2025-10-31
D4	0	0.000515137900767633	0	23.0892193306218	3.67680625351971	1.01704281715728	1.0537	0.00267001866513134		23G3B09	4.1	1	0.0394	2025-10-31
D5	0	0.00372965977980837	0	14.3003740240318	4.8549037854987	1.07447717125147	1.0808125	0.0027476918203846		23G3B09	4.4	1	0.0342	2025-10-31
D6	0	0.00134686684667616	0	12.5141719086692	2.94891250812785	0.952721498857688	0.9622625	0.00178858697636313		23G3B09	4.7	1	0.0272	2025-10-31
D7	0	0.000931111765913214	0	0.642815734304104	0.183414005250093	0.546647495021878	0.5341125	0.00275342530412315		23G3B09	5	1	0.0158	2025-10-31
D8	0	0.0034590988543196	0	0.932275808540283	1.210196682595	0.434847469248889	0.4347625	0.00372268515085203		23G3B09	5.3	1	0.0171	2025-10-31
D9	0	0.00159536351492217	0	7.41033520841969	2.08352514115222	0.825782967009656	0.8215125	0.0022592306430341		23G3B09	5.6	1	0.024	2025-10-31
E1	0	0.0181745146605645	0	-14.8820278256576	4.64722545877952	0.793318117305761	0.7772	0.000671414937216269	questionable fit (k < n0)	23G4A10	3.2	1	0.0192	2025-10-31
E10	0	0.00563129528391981	0	6.81371812455337	2.75786620804444	1.50056359603678	1.5041375	0.00453535940051706		23G4A10	5.9	1	0.0465	2025-10-31
E11	0	0.00971525001886563	0	7.1923632720879	3.53359405997506	1.9765492127545	1.9809875	0.00447692005852947		23G4A10	6.2	1	0.0565	2025-10-31
E12	0	0.0105293815957359	0	6.7278643757886	3.18512662682258	2.27116679837111	2.2743875	0.0038520632588037		23G4A10	6.5	1	0.0606	2025-10-31
E13	0	0.0137264448783207	0	2.04414759436154	2.86176034761846	1.6017894387688	1.599325	0.00173426410515798		23G4A10	6.8	1	0.0387	2025-10-31
E14	0	0.0107514629748926	0	1.44309691679648	1.70874439992501	1.37259558568517	1.371075	0.00220818802851914		23G4A10	7.1	1	0.0387	2025-10-31
E15	0	0.0109199070025094	0	0.349017482468232	0.636252110051521	1.27391921356952	1.2726375	0.0041184524421763		23G4A10	7.4	1	0.0361	2025-10-31
E16	0	0.010277872435326	0	0.931756533545908	1.48722839832571	1.20780871488954	1.206	0.0035600313633521		23G4A10	7.7	1	0.0364	2025-10-31
E17	0	0.0113473121179151	0	0.12721909811922	0.539524677601743	1.17602057861538	1.174	0.00377023597446725		23G4A10	8	1	0.0353	2025-10-31
E18	0	0.00851176972208382	0	0.387463065883948	0.353694394463924	1.27135710502088	1.2396875	0.00505958145832178		23G4A10	8.3	1	0.0357	2025-10-31
E19	0	0.00675799797889338	0	1.11929178404244	1.50801897725045	0.831973135239897	0.8318	0.00423850936172835		23G4A10	8.6	1	0.0291	2025-10-31
E2	0	0.00335436768902738	0	-117.475587031359	260.657507781043	0.139404506734433	0.11625	0.00314617594333751	questionable fit (k < n0)	23G4A10	3.5	1	0.0123	2025-10-31
E20	0	0.00826089982962697	0	0.0834931331192373	0.349003158584318	0.861093448632725	0.85985	0.00380841999727836		23G4A10	8.9	1	0.027	2025-10-31
E21	0	0.0112223760320018	0	13.6616172645262	17.2710270174084	0.880416076359025	0.879475	0.00480356850214786		23G4A10	9.2	1	0.027	2025-10-31
E22	0	0.00917998467238324	0	0.514929646769623	1.03512509598382	1.03801501063739	1.0368	0.00374740340424181		23G4A10	9.5	1	0.0312	2025-10-31
E23	0	0	0	0	0	0	0	0	cannot fit data	23G4A10	9.8	1	0.0239	2025-10-31
E24	0	0.0144984854767664	0	-0.378679058331939	0.260753307232524	0.445011614096493	0.3993375	0.0060918478502486	questionable fit (k < n0)	23G4A10	10.1	1	0.0183	2025-10-31
E3	0	0.0108372369647688	0	1830.26452906752	92.5494649388975	0.629081202136968	0.6271375	0.00345407918417646		23G4A10	3.8	1	0.0163	2025-10-31
E4	0	0.00443643251716938	0	387.814577485882	15.6101139066262	0.749488154398117	0.760725	0.00318758776772		23G4A10	4.1	1	0.0346	2025-10-31
E5	0	0.0130785606357089	0	878.622006185775	42.094573551687	0.962251846685222	0.9615875	0.00645894540083862		23G4A10	4.4	1	0.0421	2025-10-31
E6	0	0.0104238736267242	0	14.7345370785709	10.3472166692989	1.16120458047012	1.1596625	0.00136058200210446		23G4A10	4.7	1	0.035	2025-10-31
E7	0	0.0222922138076359	0	-5.62680743207656	8.00628513069547	1.53943956932324	1.53565	0.00406559921203555	questionable fit	23G4A10	5	1	0.0419	2025-10-31
E8	0	0.00760172562808099	0	3.91352747933571	2.71245889757866	1.21718177495926	1.217425	0.00335047579511433		23G4A10	5.3	1	0.0343	2025-10-31
E9	0	0.00299359262482229	0	7.93348747069229	2.23212372833972	1.52650562308491	1.5199875	0.00600069293236637		23G4A10	5.6	1	0.0479	2025-10-31
F1	0.0867608676005303	0.0342393867303414	2.61352924997785	0.163704157950505	0.265215007854157	4.15098400780572	4.15193750000001	0.0841689183138848		23G4A02	3.2	1	0.212	2025-10-31
F10	0.0993221830793238	0.0145689106449771	0.119291294819476	14.7609639961665	5.81054285318042	3.20441731043881	3.189	0.00547046053625592		23G4A02	5.9	1	0.1069	2025-10-31
F11	0.101068942347737	0.0145054689662257	0.133936813250441	13.3372756108398	5.17518047307777	3.41364783323164	3.40785	0.00468085435530735		23G4A02	6.2	1	0.109	2025-10-31
F12	0.140624401197982	0.0173954392475532	0.0936034809103525	20.9162738986207	7.40514320427675	3.75087211514073	3.746	0.000901988132935795		23G4A02	6.5	1	0.1315	2025-10-31
F13	0.0986757060550484	0.022795462306818	0.0653683093866806	18.3972153189893	10.603718943681	2.74540525549532	2.736675	0.00438494939717039		23G4A02	6.8	1	0.0898	2025-10-31
F14	0	0.0117470243919582	0	1.68947296166395	1.58844392585623	1.65579738551963	1.6551	0.00660602657150278		23G4A02	7.1	1	0.0472	2025-10-31
F15	0	0.0110483693243868	0	1.60922978372838	1.81818363009576	1.42971684115055	1.42865	0.00247769258457131		23G4A02	7.4	1	0.0379	2025-10-31
F16	0	0.0126677613451731	0	-0.419354235335512	2.26603650528216	1.09853552750543	1.09575	0.00109494493728304	questionable fit	23G4A02	7.7	1	0.0262	2025-10-31
F17	0	0.0112058055515513	0	0.625658723453021	1.95867292063329	1.15644277239357	1.1541	0.000935671877164252		23G4A02	8	1	0.028	2025-10-31
F18	0	0.015646151924172	0	1915.36832268423	118.215897191009	0.87149399860262	0.8690375	0.00119919532967265		23G4A02	8.3	1	0.0222	2025-10-31
F19	0	0.00456805107640659	0	2.17624976893089	1.23809161689521	0.911934462154371	0.91145	0.00173988730698129		23G4A02	8.6	1	0.025	2025-10-31
F2	0	0	0	0	0	0	0	0	cannot fit data	23G4A02	3.5	1	0.0141	2025-10-31
F20	0	0.00991081074925385	0	2393.01840251079	117.25263667459	0.552706922883415	0.5508875	0.00128446188483196		23G4A02	8.9	1	0.0145	2025-10-31
F21	0	0.00805118118325703	0	3.20519077370746	5.0093940383228	0.853210994333676	0.851075	0.00103241091568296		23G4A02	9.2	1	0.023	2025-10-31
F22	0	0.00858094445005372	0	-0.629806779838878	1.97680844994926	0.719279221051433	0.71745	0.0027708120506124	questionable fit	23G4A02	9.5	1	0.0225	2025-10-31
F23	0	0.0116903420336852	0	-0.886770299919664	4.7000643079371	0.964233236852487	0.9620375	0.00137501505223913	questionable fit	23G4A02	9.8	1	0.0248	2025-10-31
F24	0	0	0	0	0	0	0	0	cannot fit data	23G4A02	10.1	1	0.0074	2025-10-31
F3	0	0.0152333638256932	0	16.674301511953	7.87794436272861	2.42709401555567	2.4234	0.0017819668575899		23G4A02	3.8	1	0.0765	2025-10-31
F4	0.0923416407512114	0.0124401330921593	0.102906292625551	18.0734033700558	6.73571229586634	2.6916015818914	2.6902	0.00223900713652395		23G4A02	4.1	1	0.0956	2025-10-31
F5	0.103958685914844	0.0172746752222366	0.0985151078374614	16.3734061920264	7.03594804670527	3.161773102072	3.155825	0.00142267731252629		23G4A02	4.4	1	0.1025	2025-10-31
F6	0.103650944434145	0.0155266625468616	0.098906027646164	17.5539291504354	7.00813890776887	3.05579679261107	3.0477875	0.0017922443356168		23G4A02	4.7	1	0.1024	2025-10-31
F7	0.119628875432679	0.0197717160338181	0.0890133492409937	18.1937691294197	7.78700258411046	3.43669929506888	3.424275	0.00348454620446632		23G4A02	5	1	0.1165	2025-10-31
F8	0.120764708063424	0.0196662465783189	0.0873311312934881	18.7469358214307	7.93699990248071	3.41282987558208	3.3961875	0.00558082080630041		23G4A02	5.3	1	0.1203	2025-10-31
F9	0.103221800915187	0.013071435487481	0.122180068988853	15.8049481134791	5.67316082153453	3.24544085200674	3.2176125	0.00686577461033549		23G4A02	5.6	1	0.1091	2025-10-31
G1	0	0.02	0	-6.28277684061153	2.8761701931141	0.76799874237904	0.752375	0.00132044349831186	questionable fit (k < n0)	23G4B06	3.2	1	0.02	2025-10-31
G10	0	0.00838318468959794	0	5.40286304699984	2.83295036296991	1.66595236184842	1.6676125	0.0053351689000431		23G4B06	5.9	1	0.0533	2025-10-31
G11	0	0.0175179227373566	0	2.15836635626484	5.3662032792666	1.69585770469747	1.69295	0.00234758668934667		23G4B06	6.2	1	0.0431	2025-10-31
G12	0	0.0118322977832282	0	5.32545538905763	3.49487970987062	1.8970631859611	1.897025	0.00266528112073803		23G4B06	6.5	1	0.0491	2025-10-31
G13	0	0.00802772712453724	0	2.76844142430666	1.66781098026342	1.49510101545577	1.4948375	0.00320303838462259		23G4B06	6.8	1	0.0396	2025-10-31
G14	0	0.00870922832132122	0	2.98524457549203	1.74550233481384	1.65732456798273	1.6579	0.00383599449802159		23G4B06	7.1	1	0.0492	2025-10-31
G15	0	0.00505529910362685	0	0.540391838395262	0.358713123054064	0.922425469989761	0.922475	0.00702653736549412		23G4B06	7.4	1	0.0377	2025-10-31
G16	0	0.0122214504327219	0	1.25354583879695	1.48035041376236	1.57334219293085	1.5727875	0.00599164769129029		23G4B06	7.7	1	0.0475	2025-10-31
G17	0	0.00563954431975461	0	0.188074704964722	0.199476132588044	0.789270062386881	0.78895	0.00689723120734661		23G4B06	8	1	0.0341	2025-10-31
G18	0	0.0090005159298097	0	0.870965553647216	0.780149264353017	1.33737058464368	1.3363625	0.00562947560203686		23G4B06	8.3	1	0.0398	2025-10-31
G19	0	0.00521280155563074	0	0.138970601237191	0.228100285784171	0.630524509395883	0.63045	0.00696835504711202		23G4B06	8.6	1	0.0358	2025-10-31
G2	0	0.0112	0	-5.30138599236413	203.937044230493	0.140931426470835	0.10885	0.00234062124640104	questionable fit (k < n0)	23G4B06	3.5	1	0.0112	2025-10-31
G20	0	0.0055376010340579	0	1.08948312135542	0.846068286939832	0.889795410298409	0.8899125	0.00502771746675241		23G4B06	8.9	1	0.0306	2025-10-31
G21	0	0.0181385664781333	0	-10.8005704209964	8.78865273753597	0.573362330889619	0.508625	0.00411734627602035	questionable fit (k < n0)	23G4B06	9.2	1	0.0273	2025-10-31
G22	0	0.00911025873211534	0	-0.0855524775356739	1.39825333846589	0.835797532965084	0.835275	0.00553251046746397	questionable fit	23G4B06	9.5	1	0.0305	2025-10-31
G23	0	0.0211934187523901	0	-11.1071136261709	25.0906683083955	0.495917620101009	0.4382875	0.00603760166468193	questionable fit (k < n0)	23G4B06	9.8	1	0.0275	2025-10-31
G24	0	0.000347654964200276	0	0.118018974914445	0.0250185152324627	0.456413109325728	0.455725	0.00345432427318573		23G4B06	10.1	1	0.0176	2025-10-31
G3	0	0.018506679492255	0	1822.13363604024	83.5785578848018	1.09663628510348	1.0934625	0.00236213722693454		23G4B06	3.8	1	0.0298	2025-10-31
G4	0	0.0150802536660231	0	1.84400183178237	9.68520947405938	1.22886470640791	1.226	0.00125466686530508		23G4B06	4.1	1	0.032	2025-10-31
G5	0	0.0165849602450357	0	1355.52861116202	57.93744568231	1.08137680501004	1.0789	0.00319065886470653		23G4B06	4.4	1	0.0337	2025-10-31
G6	0	0.0137601279476534	0	23.0065886318719	11.81805745038	1.65444509970415	1.6523125	0.000825707120026975		23G4B06	4.7	1	0.0551	2025-10-31
G7	0	0.0132022253380245	0	-0.85800237924435	1.97393829403836	1.07092541115094	1.068425	0.00218695663743491	questionable fit	23G4B06	5	1	0.027	2025-10-31
G8	0	0.00890198732887649	0	4.71051756389293	2.85290743383182	1.56113563340539	1.5615125	0.00348398812055491		23G4B06	5.3	1	0.0435	2025-10-31
G9	0	0.00169773894817772	0	5.53431252514562	1.35676286831123	1.29325136633592	1.28505	0.00410837848534761		23G4B06	5.6	1	0.0365	2025-10-31
H1	0	0.0165142176140456	0	1.23557014981404	3.37050728658332	1.6699859443582	1.6669375	0.00180422680545754		28G1A07	3.2	1	0.0424	2025-10-31
H10	0	0.000705376497623123	0	28.127621342162	6.28295065071147	0.338304276585322	0.347825	0.00131118932946261		28G1A07	5.9	1	0.0139	2025-10-31
H11	0	0.00163116703759112	0	28.9046568498692	7.91780094412879	0.450190920173749	0.456925	0.0015207930566191		28G1A07	6.2	1	0.0173	2025-10-31
H12	0	0.00300918107122446	0	542.02055212935	21.8009884285716	0.343527178391017	0.3445625	0.000967816287901792		28G1A07	6.5	1	0.0147	2025-10-31
H13	0	0.00531913949188379	0	-14.166936062794	60.2477160247231	0.123747851971503	0.102	0.00185228267791695	questionable fit (k < n0)	28G1A07	6.8	1	0.0066	2025-10-31
H14	0	0.0082	0	-12.8081283712498	40.8999069610874	0.189909140686235	0.161875	0.00251142835863165	questionable fit (k < n0)	28G1A07	7.1	1	0.0082	2025-10-31
H15	0	0.00728042924187866	0	-13.5796779344964	24.7915892963024	0.189548485029103	0.1630625	0.00238782192890602	questionable fit (k < n0)	28G1A07	7.4	1	0.0088	2025-10-31
H16	0	0.008602318398737	0	-10.7424763490829	156.382074341767	0.163516063533651	0.1353875	0.00218285963732747	questionable fit (k < n0)	28G1A07	7.7	1	0.0098	2025-10-31
H17	0	0.00691402663109028	0	-11.1632559590903	22.6609658269955	0.165892615739207	0.1437	0.00182503447213309	questionable fit (k < n0)	28G1A07	8	1	0.00850000000000001	2025-10-31
H18	0	0.00154645020934977	0	-635.307604510336	730.689409277046	0.0725794767662974	0.0669	0.00173395189317985	questionable fit (k < n0)	28G1A07	8.3	1	0.0067	2025-10-31
H19	0	0	0	0	0	0	0	0	cannot fit data	28G1A07	8.6	1	0.0076	2025-10-31
H2	0	0.00220000000000001	0	-0.284780020447165	24795.3813037626	0.00321899931212936	0.001575	0.000154754083569538	questionable fit (k < n0)	28G1A07	3.5	1	0.00220000000000001	2025-10-31
H20	0	0.00399999999999999	0	-1.654964558434	83065.273429932	0.0225439968484779	0.0144375	0.000485056175359032	questionable fit (k < n0)	28G1A07	8.9	1	0.00399999999999999	2025-10-31
H21	0	0	0	0	0	0	0	0	cannot fit data	28G1A07	9.2	1	0.0021	2025-10-31
H22	0	0.00858349327958122	0	-5.71433709945866	479372.947155658	0.110087408886623	0.0926375	0.00172854544900167	questionable fit (k < n0)	28G1A07	9.5	1	0.00879999999999999	2025-10-31
H23	0	0.0112	0	-4.38105957281987	6.15075334230259	0.24674027642118	0.2432375	0.00243484558304073	questionable fit (k < n0)	28G1A07	9.8	1	0.0112	2025-10-31
H24	0	0.000000000012093894135304	0	30.7628773597156	1.07023522401017	0.094809289112277	0.1061	0.00100588878514022		28G1A07	10.1	1	0.0067	2025-10-31
H3	0	0.00789999999999999	0	-5.52063268970839	235599.55758205	0.0992349198658228	0.0801124999999999	0.00181758916915595	questionable fit (k < n0)	28G1A07	3.8	1	0.00789999999999999	2025-10-31
H4	0	0.0052	0	-3.74316293703917	97276.158830885	0.0511983175985935	0.038	0.00100669463070662	questionable fit (k < n0)	28G1A07	4.1	1	0.0052	2025-10-31
H5	0	0.00810000000000001	0	-4.80065579771019	36.8157944771028	0.107676144414066	0.0889375	0.00180906874623438	questionable fit (k < n0)	28G1A07	4.4	1	0.00810000000000001	2025-10-31
H6	0	0.003585548768279	0	973.261419704535	42.7262228467334	0.262062887835968	0.26265	0.00180501335192017		28G1A07	4.7	1	0.0089	2025-10-31
H7	0	0.00130467406287094	0	494.765691772905	21.3961297495855	0.151660926054971	0.15425	0.00138955590322104		28G1A07	5	1	0.00599999999999999	2025-10-31
H8	0	0.00218258051260199	0	716.930375772822	32.3459920960318	0.18426290376682	0.18475	0.00142655345170133		28G1A07	5.3	1	0.0062	2025-10-31
H9	0	0.000140293981711692	0	33.4783144934246	5.26543096876381	0.182322829040163	0.1957	0.00135128045984659		28G1A07	5.6	1	0.0104	2025-10-31
I1	0	0.0127	0	-6.88194976785196	2.93494802569327	0.501104758229676	0.4743375	0.00138158865042609	questionable fit (k < n0)	28G4A09	3.2	1	0.0127	2025-10-31
I10	0	0.00300272651138117	0	11.6849378639024	3.78212447629081	1.02582730280404	1.0286625	0.00235688686308383		28G4A09	5.9	1	0.0316	2025-10-31
I11	0	0.00482962569606308	0	12.8623839270677	4.67149574206708	1.2879320860493	1.2933375	0.0018646388108341		28G4A09	6.2	1	0.0375	2025-10-31
I12	0	0.00412752095225522	0	14.1875118617472	4.68067632903514	1.26007724763885	1.2617	0.00103787603664628		28G4A09	6.5	1	0.0381	2025-10-31
I13	0	0.00266818540318055	0	7.14554318278313	2.28730660143013	1.05522130364336	1.058925	0.00441022553328744		28G4A09	6.8	1	0.04	2025-10-31
I14	0	0.00486234772859438	0	2.86742720032861	1.86338566881455	0.845773794076121	0.8459	0.00215659319635296		28G4A09	7.1	1	0.0244	2025-10-31
I15	0	0.00287011138437542	0	3.13531224424361	1.38802071796711	0.742057681675137	0.7431625	0.00308283803254119		28G4A09	7.4	1	0.0259	2025-10-31
I16	0	0.00516973890382425	0	3.3694006995661	1.71024820546293	1.12554458583099	1.12565	0.00220153036846088		28G4A09	7.7	1	0.0303	2025-10-31
I17	0	0.00382556638677792	0	1.84860951128711	1.11153519231919	0.731873286453144	0.73165	0.00276015181732897		28G4A09	8	1	0.0238	2025-10-31
I18	0	0.00598723507741398	0	4.19148319899344	2.1293696748274	1.2740499291018	1.27255	0.00153011956081141		28G4A09	8.3	1	0.0318	2025-10-31
I19	0	0.00128847324923762	0	0.228881461468065	0.205566655235856	0.195078577460328	0.194975	0.00290415043897677		28G4A09	8.6	1	0.0108	2025-10-31
I2	0	0.0076	0	-2.5301344991425	108567.458330522	0.057655758204164	0.04095	0.000970860881733299	questionable fit (k < n0)	28G4A09	3.5	1	0.0076	2025-10-31
I20	0	0.003518256523733	0	5.32558515085637	2.6758253041812	0.734988425540036	0.7347125	0.00113341184104765		28G4A09	8.9	1	0.0191	2025-10-31
I21	0	0.0010096942552805	0	3.48236792072232	1.70989479934832	0.227622082155485	0.227075	0.00104902311412573		28G4A09	9.2	1	0.00750000000000001	2025-10-31
I22	0	0.00430980266406401	0	0.97128025512439	1.29867113872716	0.535261807723888	0.5347875	0.00229947203175859		28G4A09	9.5	1	0.018	2025-10-31
I23	0	0.00156744065222683	0	504.95180600361	21.9166023546534	0.178040048617466	0.181825	0.00242132549570984		28G4A09	9.8	1	0.0086	2025-10-31
I24	0	0.0104071520743275	0	-8.30235863742454	11.3904069892235	0.683497736758956	0.681975	0.00140506972697892	questionable fit	28G4A09	10.1	1	0.0172	2025-10-31
I3	0	0.00596479050526395	0	783.474049555617	34.7590688546632	0.482999567138148	0.483975	0.00249246895621533		28G4A09	3.8	1	0.0164	2025-10-31
I4	0	0.00239952773530107	0	36.0585609993415	8.97519759573892	0.645502943518391	0.6537375	0.00208157562814854		28G4A09	4.1	1	0.0284	2025-10-31
I5	0	0.00457689633120082	0	26.7630663233483	7.34105697894627	1.35701017217823	1.3687625	0.0027791902287695		28G4A09	4.4	1	0.0534	2025-10-31
I6	0	0.00308581008384094	0	22.7904954987342	5.70532251773433	1.32127421181686	1.3304875	0.001666441598409		28G4A09	4.7	1	0.0497	2025-10-31
I7	0	0.0029381354983805	0	14.2348874636274	4.11892768034978	1.17734374008978	1.181175	0.00101493096090978		28G4A09	5	1	0.035	2025-10-31
I8	0	0.00317615995779631	0	9.38869341203875	3.12368951799097	1.09814849029109	1.100625	0.00172669683189059		28G4A09	5.3	1	0.0302	2025-10-31
I9	0	0.0020802875227962	0	12.2822275193705	3.51134858027381	0.907931481191844	0.9058875	0.00176321684603448		28G4A09	5.6	1	0.0268	2025-10-31
J1	0	0.0154	0	-3.98985638795484	1.45444030003891	0.635862675843736	0.613	0.00110189913398149	questionable fit (k < n0)	35G4B10	3.2	1	0.0154	2025-10-31
J10	0	0.00831409003295195	0	-0.223761872768457	0.315578732484534	0.642964345526298	0.613125	0.00191845939302011	questionable fit	35G4B10	5.9	1	0.0156	2025-10-31
J11	0	0.00723209252662112	0	5.69684189008737	7.02344379702754	0.758688790163183	0.7593125	0.00245583772010407		35G4B10	6.2	1	0.0212	2025-10-31
J12	0	0.0119241689170234	0	11.6302767683778	11.2594489275026	1.15259136086257	1.150675	0.00108598768058207		35G4B10	6.5	1	0.0323	2025-10-31
J13	0	0.00961582848762252	0	11.7533882062618	8.15412378990037	1.18904223008493	1.186675	0.00125371743857829		35G4B10	6.8	1	0.034	2025-10-31
J14	0	0.00952707967763119	0	-1.07836128401175	7.22527210577499	0.753548597023743	0.7512625	0.00115551585738989	questionable fit	35G4B10	7.1	1	0.0197	2025-10-31
J15	0	0.00800044169262799	0	0.351337818350712	2.53997914493426	0.764331491366476	0.7632875	0.00118743163299645		35G4B10	7.4	1	0.0206	2025-10-31
J16	0	0	0	0	0	0	0	0	cannot fit data	35G4B10	7.7	1	0.0204	2025-10-31
J17	0	0	0	0	0	0	0	0	cannot fit data	35G4B10	8	1	0.0176	2025-10-31
J18	0	0.0135967309121321	0	-9.77679330498959	5.40039416143527	0.808141206130315	0.80585	0.000928802126141636	questionable fit	35G4B10	8.3	1	0.0186	2025-10-31
J19	0	0.0121612790626568	0	-18.8616378436474	21.1869957011133	0.382429329543239	0.358975	0.00241301713240662	questionable fit (k < n0)	35G4B10	8.6	1	0.0145	2025-10-31
J2	0	0.0119	0	-2.65187496214272	136693.228929679	0.0932123144735248	0.0676375	0.00142640891827914	questionable fit (k < n0)	35G4B10	3.5	1	0.0119	2025-10-31
J20	0	0.0108652308948294	0	-11.3316529794675	15.1301530398701	0.292403237087919	0.2663	0.0015813166772311	questionable fit (k < n0)	35G4B10	8.9	1	0.0135	2025-10-31
J21	0	0	0	0	0	0	0	0	cannot fit data	35G4B10	9.2	1	0.00990000000000001	2025-10-31
J22	0	0.014	0	-12.8532468667237	23.6133794035402	0.358257146543532	0.3404375	0.00235192616510394	questionable fit (k < n0)	35G4B10	9.5	1	0.014	2025-10-31
J23	0	0.00570231937372463	0	2120.56770077039	112.005977503166	0.320240401778689	0.3183375	0.00298180837389743		35G4B10	9.8	1	0.0125	2025-10-31
J24	0	0.00176193481987457	0	14.5526005847236	7.70973231652158	0.260972722063994	0.2631375	0.00206501882175325		35G4B10	10.1	1	0.0083	2025-10-31
J3	0	0	0	0	0	0	0	0	cannot fit data	35G4B10	3.8	1	0.0136	2025-10-31
J4	0	0.00617279905766531	0	1744.45576948583	84.2834932533488	0.365125509553668	0.3634375	0.00226496048986642		35G4B10	4.1	1	0.0123	2025-10-31
J5	0	0.00567374809976411	0	27.7311087924276	8.96651177450822	1.16009252634804	1.1663875	0.00255045524068407		35G4B10	4.4	1	0.0429	2025-10-31
J6	0	0.00472964818077352	0	25.0327094175204	7.41840178873817	1.25544156959182	1.262275	0.00187075656943769		35G4B10	4.7	1	0.0474	2025-10-31
J7	0	0.00565317180241333	0	16.8968951807538	6.27612279771705	1.27758960669558	1.281325	0.00151257538414586		35G4B10	5	1	0.0402	2025-10-31
J8	0	0.00687517912537749	0	5.62045484221074	4.3509797009006	0.958650007200275	0.95885	0.00173022481263159		35G4B10	5.3	1	0.025	2025-10-31
J9	0	0.00200267893645972	0	7.39991618274535	2.55330725178057	0.682982047059821	0.68	0.0025646292662491		35G4B10	5.6	1	0.0195	2025-10-31
K1	0	0.0170654795386228	0	-7.80212182772554	5.84508789298738	0.540198753313687	0.5185875	0.0006409350722204	questionable fit (k < n0)	28G3B02	3.2	1	0.0176	2025-10-31
K10	0	0.00806525549203839	0	0.166435785715591	0.837655982488269	0.818886597947444	0.818125	0.00477191012255916		28G3B02	5.9	1	0.0255	2025-10-31
K11	0	0.00974611904838532	0	1.48169196670046	2.22134510214027	1.13879316828247	1.1375125	0.00287931921810966		28G3B02	6.2	1	0.0302	2025-10-31
K12	0	0.00213957919561318	0	0.545609357001174	0.159068862657005	1.20037053205555	1.1842	0.00353557351207447		28G3B02	6.5	1	0.0303	2025-10-31
K13	0	0.00629324214447462	0	3.80558665342871	1.94864361393525	1.34124866487934	1.340975	0.00313443680353959		28G3B02	6.8	1	0.0437	2025-10-31
K14	0	0.00630261200019854	0	1.20517557932342	1.03962331835612	0.94638646861257	0.9465125	0.00708044047718548		28G3B02	7.1	1	0.0372	2025-10-31
K15	0	0.00697245035703325	0	0.730610650085302	1.07696462462085	0.846982806050337	0.8469	0.00663620995375324		28G3B02	7.4	1	0.0328	2025-10-31
K16	0	0.0106285514119191	0	1.05061161896635	1.93466702409195	1.19320224641038	1.1914875	0.0026381520208284		28G3B02	7.7	1	0.0326	2025-10-31
K17	0	0.0099070968566791	0	0.0423534123673486	0.224231941225582	1.01661676390832	0.955475	0.0056607051537912		28G3B02	8	1	0.0285	2025-10-31
K18	0	0.0144234692421788	0	1.75120574948059	2.65141654900121	1.65907950802838	1.6562	0.00219550406842312		28G3B02	8.3	1	0.0418	2025-10-31
K19	0	0.00161787722502308	0	1.89179792819868	0.582395121804748	0.785424169338639	0.7857875	0.00487497007047596		28G3B02	8.6	1	0.029	2025-10-31
K2	0	0.0104	0	-3.91007836007772	129160.445374384	0.105317714457014	0.07895	0.00191596132761683	questionable fit (k < n0)	28G3B02	3.5	1	0.0104	2025-10-31
K20	0	0.0100221260713618	0	-0.599750925509627	1.66439711946998	0.834699527993363	0.8328	0.00132260736876481	questionable fit	28G3B02	8.9	1	0.0227	2025-10-31
K21	0	0.00673911749636835	0	-1.46679121567372	3.53755936752489	0.53481891019706	0.5327	0.00224975757800879	questionable fit	28G3B02	9.2	1	0.0189	2025-10-31
K22	0	0.0214	0	-0.0915989685064363	0.0713472939985194	0.608535074862418	0.6056625	0.00298321270290351	questionable fit (k < n0)	28G3B02	9.5	1	0.0214	2025-10-31
K23	0	0	0	0	0	0	0	0	cannot fit data	28G3B02	9.8	1	0.0119	2025-10-31
K24	0	0.00855614673270486	0	15.0856886519205	13.1992194602479	0.798359963554653	0.7969	0.00253852970336189		28G3B02	10.1	1	0.0252	2025-10-31
K3	0	0.0348023250461028	0	-9.84238327673628	19.9022240905945	0.804382568766167	0.702825	0.0054039574407575	questionable fit (k < n0)	28G3B02	3.8	1	0.0354	2025-10-31
K4	0	0.00572626306977061	0	0.109754618362894	0.213779159680435	0.666174306455219	0.6411625	0.00322775518048518		28G3B02	4.1	1	0.0198	2025-10-31
K5	0	0.0105246011696227	0	-0.32305830356212	0.886537525051168	0.887586913882369	0.865475	0.00313891218985681	questionable fit	28G3B02	4.4	1	0.024	2025-10-31
K6	0	0.00254513337155704	0	0.459105258716819	0.181783068109107	0.820416261310018	0.8060625	0.00248905918655528		28G3B02	4.7	1	0.0209	2025-10-31
K7	0	0.00143884999464078	0	0.61140417707634	0.170566960900932	0.889533117501768	0.8771125	0.0033199377810696		28G3B02	5	1	0.024	2025-10-31
K8	0	0.00648430343396773	0	1.73395774763408	1.39956941843067	0.996887237450124	0.9965875	0.00415019516109229		28G3B02	5.3	1	0.0308	2025-10-31
K9	0	0.0129786224466832	0	-0.0908405951085631	0.149660271976364	1.03395090355973	0.9550625	0.00797217026001662	questionable fit	28G3B02	5.6	1	0.0303	2025-10-31
L1	0	0	0	0	0	0	0	0	cannot fit data	35D02	3.2	1	0.0181	2025-10-31
L10	0	0.00922349363896173	0	7.52120406416347	3.03554388296288	2.42130672706201	2.420625	0.00258499204826291		35D02	5.9	1	0.0695	2025-10-31
L11	0	0.00854729886025549	0	5.49503873034852	2.23212284196517	2.34597689400437	2.3468375	0.00257423866050161		35D02	6.2	1	0.06	2025-10-31
L12	0	0.00819237287896945	0	5.79289895926688	2.17624686529064	2.51837737794792	2.52165	0.00393561362082552		35D02	6.5	1	0.0688	2025-10-31
L13	0	0.00732022517551658	0	2.47951354362207	1.34566658079394	1.51900171703924	1.518725	0.0023144046780022		35D02	6.8	1	0.0402	2025-10-31
L14	0	0.00863032613978949	0	2.68496238986448	1.27774295188065	2.06073079019269	2.0614875	0.00487916723633992		35D02	7.1	1	0.0555	2025-10-31
L15	0	0.00352088514220726	0	3.14215991520255	1.04644676505531	1.42452095665	1.426275	0.00456631673305533		35D02	7.4	1	0.0475	2025-10-31
L16	0	0.0107767055376603	0	0.18084815170471	0.436112469270216	1.19844165359257	1.197425	0.0110687552453153		35D02	7.7	1	0.0505	2025-10-31
L17	0	0.00937869711757408	0	1.29759459547465	1.00962514142432	1.4958145919376	1.4950125	0.00727738862652582		35D02	8	1	0.052	2025-10-31
L18	0	0.00586464967742232	0	0.991977022234272	0.476259694242931	1.44527004880753	1.4446875	0.00596320008384664		35D02	8.3	1	0.0482	2025-10-31
L19	0	0.00652356259891791	0	1.12785102791801	1.09184699045759	0.922972524776544	0.9231625	0.00914923622444234		35D02	8.6	1	0.0522	2025-10-31
L2	0	0	0	0	0	0	0	0	cannot fit data	35D02	3.5	1	0.0138	2025-10-31
L20	0	0.00590737789156884	0	1.42466946540412	0.795031123255947	1.22549858034591	1.225525	0.00742313132886648		35D02	8.9	1	0.043	2025-10-31
L21	0	0.00242132111428897	0	2.02820851490269	0.790093028616227	0.77131492490338	0.7718625	0.00795946910028303		35D02	9.2	1	0.0389	2025-10-31
L22	0	0.00719242622621559	0	0.444662204567453	0.855723300149416	0.824441870701188	0.824599999999999	0.010500295199364		35D02	9.5	1	0.0424	2025-10-31
L23	0	0.000028029750178569	0	0.160220644355955	0.017654153564591	0.727822733762722	0.7269125	0.0056957884199686		35D02	9.8	1	0.0277	2025-10-31
L24	0	0	0	0	0	0	0	0	cannot fit data	35D02	10.1	1	0.0205	2025-10-31
L3	0	0.00887942563271229	0	2.28667468629012	1.43209258256723	1.61965802738442	1.6187125	0.00316560724234649		35D02	3.8	1	0.0461	2025-10-31
L4	0	0.011306509192264	0	4.29471837992674	3.06750934386298	1.74801733992021	1.742625	0.0046846109491059		35D02	4.1	1	0.0579	2025-10-31
L5	0.0993143181735643	0.0262862596053483	0.0425174476446847	24.0324251256242	16.302652651037	2.39662082146472	2.3899125	0.00483213165090339		35D02	4.4	1	0.0755	2025-10-31
L6	0	0.0146591282987217	0	14.0466551328407	7.13085039669131	2.31958448581495	2.3141375	0.00192504247851185		35D02	4.7	1	0.0704	2025-10-31
L7	0	0.0482345726180363	0	2609.77066847574	131.713942663708	2.64634440243476	2.6362625	0.0120487093960743		35D02	5	1	0.0836	2025-10-31
L8	0.0978291073195274	0.0178702480535237	0.0869477389893811	17.233053447512	7.97199776114477	2.8762062180627	2.86545	0.00372248861355773		35D02	5.3	1	0.0946	2025-10-31
L9	0	0.00516151645061511	0	8.89350916729526	2.4319987886175	2.74305294353721	2.7262875	0.0057141775859183		35D02	5.6	1	0.0801	2025-10-31
M1	0	0.0132457760200747	0	-51.0106183002565	11.7040998145681	0.617352345397825	0.6092375	0.00072863793778218	questionable fit (k < n0)	Desert-08	3.2	1	0.014	2025-10-31
M10	0	0.00423878016929828	0	20.0804694059305	5.27932600300222	1.76201736241879	1.759825	0.000751598215348262		Desert-08	5.9	1	0.0641	2025-10-31
M11	0.0861349005233892	0.00451818189451158	0.128535711925119	22.5145557261904	5.39264279302977	2.20051919458497	2.2015125	0.00122880606657518		Desert-08	6.2	1	0.0853	2025-10-31
M12	0	0.00737124300317692	0	19.7266766923556	6.79748774870834	1.73451062679058	1.7324125	0.000754651163424443		Desert-08	6.5	1	0.0604	2025-10-31
M13	0	0.00855517488519423	0	16.7447416648394	6.92478840489723	1.63713274571842	1.6333875	0.00138698246436004		Desert-08	6.8	1	0.0539	2025-10-31
M14	0	0.00492123415881031	0	1.20946102488708	1.99392014025986	0.56533113114345	0.564625	0.00123448941585733		Desert-08	7.1	1	0.016	2025-10-31
M15	0	0.00362402805325013	0	0.889959269725932	1.4615219455748	0.423208270625747	0.4229625	0.00242736652713427		Desert-08	7.4	1	0.0153	2025-10-31
M16	0	0.0072968678261336	0	-0.437838273753385	2.37976107733904	0.63156109688561	0.630125	0.00127671361639347	questionable fit	Desert-08	7.7	1	0.018	2025-10-31
M17	0	0.010310285178872	0	0.910279546784457	1.30033378719435	1.25529261950262	1.254	0.00263609179307551		Desert-08	8	1	0.0314	2025-10-31
M18	0	0.0107849355153661	0	0.108480660388515	0.713793368809425	1.07989151772688	1.07795	0.00155937925248626		Desert-08	8.3	1	0.0262	2025-10-31
M19	0	0.000685456872828448	0	1.24200722408653	0.251511210763498	1.01872968169289	1.0068875	0.0043736632076305		Desert-08	8.6	1	0.0301	2025-10-31
M2	0	0.0048	0	-2.71932804330908	217410.343207326	0.0382435390490351	0.02735	0.000695554479951133	questionable fit (k < n0)	Desert-08	3.5	1	0.0048	2025-10-31
M20	0	0.00143671495268362	0	1.28418531109922	0.447302824424363	0.559511018237794	0.5597	0.00260888130246463		Desert-08	8.9	1	0.019	2025-10-31
M21	0	0.00185074033113206	0	3.32347847792849	1.70196233319168	0.399476966448911	0.3991125	0.00137274028148127		Desert-08	9.2	1	0.015	2025-10-31
M22	0	0.0101905595239229	0	5460.22679632261	386.539877451214	0.513032837203847	0.5113875	0.00339939934354166		Desert-08	9.5	1	0.0162	2025-10-31
M23	0.11003450214485	0.0107870053701781	0.0159170041641083	139.427901866642	43.5475905775625	0.740736212224149	0.73945	0.00269224725722814		Desert-08	9.8	1	0.022	2025-10-31
M24	0	0.00931256638227108	0	0.824791507779691	6.92501541526272	0.795334624105468	0.794675	0.00204425684201476		Desert-08	10.1	1	0.0208	2025-10-31
M3	0	0.00325178840943044	0	373.263439709684	14.5251688823767	0.611598586991874	0.6317125	0.00387658281907532		Desert-08	3.8	1	0.0297	2025-10-31
M4	0	0.0033443023212215	0	24.5805301295695	7.39121994123284	0.874271432763598	0.8842375	0.00275274233960535		Desert-08	4.1	1	0.0323	2025-10-31
M5	0	0.00614164928615444	0	16.7632023998734	6.40647752182175	1.32930678499767	1.3329	0.00234842542278401		Desert-08	4.4	1	0.0422	2025-10-31
M6	0	0.00455848224057912	0	17.8895278680167	5.70262047887618	1.32324389805636	1.32545	0.00118025353394379		Desert-08	4.7	1	0.0443	2025-10-31
M7	0	0.00416938302107444	0	18.179199250117	5.21570980768628	1.50136506492718	1.5014125	0.00070654200845179		Desert-08	5	1	0.0503	2025-10-31
M8	0	0.00445698775530151	0	15.9530876506872	5.01594302691709	1.41650043941371	1.4149875	0.00115756243984481		Desert-08	5.3	1	0.045	2025-10-31
M9	0	0.00272999123794136	0	17.1042869348851	3.97232458966292	1.74928831883636	1.7446625	0.00176424576774168		Desert-08	5.6	1	0.0587	2025-10-31
N1	0	0.013	0	-9.62161368005796	11.5568934492171	0.350083910992322	0.3317625	0.000590218508509561	questionable fit (k < n0)	33G1B11	3.2	1	0.013	2025-10-31
N10	0	0.00454960309409762	0	22.9207481179351	7.0079972121036	1.21528247904569	1.220175	0.00154455522911615		33G1B11	5.9	1	0.0433	2025-10-31
N11	0	0.00998884630222581	0	14.3697223896255	7.57812887226013	1.49592151399326	1.4990875	0.00285396675888172		33G1B11	6.2	1	0.0427	2025-10-31
N12	0.0870874727900976	0.00837494245695147	0.0874163061135975	25.6308948743926	7.92926641923305	1.99444126897287	1.9987125	0.00161320725357165		33G1B11	6.5	1	0.0745	2025-10-31
N13	0	0.0103289621471009	0	16.5024156831841	8.42669088717507	1.50288889956897	1.50005	0.00111099886276848		33G1B11	6.8	1	0.0494	2025-10-31
N14	0	0.00911119303359977	0	15.2516482886394	8.29062014799462	1.28248157445197	1.2771	0.00315955982469789		33G1B11	7.1	1	0.041	2025-10-31
N15	0	0.00974383657749497	0	17.1215638444376	13.9509855510989	0.905540793066547	0.9035	0.00230037332309383		33G1B11	7.4	1	0.0286	2025-10-31
N16	0	0.00540555905435152	0	2.10229386020024	1.50558651919097	0.891374240689378	0.8904875	0.00398026646714254		33G1B11	7.7	1	0.0316	2025-10-31
N17	0	0.00921502269217764	0	-2.39155712864213	6.2678289910437	0.701749034018986	0.6999875	0.00144855998025535	questionable fit	33G1B11	8	1	0.0201	2025-10-31
N18	0	0.01411681536724	0	-0.0147513906537263	0.612697922463561	1.33264233825771	1.3010625	0.00566344914229181	questionable fit	33G1B11	8.3	1	0.0365	2025-10-31
N19	0	0.00425592881360961	0	-0.200318199447795	0.644298341922954	0.366276401095221	0.36545	0.00412266248909832	questionable fit	33G1B11	8.6	1	0.0174	2025-10-31
N2	0	0.0082	0	-2.19577979195112	125067.729878259	0.0564195282675632	0.0394	0.000971003166425485	questionable fit (k < n0)	33G1B11	3.5	1	0.0082	2025-10-31
N20	0	0.00334267388748991	0	0.113420775838679	0.210365811658236	0.393004500927344	0.3723375	0.00288233482477283		33G1B11	8.9	1	0.0133	2025-10-31
N21	0	0.00159114486726272	0	38.9473592559188	12.2702824018619	0.249415063545187	0.2503	0.0014142758802316		33G1B11	9.2	1	0.0132	2025-10-31
N22	0	0.00529434449031954	0	1230.88376009024	63.2602750756727	0.336181269496635	0.335875	0.00356515095389978		33G1B11	9.5	1	0.0144	2025-10-31
N23	0	0.00709826195265937	0	66.8425353634711	71.4310279842468	0.396862242385333	0.3949625	0.00236341182193846		33G1B11	9.8	1	0.0125	2025-10-31
N24	0	0	0	0	0	0	0	0	cannot fit data	33G1B11	10.1	1	0.0153	2025-10-31
N3	0	0.00613172429577333	0	24.5392388374754	10.4878411451644	0.885029743472089	0.88685	0.00275907878781617		33G1B11	3.8	1	0.0287	2025-10-31
N4	0	0.00236681527361061	0	363.038719636061	15.1022323115645	0.419556952996483	0.4300375	0.00349751600733634		33G1B11	4.1	1	0.0198	2025-10-31
N5	0	0.0114446248510489	0	514.238926738935	23.6561296640784	1.21292542537237	1.2228625	0.0127164462573466		33G1B11	4.4	1	0.0833	2025-10-31
N6	0	0.00175637360450344	0	34.274552216443	7.56014814891097	0.685218723463819	0.702775	0.00257823227603061		33G1B11	4.7	1	0.0312	2025-10-31
N7	0	0.00647113088854206	0	21.0106130289999	7.48665106006532	1.37543948459821	1.3766	0.00098922315815801		33G1B11	5	1	0.0462	2025-10-31
N8	0	0.00566850930446856	0	28.5259029829732	8.77302424411493	1.24299316822089	1.2417	0.00134506725758086		33G1B11	5.3	1	0.0476	2025-10-31
N9	0	0.00421309317091699	0	17.6427678800237	6.10353781287345	1.0535003768139	1.0491875	0.00206228133719158		33G1B11	5.6	1	0.0347	2025-10-31
O1	0	0.00934188328559566	0	-10.5065164359653	8.19605168441609	0.299095513950437	0.2863375	0.000429091993552584	questionable fit (k < n0)	33G4B08	3.2	1	0.0096	2025-10-31
O10	0	0.00430343150604921	0	553.02130164783	22.336100754288	0.480193639911048	0.48755	0.00363152177608508		33G4B08	5.9	1	0.0215	2025-10-31
O11	0	0.00862658382068562	0	705.034052385073	29.2831350011417	0.776128754696345	0.7773125	0.00223680890043519		33G4B08	6.2	1	0.0293	2025-10-31
O12	0	0.00549625559913585	0	2.37840746909768	2.26304276526869	0.751943684350166	0.75045	0.00200865734737561		33G4B08	6.5	1	0.023	2025-10-31
O13	0.704172814261942	0.0144996230909057	0.0301625389288938	128.042775283372	22.9803990371631	1.52554114102354	1.5236625	0.00352125791734237		33G4B08	6.8	1	0.0555	2025-10-31
O14	0	0.010918239633152	0	576.243544133188	23.672191762204	1.15645789267632	1.1588375	0.00353749365129244		33G4B08	7.1	1	0.047	2025-10-31
O15	0	0.012841663601459	0	15.2072202202216	14.7842298637313	1.11658845064436	1.1143625	0.00402417763982693		33G4B08	7.4	1	0.0433	2025-10-31
O16	0	0.00321164884293558	0	407.373922466283	16.0014453866695	0.524032379383634	0.5332875	0.00287923410777302		33G4B08	7.7	1	0.0309	2025-10-31
O17	0	0.0171570672841529	0	3331.6510622521	194.683500833438	0.902162086741426	0.8996625	0.003314158551124		33G4B08	8	1	0.0262	2025-10-31
O18	0.125152806516396	0.00589519590909642	0.0342746512854941	87.7367987425338	20.2233182414114	0.661672591890346	0.6605	0.00160660792769108		33G4B08	8.3	1	0.0279	2025-10-31
O19	0	0.00203108818098224	0	2.73334068779318	0.899441544497214	0.848533282328703	0.847375	0.00315963701732924		33G4B08	8.6	1	0.0261	2025-10-31
O2	0	0	0	0	0	0	0	0	cannot fit data	33G4B08	3.5	1	0.0076	2025-10-31
O20	0	0.00405734336050519	0	45.083419159708	15.8611973261712	0.48028794756299	0.4815375	0.00222634141440601		33G4B08	8.9	1	0.0197	2025-10-31
O21	0	0.00221532005191789	0	13.4202020363798	4.24180097364479	0.753711145261531	0.7563875	0.00230318880622038		33G4B08	9.2	1	0.026	2025-10-31
O22	0	0.00726804802718729	0	27.1581243086384	29.6160142383385	0.488260271599776	0.48725	0.00233984096350874		33G4B08	9.5	1	0.0139	2025-10-31
O23	0	0.00875230195040588	0	2.86260226365695	5.78578166599856	0.862316539388074	0.86185	0.00218821805946847		33G4B08	9.8	1	0.0234	2025-10-31
O24	0	0.0000311120250520987	0	0.52605654153554	0.0848783747697002	0.110352625905556	0.1104625	0.00149632806096625		33G4B08	10.1	1	0.006	2025-10-31
O3	0	0.00476945623406627	0	1637.76629268105	110.85527916033	0.268285229893928	0.2674875	0.00201328878606992		33G4B08	3.8	1	0.0077	2025-10-31
O4	0	0.00178140695713831	0	29.1728709700169	7.13210240367755	0.640714513297487	0.649825	0.00247490653353057		33G4B08	4.1	1	0.027	2025-10-31
O5	0	0.00733392684780567	0	56.360530982761	16.8064560969938	0.889176735238893	0.890075	0.0030419822383492		33G4B08	4.4	1	0.0324	2025-10-31
O6	0	0.00327019041888005	0	368.348746789991	15.0299435151468	0.583850037921837	0.592975	0.00265929159204945		33G4B08	4.7	1	0.0273	2025-10-31
O7	0	0.00271322440907655	0	44.1161890480124	10.0775981753227	0.68449709565105	0.6942875	0.00246876699843604		33G4B08	5	1	0.0308	2025-10-31
O8	0	0.00498741764030374	0	576.585412405034	23.6750256602656	0.528211558764368	0.5341875	0.00337793536101945		33G4B08	5.3	1	0.0234	2025-10-31
O9	0	0.00532168626063623	0	36.30299536946	13.180775728407	0.718030781718552	0.715775	0.00264177847441251		33G4B08	5.6	1	0.026	2025-10-31
