sample	k	n0	r	t_mid	t_gen	auc_l	auc_e	sigma	note	strain	pH	replicate	max.OD	date
A1	0	0.00408766227038771	0	24.0983260333047	7.23294097333125	1.09062294464068	1.08525	0.00135574817433647		25G2A02	3.2	1	0.043	2023-04-14
A10	0.369496663157457	0.0121549602720983	0.274946811682073	12.2967606532204	2.52102279826196	13.2229893744162	13.18725	0.0128203256528439		25G2A02	5.9	1	0.393	2023-04-14
A11	0.344466006643093	0.0101708932530631	0.253424758251256	13.7811876062016	2.7351202200723	11.8172203836126	11.768625	0.0103064647655511		25G2A02	6.2	1	0.357	2023-04-14
A12	0.376145548460115	0.00938450191364527	0.255113791541252	14.3686898246209	2.71701179451078	12.6902836162772	12.678875	0.0164051148654458		25G2A02	6.5	1	0.405	2023-04-14
A13	0.333739653940777	0.00770656080831195	0.231574885745713	16.171558749713	2.99318804942033	10.6579326084762	10.676625	0.0113835651279066		25G2A02	6.8	1	0.344	2023-04-14
A14	0.358074800610899	0.014476222909102	0.193298650374714	16.3838006134526	3.58588732625014	11.3217680321975	11.332625	0.0139573432747808		25G2A02	7.1	1	0.37	2023-04-14
A15	0.249549152694523	0.00482755633039743	0.258394571923636	15.1929693798225	2.68251447930877	8.219379654402	8.27925	0.0117971754805506		25G2A02	7.4	1	0.255	2023-04-14
A16	0.21368117394297	0.00215719080676674	0.343701228986773	13.3416210881693	2.01671429166353	7.44328401440734	7.50125	0.0118953821236856		25G2A02	7.7	1	0.229	2023-04-14
A17	0.158807169593626	0.00600334156540554	0.230577523681744	14.0379627446166	3.00613507115579	5.39964632742807	5.415	0.00930832173027068		25G2A02	8	1	0.169	2023-04-14
A18	0.201083022562056	0.0106949879792962	0.134773123899806	21.3639706115802	5.14306681111917	5.35521083523722	5.348	0.00466449685092198		25G2A02	8.3	1	0.197	2023-04-14
A19	0.12493470611042	0.0120432719729384	0.0887196724750726	25.2246246305694	7.81277884850959	2.9006093045238	2.89725	0.00854841200411367		25G2A02	8.6	1	0.106	2023-04-14
A2	0	0.0130540231489093	0	-16.7653924026161	10.1846087043658	0.763165389863797	0.7605	0.000373879789340418	questionable fit	25G2A02	3.5	1	0.018	2023-04-14
A20	0	0.00845422692906247	0	18.0517654090186	6.57671336300915	1.90294525420491	1.9035	0.00229238122807367		25G2A02	8.9	1	0.062	2023-04-14
A21	0	0.0000000000000227453957868394	0	8.8605876969468	0.219050154126553	1.34415433182739	1.3885	0.0111306887125582		25G2A02	9.2	1	0.06	2023-04-14
A22	0	0.00107468349296395	0	16.054064762637	2.56757550331564	2.66508099941597	2.806125	0.0207541841533105		25G2A02	9.5	1	0.124	2023-04-14
A23	0.148175814161773	0.0116517996397232	0.62928495913821	3.91085127712496	1.10148378805874	6.5439958878541	6.526875	0.0138420467433523		25G2A02	9.8	1	0.174	2023-04-14
A24	0.147924025790228	0.0180637011338395	0.47893999269465	4.1185848223016	1.44725266449374	6.48117357392021	6.46325	0.00834070897292418		25G2A02	10.1	1	0.167	2023-04-14
A3	0.198205245697933	0.00386468174551361	0.28966240798147	13.5251681280693	2.39294834766508	6.86022541681706	6.84675	0.00451301034835607		25G2A02	3.8	1	0.204	2023-04-14
A4	0.2286978556679	0.00894439080334973	0.260343038831682	12.2971588108535	2.66243792678505	8.17701321902107	8.209125	0.00636572724779792		25G2A02	4.1	1	0.232	2023-04-14
A5	0.269430074422228	0.00324016994115961	0.352406775075235	12.5099303222328	1.9668951608889	9.6080029342398	9.591875	0.00482430276026371		25G2A02	4.4	1	0.277	2023-04-14
A6	0.307351452574443	0.0063264520434688	0.315648647480365	12.2365603971947	2.19594535282481	11.0346263505072	11.03675	0.00757574815656372		25G2A02	4.7	1	0.317	2023-04-14
A7	0.236984024077073	0.00347650359908437	0.314382505621437	13.3823833488166	2.20478928746308	8.24121115244438	8.225125	0.00610836448375608		25G2A02	5	1	0.248	2023-04-14
A8	0.270465498413794	0.00893933828107228	0.237348785213455	14.2240995484551	2.92037382848443	9.15264432993281	9.152875	0.00685077893614692		25G2A02	5.3	1	0.28	2023-04-14
A9	0.342580419715439	0.00894805801065101	0.273801251232721	13.2161673122515	2.53157053680078	11.9533650480303	11.89575	0.0101130213393993		25G2A02	5.6	1	0.358	2023-04-14
B1	0	0	0	0	0	0	0	0	cannot fit data	25G2A02	3.2	2	0.013	2023-04-14
B10	0.302782827107238	0.00793521601655572	0.24954054587205	14.4872171405911	2.77769361342725	10.1771271410598	10.162	0.00792898015125387		25G2A02	5.9	2	0.316	2023-04-14
B11	0.325354825267003	0.00799056472469708	0.253828651749413	14.5050164332312	2.73076808225827	10.9327358005244	10.963625	0.00478657699262243		25G2A02	6.2	2	0.329	2023-04-14
B12	0.338837197442027	0.0129217899364367	0.222216259880127	14.5251424649383	3.11924600357263	11.3534635724953	11.353875	0.0101805423644812		25G2A02	6.5	2	0.351	2023-04-14
B13	0.346271686888924	0.0118064950780753	0.229226507219255	14.5876802991778	3.02385264674888	11.5889053136491	11.6055	0.0112594331750001		25G2A02	6.8	2	0.353	2023-04-14
B14	0.33442064819275	0.0112971653348652	0.208908834388241	16.0523738544964	3.31794096975231	10.6993338983741	10.76	0.0128815319461451		25G2A02	7.1	2	0.34	2023-04-14
B15	0.27436838379861	0.00990327339655957	0.251594915547799	13.0560825487933	2.75501267205958	9.60374294306014	9.67225	0.0165921367719818		25G2A02	7.4	2	0.291	2023-04-14
B16	0.20658572925957	0.00747982246708837	0.261911678836381	12.5295207732524	2.64649206801107	7.34096812424994	7.361375	0.0122376983119986		25G2A02	7.7	2	0.227	2023-04-14
B17	0.168169196160223	0.0123722158132354	0.214726261373145	11.7968823985427	3.22805033779923	6.06314425391411	6.068875	0.00925185282991928		25G2A02	8	2	0.174	2023-04-14
B18	0.194548753189759	0.00460897431971034	0.189553218505	19.6182462950587	3.65674181650291	5.54139553015838	5.6015	0.0127558225155759		25G2A02	8.3	2	0.193	2023-04-14
B19	0.146224052986085	0.0189941711403903	0.10266061747222	18.525734992655	6.75183139968458	4.20770126409605	4.209625	0.0105700836710491		25G2A02	8.6	2	0.135	2023-04-14
B2	0	0.0106019573497471	0	-11.0291191086082	5.23742211567274	0.60921047371428	0.607	0.000203213109005709	questionable fit	25G2A02	3.5	2	0.013	2023-04-14
B20	0	0.00686469950640307	0	16.5023311208885	5.79357236192032	1.73426405149272	1.735125	0.00465502010635645		25G2A02	8.9	2	0.071	2023-04-14
B21	0	0.00837035907692831	0	16.4004535805817	8.54141243341178	1.19400497709836	1.18875	0.00319763562554887		25G2A02	9.2	2	0.042	2023-04-14
B22	0	0.00716496683228463	0	6.35155361799293	3.53923248792906	1.29884771876355	1.302	0.00613792554798023		25G2A02	9.5	2	0.05	2023-04-14
B23	0	0.0086557862868228	0	9.44836771805122	3.76707344111725	2.19319560740537	2.216625	0.0196489244088841		25G2A02	9.8	2	0.121	2023-04-14
B24	0.184169903258931	0.031322800022178	0.0895101245020763	17.7085199883505	7.74378523564523	5.36294797737201	5.3645	0.0137900959396439		25G2A02	10.1	2	0.177	2023-04-14
B3	0.190615161016372	0.0133665635506717	0.211518809621926	12.2201752461333	3.27700019586387	6.79412770971779	6.807125	0.00457687425950312		25G2A02	3.8	2	0.192	2023-04-14
B4	0.185077497092332	0.00513466693241258	0.258343872492582	13.767015942215	2.68304091702368	6.35358627143061	6.384875	0.00545764488939288		25G2A02	4.1	2	0.186	2023-04-14
B5	0.224068595320537	0.00683542620380311	0.273240045946966	12.658658625333	2.53677010687694	7.9394004549688	7.979	0.00701392033779454		25G2A02	4.4	2	0.228	2023-04-14
B6	0.200291012646605	0.00686760320470789	0.242353582346322	13.7735387201475	2.86006575124374	6.8676186933326	6.8905	0.00519468708961075		25G2A02	4.7	2	0.205	2023-04-14
B7	0.240418341959422	0.0108740794746668	0.231145871550698	13.1938932238664	2.99874350300872	8.36942212734826	8.380375	0.00475041310633199		25G2A02	5	2	0.246	2023-04-14
B8	0.235481632352858	0.00859467189201129	0.225636641566465	14.5069942336027	3.07196196392495	7.89691307868167	7.889625	0.00546725597318213		25G2A02	5.3	2	0.244	2023-04-14
B9	0.273240697670504	0.0107853443755707	0.231231202275813	13.8039016497691	2.9976368835083	9.35253035415064	9.347875	0.00571897631089484		25G2A02	5.6	2	0.282	2023-04-14
C1	0	0.00190272317965657	0	23.3612554766695	7.34119427691158	0.473692929901016	0.471625	0.000980693743121082		25G2A02	3.2	3	0.019	2023-04-14
C10	0.308977718920609	0.0144919865591651	0.215707916432938	13.9616327447017	3.21335995461919	10.5124288519671	10.4885	0.00827670014199004		25G2A02	5.9	3	0.321	2023-04-14
C11	0.270543142334724	0.00638514783476691	0.247907265681396	15.0159888830067	2.79599381105175	8.95321070141015	8.903125	0.0072822468075754		25G2A02	6.2	3	0.282	2023-04-14
C12	0.350046194939459	0.0122749623819966	0.223362641232821	14.8404729287356	3.10323685614662	11.6239953542103	11.639	0.0116011199382303		25G2A02	6.5	3	0.364	2023-04-14
C13	0.301000940298002	0.0112772650484533	0.220355236238889	14.7313897493306	3.14558978670468	10.0241984957581	10.027125	0.00517625260469537		25G2A02	6.8	3	0.303	2023-04-14
C14	0.356126378470446	0.00993348499968174	0.217244062745106	16.3460611870002	3.19063808603699	11.3009515124608	11.372625	0.0145189843172454		25G2A02	7.1	3	0.361	2023-04-14
C15	0.255708502574317	0.00652647485861393	0.226819388615831	16.0582246825548	3.05594325418954	8.19175315308233	8.216875	0.00996017641557915		25G2A02	7.4	3	0.267	2023-04-14
C16	0.246174360467514	0.0132953524444454	0.222537981762243	12.8656891882381	3.11473652754025	8.63857074134892	8.696375	0.0202125180526633		25G2A02	7.7	3	0.259	2023-04-14
C17	0.132265980477132	0.0097255403835229	0.208597726598827	12.1462764031084	3.32288942867052	4.72122227256606	4.7305	0.0083150143195211		25G2A02	8	3	0.142	2023-04-14
C18	0.177148866802884	0.0222799128576883	0.126715507849409	15.3011563461294	5.47010537481879	5.6623720869304	5.674125	0.00740372306961735		25G2A02	8.3	3	0.172	2023-04-14
C19	0.112490769291725	0.0122121688044719	0.0870299420014658	24.1930463367852	7.96446791321854	2.70332246640414	2.69825	0.00940848766502516		25G2A02	8.6	3	0.097	2023-04-14
C2	0	0.0129442277156014	0	-0.5514848282032	0.503213549467165	0.910595855391249	0.906374999999999	0.000472006464883531	questionable fit	25G2A02	3.5	3	0.02	2023-04-14
C20	0.091824960955324	0.0142859001061269	0.089189043397768	18.9654324301351	7.77166291007996	2.58400377620399	2.5915	0.011130440630685		25G2A02	8.9	3	0.139	2023-04-14
C21	0	0.00270331861339666	0	4.50221130888721	1.39081896833555	1.22639013053813	1.229	0.00770186184865003		25G2A02	9.2	3	0.046	2023-04-14
C22	0	0.0243498897332262	0	1.5458297743519	2.17349006465981	2.90021768661275	2.8985	0.0150834536238752		25G2A02	9.5	3	0.091	2023-04-14
C23	0	0.00380140973802551	0	7.45592644147318	2.6672172370904	1.21464017516253	1.22075	0.011921785560218		25G2A02	9.8	3	0.065	2023-04-14
C24	0.129531316519535	0.0231063554378046	0.0424252700978912	36.0005354270657	16.3380734868769	2.40800023196338	2.406125	0.00767362581465424		25G2A02	10.1	3	0.082	2023-04-14
C3	0.154225991622816	0.00330521664210733	0.271469571780549	14.0761742986583	2.553314450727	5.2512553071618	5.24825	0.00407497491121334		25G2A02	3.8	3	0.157	2023-04-14
C4	0.185197961664165	0.00724742193924563	0.233840569615664	13.6882143213467	2.96418701724508	6.36101851508398	6.389375	0.00578211385886921		25G2A02	4.1	3	0.185	2023-04-14
C5	0.179952241145581	0.00246529099661745	0.323894192245455	13.2036551948763	2.14004201728527	6.29086305437868	6.30225	0.00530001866439927		25G2A02	4.4	3	0.186	2023-04-14
C6	0.20322489950652	0.00796467736753045	0.242579939811311	13.1887109365882	2.85739695169809	7.08280289258511	7.1085	0.0060727843995213		25G2A02	4.7	3	0.207	2023-04-14
C7	0.201833231435688	0.00376992680966073	0.286370951709811	13.8335647833245	2.42045213182911	6.92399022780842	6.9155	0.00576427510194574		25G2A02	5	3	0.211	2023-04-14
C8	0.23279537770764	0.00773323964667361	0.245725543795992	13.717941594052	2.82081858423077	7.99655524852349	8.00525	0.0055979785851959		25G2A02	5.3	3	0.241	2023-04-14
C9	0.240179093703591	0.00606173081311576	0.249444240887222	14.647871425751	2.77876602039222	8.03526410657237	7.99625	0.00691223566653918		25G2A02	5.6	3	0.252	2023-04-14
D1	0	0.00570696703831502	0	-0.728776113443771	0.340237143404902	0.336731345421665	0.32125	0.00179300440355969	questionable fit	35G2B04	3.2	1	0.00900000000000001	2023-04-14
D10	0.275663798623381	0.00147007283157221	0.178615369066479	29.2725254689697	3.88066930736493	5.26226054415096	5.360625	0.00586948321219844		35G2B04	5.9	1	0.269	2023-04-14
D11	0.301866464141582	0.00782648285673368	0.159502818217321	22.7344103913326	4.34567356430995	7.67120099792804	7.71275	0.004983949283835		35G2B04	6.2	1	0.299	2023-04-14
D12	0.27928372640462	0.0106525114121626	0.134553953259985	23.9869861502229	5.15144418849327	6.76119786441902	6.761625	0.00457205089287488		35G2B04	6.5	1	0.268	2023-04-14
D13	0.290830397439453	0.00630978585841596	0.192109931642821	19.8256484071072	3.6080757232722	8.22676895062632	8.259	0.00891033011954571		35G2B04	6.8	1	0.297	2023-04-14
D14	0.303594907394335	0.00342422998480237	0.200016550826156	22.3655222261283	3.46544912256983	7.83605127909124	7.95275	0.0152180692637934		35G2B04	7.1	1	0.307	2023-04-14
D15	0.133	0.0121463713482087	0.0502397308145977	387.992509326223	13.7967932813554	2.48200069375223	2.508875	0.00670330115356267		35G2B04	7.4	1	0.133	2023-04-14
D16	0	0.00889119623832967	0	0.284454162051409	1.34264802771994	0.896398142783313	0.895125	0.00484820451895652		35G2B04	7.7	1	0.033	2023-04-14
D17	0	0.00634403878497388	0	0.850465360585116	0.764538863782574	0.941518251479881	0.941375	0.00737954307600091		35G2B04	8	1	0.037	2023-04-14
D18	0	0.00623695615549526	0	0.102038162770887	1.03331879174009	0.608584383100805	0.608	0.00487588768559611		35G2B04	8.3	1	0.028	2023-04-14
D19	0	0.00686160831566588	0	0.00287154553854043	0.0503318189324636	0.674141165658591	0.6615	0.00405096114787224		35G2B04	8.6	1	0.02	2023-04-14
D2	0	0.00482753624371898	0	-0.365606641388966	0.671088224950356	0.388117335892557	0.38725	0.000759455917144925	questionable fit	35G2B04	3.5	1	0.00899999999999999	2023-04-14
D20	0	0.00287534785328669	0	0.398674270705656	0.204243909436809	0.668336298947243	0.63875	0.00364143769912443		35G2B04	8.9	1	0.022	2023-04-14
D21	0	0.00977729407389451	0	8.26863039044853	6.89529318448291	1.17684230772268	1.178125	0.00388279550404231		35G2B04	9.2	1	0.04	2023-04-14
D22	0	0.00772493716232087	0	-2.01924515722676	2.5447498148775	0.5668494873443	0.565	0.00164503219312714	questionable fit	35G2B04	9.5	1	0.017	2023-04-14
D23	0	0.0077906671021828	0	-0.480695577626505	0.827860223506558	0.618711441340581	0.607125	0.00246039802862566	questionable fit	35G2B04	9.8	1	0.021	2023-04-14
D24	0	0.00413230399014691	0	-0.508197137369977	0.102355549653986	0.192838124934531	0.149625	0.00201446085286908	questionable fit (k < n0)	35G2B04	10.1	1	0.00900000000000001	2023-04-14
D3	0	0.014642803738751	0	-5.95606142109772	7.87122433927822	1.00279387842453	1.00025	0.000632981378027781	questionable fit	35G2B04	3.8	1	0.024	2023-04-14
D4	0	0.00620882356838635	0	-0.132602081710102	0.375312389218451	0.530112807143387	0.528875	0.000895602382437325	questionable fit	35G2B04	4.1	1	0.013	2023-04-14
D5	0	0.0165293756618187	0	-38.3641710977309	28.6296519705568	0.635430077905111	0.559375	0.00335347431013518	questionable fit (k < n0)	35G2B04	4.4	1	0.02	2023-04-14
D6	0	0.0118521677488975	0	-32.5015199448527	25.2252936436517	0.442221584844361	0.37225	0.00274925091789085	questionable fit (k < n0)	35G2B04	4.7	1	0.014	2023-04-14
D7	0.031	0.0092733374188864	0.0199264081686471	813.330940032772	34.785354926663	0.750715069570789	0.75475	0.00435154461464909		35G2B04	5	1	0.031	2023-04-14
D8	0.047	0.00224781784975353	0.060322032425386	305.633333182276	11.4907796155131	0.645278668097726	0.69825	0.00507603876496897		35G2B04	5.3	1	0.047	2023-04-14
D9	0.043	0.00650948512532808	0.0328561007009351	534.87932365447	21.0964528891956	0.767428454315709	0.783875	0.00489989628602847		35G2B04	5.6	1	0.043	2023-04-14
E1	0	0.00258450116465107	0	13.1201489794753	6.85696064639544	0.407018939460145	0.404	0.00127143661677916		35G2B04	3.2	2	0.015	2023-04-14
E10	0.281634042073883	0.00237418893521676	0.169522356186992	28.123056749872	4.08882460196205	5.69592552820031	5.854	0.00995074813546766		35G2B04	5.9	2	0.27	2023-04-14
E11	0.274127892427892	0.00166147014323189	0.194673665137213	26.1967253919979	3.56055956552413	6.04371992973755	6.043	0.00568086575247091		35G2B04	6.2	2	0.272	2023-04-14
E12	0.289724299841807	0.0049875501882731	0.143370580015079	28.2109497121361	4.83465422604164	5.86941626832376	5.992125	0.00996534324241138		35G2B04	6.5	2	0.275	2023-04-14
E13	0.28166885659169	0.00158433847922124	0.23300460404756	22.2095373275344	2.97482182119655	7.31804233865727	7.402875	0.00936766237874573		35G2B04	6.8	2	0.286	2023-04-14
E14	0.307748645398747	0.00582071236738301	0.180420622276872	21.8864432046152	3.84184009462205	8.0815617972126	8.1845	0.0146719270122381		35G2B04	7.1	2	0.312	2023-04-14
E15	0.115	0.00653522864946965	0.0604168637419186	312.006648186566	11.472743496267	1.88219427881964	1.914875	0.00731491065764147		35G2B04	7.4	2	0.115	2023-04-14
E16	0	0.0143036082958115	0	-0.0919842115280364	1.55238198542815	1.30901793763898	1.30675	0.00665116694451573	questionable fit	35G2B04	7.7	2	0.047	2023-04-14
E17	0	0.000720014637657669	0	4.93530835389424	1.13613357069619	0.662622537579674	0.666125	0.00929202038314106		35G2B04	8	2	0.04	2023-04-14
E18	0	0.0123685529495258	0	-0.282861255027381	1.58881720222455	1.08940091104103	1.087625	0.0047659204019594	questionable fit	35G2B04	8.3	2	0.037	2023-04-14
E19	0	0.00113055556876193	0	3.70361709247443	1.19300233002812	0.480964761524964	0.481874999999998	0.00532683769692666		35G2B04	8.6	2	0.029	2023-04-14
E2	0	0.00886111131796558	0	-0.910679512905754	0.944427391738811	0.638520671042629	0.636625	0.00064589194446983	questionable fit	35G2B04	3.5	2	0.015	2023-04-14
E20	0	0.01550473665817	0	-1.5836152883068	4.2991395912935	1.2285490453919	1.2265	0.00474617223514074	questionable fit	35G2B04	8.9	2	0.036	2023-04-14
E21	0	0.00386865712022021	0	9.6711397908011	3.55638918002523	1.10964479990505	1.106875	0.00461015142201393		35G2B04	9.2	2	0.039	2023-04-14
E22	0	0.022137458818289	0	-2.54920863444035	2.7683368970615	1.57348749193896	1.568875	0.00149830487365339	questionable fit	35G2B04	9.5	2	0.038	2023-04-14
E23	0	0.00388077409219199	0	10.3762079891341	3.9998820547103	1.00931132343708	1.01025	0.00312510702578467		35G2B04	9.8	2	0.03	2023-04-14
E24	0	0.0222888404778306	0	-2.36444999889289	2.55148010575886	1.58671860977985	1.581875	0.00181516328052482	questionable fit	35G2B04	10.1	2	0.038	2023-04-14
E3	0	0.00279016299398888	0	8.01542482651991	4.71406630736592	0.455126035139902	0.453374999999999	0.00115962775862212		35G2B04	3.8	2	0.014	2023-04-14
E4	0	0.00806488012762586	0	-0.21318937712773	0.97913541527667	0.709922452131801	0.7	0.000727172955009091	questionable fit	35G2B04	4.1	2	0.016	2023-04-14
E5	0	0	0	0	0	0	0	0	cannot fit data	35G2B04	4.4	2	0.011	2023-04-14
E6	0.046	0.00837862752978812	0.030268798866543	564.69667511372	22.8997253447709	0.914040617848679	0.930125	0.00607242870354365		35G2B04	4.7	2	0.046	2023-04-14
E7	0	0	0	0	0	0	0	0	cannot fit data	35G2B04	5	2	0.011	2023-04-14
E8	0	0.0162211926835533	0	-21.9726747594119	13.4354228917483	0.607284501599401	0.58175	0.00193324690273988	questionable fit (k < n0)	35G2B04	5.3	2	0.018	2023-04-14
E9	0.015	0.00375181211154029	0.0170946777328119	837.991766195826	40.54754300688	0.280859052426023	0.28	0.00279757664118061		35G2B04	5.6	2	0.015	2023-04-14
F1	0	0.00578552032302369	0	-2.37766768239788	0.645747496159991	0.300181920796693	0.29925	0.0012218453145227	questionable fit	35G2B04	3.2	3	0.00800000000000001	2023-04-14
F10	0.273874234127552	0.000918768885811321	0.197120569092027	28.8860231573194	3.51636150277318	5.31671827394082	5.46075	0.00770264101501093		35G2B04	5.9	3	0.271	2023-04-14
F11	0.290727644220239	0.00344951658326831	0.178455657040671	24.7804793932685	3.88414238054652	6.81535944054474	6.907	0.00788162953127306		35G2B04	6.2	3	0.285	2023-04-14
F12	0.239515577433593	0.00405296823931984	0.14475471161188	28.0619716784524	4.78842569503665	4.88354093825475	4.967625	0.00676741229127595		35G2B04	6.5	3	0.226	2023-04-14
F13	0.301024910599079	0.00468090956668152	0.186513891264993	22.2397831826275	3.7163300591651	7.80347519510459	7.8335	0.00636053028519355		35G2B04	6.8	3	0.301	2023-04-14
F14	0.290766955065481	0.00645803263535185	0.16050280485086	23.5805017846069	4.31859855162046	7.15369289806694	7.22375	0.0103097140498875		35G2B04	7.1	3	0.282	2023-04-14
F15	0.128	0.0126948422904775	0.0478795183758771	392.332065879937	14.4769037799923	2.40071892050797	2.43475	0.00719955918480312		35G2B04	7.4	3	0.128	2023-04-14
F16	0	0.00828503017756637	0	0.680451172934233	1.25731457810295	0.947401249045093	0.946875	0.00706634362312049		35G2B04	7.7	3	0.036	2023-04-14
F17	0	0.00911448583619859	0	-0.030901581006761	1.15244081545218	0.850095310862644	0.849	0.00521656468718313	questionable fit	35G2B04	8	3	0.034	2023-04-14
F18	0	0.00525084814747891	0	1.42827386744079	1.38812829914171	0.73404325225379	0.73425	0.00567037219634339		35G2B04	8.3	3	0.027	2023-04-14
F19	0	0.00819347826716279	0	-0.369249789202158	1.05627077976465	0.692027633147282	0.69125	0.00512393216488129	questionable fit	35G2B04	8.6	3	0.026	2023-04-14
F2	0	0.00516184198664733	0	-0.325650867486879	1.04443888766832	0.440989499747602	0.440125	0.000699161068500844	questionable fit	35G2B04	3.5	3	0.01	2023-04-14
F20	0	0.00745387614181467	0	3.95597524007502	3.77669957063328	0.962424029913401	0.96225	0.00184241118128521		35G2B04	8.9	3	0.025	2023-04-14
F21	0	0.013585088240067	0	3.31401699942597	4.78947504393606	1.47709510209846	1.473875	0.00165999867821988		35G2B04	9.2	3	0.041	2023-04-14
F22	0	0.0101733443302583	0	-1.89178335487553	2.82470137638096	0.765751347071075	0.76325	0.00154816329192519	questionable fit	35G2B04	9.5	3	0.021	2023-04-14
F23	0	0.00918484189579705	0	0.574491973343316	3.01747545479028	0.882791610084238	0.881375	0.00156207591927211		35G2B04	9.8	3	0.023	2023-04-14
F24	0	0.000102131964867464	0	2.20272927990338	0.434452718347696	0.162466321591178	0.162375	0.000661304835644474		35G2B04	10.1	3	0.005	2023-04-14
F3	0	0.012550680675974	0	-2.47592099122288	4.39025818301787	0.945441201554326	0.943	0.000495726513499283	questionable fit	35G2B04	3.8	3	0.021	2023-04-14
F4	0	0.00673664715837995	0	-0.141663819324668	1.34795216364197	0.610042059712087	0.600750000000001	0.000710971873006492	questionable fit	35G2B04	4.1	3	0.014	2023-04-14
F5	0	0.016949428272558	0	-16.6233335742395	12.9236694044632	0.574574664523176	0.537625	0.00278123408550979	questionable fit (k < n0)	35G2B04	4.4	3	0.017	2023-04-14
F6	0.077	0.00345538105044522	0.0634922622800836	303.036008466723	10.9170339135541	1.10699574170732	1.144	0.00497484586717089		35G2B04	4.7	3	0.077	2023-04-14
F7	0	0.0171542280349556	0	-17.6798577422194	11.9546187204637	0.610345986994518	0.5735	0.00228451792583942	questionable fit (k < n0)	35G2B04	5	3	0.018	2023-04-14
F8	0.046	0.00327782662617182	0.0546219090391849	331.65366740832	12.6899112966318	0.775076590413289	0.7995	0.00491109055619891		35G2B04	5.3	3	0.046	2023-04-14
F9	0.058	0.00675066174822676	0.034385383188043	520.342048911225	20.1581927055848	0.833664036945594	0.856125	0.00628492500987514		35G2B04	5.6	3	0.058	2023-04-14
G1	0	0.00318770076532929	0	-4.94225316243033	13.4714833484171	0.216595881054281	0.2155	0.00115508349622303	questionable fit	35G3B04	3.2	1	0.00800000000000001	2023-04-14
G10	0.309793425620919	0.0200049190946229	0.219696334759834	12.1675820125057	3.15502387109769	11.0704527003604	11.03875	0.00601110258259711		35G3B04	5.9	1	0.319	2023-04-14
G11	0.261789697500605	0.0109442139800224	0.226407982071963	13.8335504095161	3.06149621677045	8.9491230455889	8.8995	0.00691164761132402		35G3B04	6.2	1	0.271	2023-04-14
G12	0.279758560494202	0.0214490791989169	0.208991249115811	11.9070855828538	3.31663255515471	10.048474568411	10.0265	0.00589935808896841		35G3B04	6.5	1	0.289	2023-04-14
G13	0.240286776762857	0.0174689221326926	0.225222061237281	11.3040934101996	3.07761671637346	8.78646831218339	8.7425	0.00895755099279814		35G3B04	6.8	1	0.253	2023-04-14
G14	0.347874120303216	0.0231658359755921	0.186123169649978	14.1854912069654	3.72413161598029	11.7089289443496	11.739625	0.0117592057349882		35G3B04	7.1	1	0.359	2023-04-14
G15	0.230136939368978	0.00638652484228566	0.247343137176741	14.3781669993939	2.80237078122224	7.758770611004	7.797875	0.00774918094989536		35G3B04	7.4	1	0.24	2023-04-14
G16	0.212952530234914	0.012475765537622	0.234444407002951	11.8446431852977	2.95655242716547	7.68831454073846	7.746875	0.0147286983467799		35G3B04	7.7	1	0.227	2023-04-14
G17	0.136493594831594	0.0104490005354849	0.211952252063956	11.7485396440593	3.27029872912503	4.92503118047526	4.939125	0.00776707543965002		35G3B04	8	1	0.141	2023-04-14
G18	0.140280324291469	0.0402034409090981	0.107932440453866	8.44960174957458	6.42204676967549	5.15562179736963	5.148625	0.0107978313742444		35G3B04	8.3	1	0.138	2023-04-14
G19	0.110579714912029	0.0199809568183952	0.104853298117404	14.4169126926676	6.61063784358821	3.55614622975962	3.554875	0.0076808598184125		35G3B04	8.6	1	0.105	2023-04-14
G2	0	0.0152081843902535	0	-8.12319285007133	4.55012834308492	0.913011564300288	0.909875	0.000440963198078124	questionable fit	35G3B04	3.5	1	0.02	2023-04-14
G20	0.107	0.046255507900006	0.01886012056636	777.799721879119	36.7520015644165	3.63518762799586	3.63175	0.0129344059102127		35G3B04	8.9	1	0.107	2023-04-14
G21	0	0.00626540661778012	0	3.6565893076674	1.4285770219191	1.91065359726893	1.91025	0.00713430666758363		35G3B04	9.2	1	0.055	2023-04-14
G22	0	0.0183755230645678	0	0.91702193540061	1.0400145235048	2.43605618786226	2.433875	0.0150850050678744		35G3B04	9.5	1	0.079	2023-04-14
G23	0	0.000621809963990878	0	1.4627906560358	0.279556212509089	1.1215522667109	1.076125	0.0104036169138362		35G3B04	9.8	1	0.043	2023-04-14
G24	0	0.0247430000370125	0	-14.4637105020387	8.12020673014567	1.4459579461447	1.441125	0.0035087342881329	questionable fit	35G3B04	10.1	1	0.045	2023-04-14
G3	0.170014567641135	0.00590300458019546	0.31256760615526	10.6379705429152	2.21759122477856	6.367678190012	6.34175	0.0046908987343771		35G3B04	3.8	1	0.178	2023-04-14
G4	0.201308776799195	0.00704302659046051	0.306106517458983	10.8367149593918	2.26439863585337	7.49909437023287	7.501	0.00489032078234247		35G3B04	4.1	1	0.209	2023-04-14
G5	0.205132037597322	0.0103993404394186	0.251278729037051	11.6599023751547	2.75847933176127	7.45412568068547	7.394625	0.0113033891585487		35G3B04	4.4	1	0.221	2023-04-14
G6	0.242832325293075	0.0169736850224101	0.218290565539784	11.8568803317043	3.17534190653612	8.74622083662842	8.704	0.0108837881080583		35G3B04	4.7	1	0.257	2023-04-14
G7	0.23230800118265	0.0127874846611662	0.223140043249642	12.7407825342829	3.10633255450468	8.17999308744374	8.1165	0.0102877686514362		35G3B04	5	1	0.244	2023-04-14
G8	0.271361913144823	0.0165411291965608	0.222795817723583	12.2745146657292	3.11113192178461	9.67389369425667	9.62375	0.00999768909686688		35G3B04	5.3	1	0.284	2023-04-14
G9	0.263424912888252	0.0138898203987675	0.233913399613251	12.3483448785275	2.96326410417695	9.38471654776874	9.32075	0.00969543522090282		35G3B04	5.6	1	0.277	2023-04-14
H1	0	0.0153906227575966	0	-29.3302765440452	9.00398530586003	0.798081635386548	0.794875	0.000555693367798373	questionable fit	35G3B04	3.2	2	0.018	2023-04-14
H10	0.282736515726507	0.0134589349155858	0.237823827977558	12.5979788504725	2.91454050863799	10.0095929289133	9.971875	0.00615311762224283		35G3B04	5.9	2	0.287	2023-04-14
H11	0.295816492283331	0.0225404154080527	0.206281099162532	12.0959827471975	3.36020693788239	10.568737644654	10.556125	0.00606955194082405		35G3B04	6.2	2	0.302	2023-04-14
H12	0.247300946963491	0.0145432298375917	0.222290699726498	12.4740823310853	3.11820144258298	8.76918925190272	8.74175	0.00571686571915888		35G3B04	6.5	2	0.255	2023-04-14
H13	0.268488082597697	0.0282080071597909	0.186816927956229	11.4668374429397	3.71030178123016	9.70565804296014	9.66425	0.00895405864759867		35G3B04	6.8	2	0.278	2023-04-14
H14	0.304256549449753	0.0087037910065552	0.225765805364867	15.6139175999388	3.0702044511999	9.87771020315823	9.888	0.00937277807188098		35G3B04	7.1	2	0.313	2023-04-14
H15	0.269029237645779	0.00978242389853532	0.226745400049827	14.4531852038368	3.05694042925514	9.03676657002675	9.065125	0.00913498758216288		35G3B04	7.4	2	0.276	2023-04-14
H16	0.183972404707132	0.00931502498853455	0.246541718915686	11.8892557045465	2.81148027850408	6.64236735113534	6.689125	0.0114702720865514		35G3B04	7.7	2	0.191	2023-04-14
H17	0.14905848869592	0.0136537462215091	0.192633863187505	11.9099228719349	3.59826236722072	5.33642069659845	5.3415	0.00789730301181808		35G3B04	8	2	0.155	2023-04-14
H18	0.105270366256065	0.0140770572171264	0.169289122584946	11.0369477709961	4.09445787169308	3.82455003091244	3.81325	0.00693374480911913		35G3B04	8.3	2	0.11	2023-04-14
H19	0.169070814420532	0.0181349302899105	0.105746568465	20.0386191270474	6.55479596758131	4.65999110258963	4.680625	0.011216735749975		35G3B04	8.6	2	0.152	2023-04-14
H2	0	0.0115562798611171	0	-8.51722692976135	4.98320759501743	0.698527717037076	0.696125	0.000244903735514652	questionable fit	35G3B04	3.5	2	0.015	2023-04-14
H20	0.0970513520710031	0.0188202606136574	0.0584254741468909	24.3854790491212	11.8637835752477	2.32248951424782	2.319375	0.00816719455035609		35G3B04	8.9	2	0.073	2023-04-14
H21	0.059	0.0341083113008865	0.00560221224717826	1978.43602174803	123.727404456886	1.88759552034722	1.883	0.00770798010394222		35G3B04	9.2	2	0.059	2023-04-14
H22	0	0.00996026943648624	0	1.28483002133894	1.15039153871181	1.46100427731083	1.46	0.00920534050681533		35G3B04	9.5	2	0.049	2023-04-14
H23	0	0.0103971132673762	0	-0.0929999088915796	1.65698141715923	0.950397166068551	0.94875	0.00725371244612772	questionable fit	35G3B04	9.8	2	0.037	2023-04-14
H24	0.025	0.00276402590358131	0.0411839778128902	405.886883588359	16.8305058755883	0.421540700432503	0.424875	0.00305746865353633		35G3B04	10.1	2	0.025	2023-04-14
H3	0.189492257439651	0.0137719087815932	0.262781192480778	9.68966940613244	2.6377351210576	7.24392295582237	7.246125	0.00231920566918211		35G3B04	3.8	2	0.192	2023-04-14
H4	0.185170618778655	0.00649157983340842	0.295791155926113	11.2075196452918	2.34336682038286	6.8284655342543	6.826125	0.00327214049922959		35G3B04	4.1	2	0.191	2023-04-14
H5	0.22653736783668	0.0193711176938371	0.22948344617632	10.3264025058145	3.02046701890373	8.49277978294742	8.458875	0.00906949985492511		35G3B04	4.4	2	0.24	2023-04-14
H6	0.228532091504642	0.0123635824276272	0.239797548604883	11.932161126513	2.89055156982464	8.23659779708314	8.196875	0.00995872403983477		35G3B04	4.7	2	0.243	2023-04-14
H7	0.255571043209289	0.0199834018005361	0.212662605872308	11.6013859862504	3.25937499785996	9.25740815318701	9.2155	0.00920146631311151		35G3B04	5	2	0.267	2023-04-14
H8	0.252283624331124	0.013934660419848	0.230813904986242	12.3014969272259	3.00305642591707	8.99596777648565	8.943625	0.00979062025307581		35G3B04	5.3	2	0.266	2023-04-14
H9	0.28598784875592	0.0200155942097069	0.222152109286053	11.6446354041598	3.12014674444264	10.362716037916	10.322875	0.00691796854057406		35G3B04	5.6	2	0.297	2023-04-14
I1	0	0.00260332446583731	0	2.68206173409654	1.63934595419964	0.479802192565896	0.479	0.00127940960686308		35G3B04	3.2	3	0.014	2023-04-14
I10	0.288413237523043	0.0208400206962908	0.223505880516087	11.4203618301485	3.10124806989164	10.5126614962599	10.49225	0.0040476173139488		35G3B04	5.9	3	0.295	2023-04-14
I11	0.253965006878918	0.0139014807610823	0.209448349567389	13.6019606854013	3.30939433035221	8.72049600463816	8.671	0.00715332612754236		35G3B04	6.2	3	0.26	2023-04-14
I12	0.247910833531101	0.0220338399901654	0.214512447897131	10.8497718645609	3.23126786978975	9.15350908703185	9.133625	0.00803904685787935		35G3B04	6.5	3	0.253	2023-04-14
I13	0.224058052529528	0.0157191618527496	0.199412178997148	12.959517220227	3.47595209101978	7.81623835720471	7.75725	0.0107854200723002		35G3B04	6.8	3	0.241	2023-04-14
I14	0.324107712447251	0.0139924298501616	0.223715544690489	13.8498540796484	3.09834160839792	11.0714071346641	11.129375	0.0101689477383083		35G3B04	7.1	3	0.327	2023-04-14
I15	0.259696350370201	0.00475664235063308	0.270442813031063	14.7220959678034	2.56300832250377	8.67767656340651	8.695875	0.0106392637396245		35G3B04	7.4	3	0.272	2023-04-14
I16	0.223691396248531	0.0112924716760368	0.254051228121711	11.5501506034753	2.72837563386181	8.15378103482757	8.224	0.0148297644763294		35G3B04	7.7	3	0.229	2023-04-14
I17	0.123029057099033	0.0136243278350054	0.179567854585057	11.6011694679432	3.86008499217002	4.4238452284073	4.432875	0.00740788769814169		35G3B04	8	3	0.128	2023-04-14
I18	0.141612922825699	0.0253848795433075	0.144896489221849	10.4999124313661	4.78374033962049	5.15055638247886	5.149375	0.00799530196956932		35G3B04	8.3	3	0.144	2023-04-14
I19	0.0975738457773686	0.016870818089031	0.0703168020711017	22.2591280774137	9.85749010398768	2.47571414544022	2.47725	0.0066946961397364		35G3B04	8.6	3	0.08	2023-04-14
I2	0	0.0178471426957388	0	-6.83605121841156	5.71352407683767	1.15946210051352	1.15575	0.000912728372906264	questionable fit	35G3B04	3.5	3	0.027	2023-04-14
I20	0.096	0.0314763547669727	0.0249800085854207	531.287292950267	27.7480761541648	2.94090100808613	2.939125	0.0109553921610967		35G3B04	8.9	3	0.096	2023-04-14
I21	0	0.00416460593798725	0	4.57972470169946	1.48938287392808	1.7031350924049	1.705125	0.00627754879363111		35G3B04	9.2	3	0.054	2023-04-14
I22	0	0.0235956128465196	0	-0.190278466344478	1.02653485405688	2.09626140204488	2.092125	0.0106030235530039	questionable fit	35G3B04	9.5	3	0.068	2023-04-14
I23	0	0.00196144666427692	0	3.11877465627644	0.965709932159011	0.915026158802158	0.915625000000001	0.00733831891918107		35G3B04	9.8	3	0.039	2023-04-14
I24	0	0.0241671254019108	0	-1.51107636030108	2.23390569688597	1.8323743619071	1.828375	0.00860065061035861	questionable fit	35G3B04	10.1	3	0.056	2023-04-14
I3	0.153818529579871	0.00333181700883686	0.331173808195074	11.5056109328624	2.0930012078481	5.63483459323548	5.6175	0.00316332049355872		35G3B04	3.8	3	0.158	2023-04-14
I4	0.201025334340668	0.0106027967090019	0.27517044274667	10.4957772704356	2.51897396261443	7.54089092988764	7.542125	0.00321049054049153		35G3B04	4.1	3	0.206	2023-04-14
I5	0.191967507444611	0.00840506403104074	0.283106370805042	10.8924447969226	2.44836306081319	7.13240414704411	7.080875	0.0102945456349741		35G3B04	4.4	3	0.209	2023-04-14
I6	0.226410988928756	0.0137108935291704	0.257007227736788	10.6677642099044	2.69699489257098	8.44380476754708	8.423	0.00725487517725341		35G3B04	4.7	3	0.237	2023-04-14
I7	0.211646628058205	0.0120269345802357	0.223725235728376	12.5567655864938	3.09820739847825	7.48974957238061	7.4295	0.0102284820919183		35G3B04	5	3	0.225	2023-04-14
I8	0.259179898095304	0.0178799854239038	0.228314801779113	11.3981162671733	3.03592747889618	9.45864155213419	9.425875	0.00751876200931657		35G3B04	5.3	3	0.267	2023-04-14
I9	0.24959111810097	0.0114989215548565	0.243698737605162	12.435044825228	2.84427891326616	8.87965499662489	8.817875	0.00907108895598343		35G3B04	5.6	3	0.265	2023-04-14
J1	0	0.017	0	-18.6485226597533	7.45195609276512	0.703788848610577	0.669625	0.00110784852661466	questionable fit (k < n0)	25D05	3.2	1	0.017	2023-04-14
J10	0.231650830823803	0.0138291260949172	0.250127267901146	11.0219886399327	2.77117799421168	8.55648832563391	8.520875	0.00701933958465455		25D05	5.9	1	0.237	2023-04-14
J11	0.226627858218487	0.0147285614929788	0.267562041027227	9.96524981176811	2.59060357702015	8.6092427149913	8.601125	0.00508001605213879		25D05	6.2	1	0.233	2023-04-14
J12	0.187224543074409	0.00679700289233393	0.262644618769581	12.4839698190095	2.63910672835085	6.66150106000338	6.68975	0.00657456808808464		25D05	6.5	1	0.193	2023-04-14
J13	0.213089532651584	0.0174418267410834	0.205929356457534	11.7391930289739	3.36594642203373	7.6826233755584	7.683125	0.00873750319327065		25D05	6.8	1	0.221	2023-04-14
J14	0.262473633034278	0.00884023235123611	0.279429322144518	12.0122567449717	2.48058140513062	9.46742420616201	9.501375	0.0105717312860604		25D05	7.1	1	0.271	2023-04-14
J15	0.252907471871675	0.0123386642221192	0.235172734208273	12.6301562819483	2.94739601890279	8.94353420476867	8.9805	0.0102707320062295		25D05	7.4	1	0.265	2023-04-14
J16	0.178694164145986	0.00702388484545717	0.266618087077738	11.988155903138	2.59977553720068	6.44485586516502	6.457875	0.00580779762053501		25D05	7.7	1	0.192	2023-04-14
J17	0.152821921645519	0.00555611888882495	0.287382681249451	11.4040947033247	2.41193094011913	5.60426245773489	5.65475	0.00911831551624797		25D05	8	1	0.159	2023-04-14
J18	0.160717294919041	0.0119856037051976	0.219931563174535	11.4510062942903	3.15164940654685	5.85054723335692	5.855875	0.0064254091564446		25D05	8.3	1	0.172	2023-04-14
J19	0.176302380721265	0.0115496408730574	0.129040972456065	20.5964928018872	5.37152787496193	4.81304102611073	4.842	0.0066841522921777		25D05	8.6	1	0.165	2023-04-14
J2	0	0	0	0	0	0	0	0	cannot fit data	25D05	3.5	1	0.015	2023-04-14
J20	0.0930081640580143	0.0152418267147006	0.0972020444287849	16.7657507506142	7.13099384517349	2.79684391274516	2.79075	0.00498940455707492		25D05	8.9	1	0.093	2023-04-14
J21	0.063	0.0285981671795276	0.0124235874689994	1202.77464128421	55.7928361907991	1.88774202532652	1.886375	0.0102092172055341		25D05	9.2	1	0.063	2023-04-14
J22	0	0.0120973384751567	0	0.300112775449413	0.214521472693053	2.10342478072815	1.86525	0.0103666505703061		25D05	9.5	1	0.05	2023-04-14
J23	0	0.0103133793667151	0	1.27771598704147	2.50539749800317	1.12510770778937	1.110875	0.00531975515472471		25D05	9.8	1	0.034	2023-04-14
J24	0	0.00234561939572716	0	3.80154392957592	3.53081959083054	0.309418964024161	0.3095	0.00231797768078167		25D05	10.1	1	0.015	2023-04-14
J3	0.181612558238861	0.0270183853233505	0.190781416712042	9.14284997967626	3.63320071999547	6.94134749934683	6.933	0.00269607206894872		25D05	3.8	1	0.182	2023-04-14
J4	0.154478119695992	0.0121060683305739	0.185390712711319	13.294823852594	3.73884522273389	5.32610175438123	5.313875	0.00460839526641131		25D05	4.1	1	0.156	2023-04-14
J5	0.209475925794856	0.0137231675245991	0.266180771757302	9.98481950147721	2.60404677612078	7.95285738681812	7.938625	0.00424768769107926		25D05	4.4	1	0.214	2023-04-14
J6	0.18213628398054	0.0107787691445721	0.24836149865131	11.1376913877603	2.79088016590324	6.70658817561768	6.688	0.0043673296293025		25D05	4.7	1	0.184	2023-04-14
J7	0.232858583569996	0.0245279073621362	0.223641984066782	9.56580255004566	3.09936071910793	8.88169628075167	8.86875	0.00338045842043487		25D05	5	1	0.237	2023-04-14
J8	0.199393404463172	0.00981842265356596	0.27768479227573	10.6614558212424	2.49616543592231	7.44964263265484	7.421375	0.00578337502949753		25D05	5.3	1	0.206	2023-04-14
J9	0.241107572767858	0.0189694282486638	0.219135821213481	11.2280630505633	3.16309390551299	8.82552563644035	8.794375	0.00638684130095795		25D05	5.6	1	0.251	2023-04-14
K1	0	0.00331193689990345	0	5.24321162904749	7.70809027870559	0.325795237487172	0.325	0.000719985575153275		25D05	3.2	2	0.01	2023-04-14
K10	0.269777056659397	0.0167933801346849	0.23631433949388	11.4776792793735	2.93315751403184	9.83493585059263	9.80175	0.00725591476342249		25D05	5.9	2	0.279	2023-04-14
K11	0.215770423300268	0.00897373007293431	0.270721981092031	11.5891392023032	2.5603653525434	7.86674291757599	7.830125	0.00646361457440073		25D05	6.2	2	0.227	2023-04-14
K12	0.207103460234467	0.0122027317126907	0.24595470495554	11.2656129403265	2.81819036836576	7.59917730330654	7.606625	0.00596741209622359		25D05	6.5	2	0.212	2023-04-14
K13	0.195363011390516	0.00918189649362199	0.227325811951191	13.2386469319021	3.04913540002563	6.79001027580599	6.7815	0.00487694488421124		25D05	6.8	2	0.203	2023-04-14
K14	0.270064783115716	0.0154261109361119	0.244173561776044	11.482750053191	2.83874787883751	9.85239962956582	9.880875	0.0101408494455321		25D05	7.1	2	0.272	2023-04-14
K15	0.219255490385159	0.0130441771903327	0.213371094893278	12.9378330027753	3.24855239134727	7.66998550019394	7.66025	0.00599340966010532		25D05	7.4	2	0.222	2023-04-14
K16	0.18701439811893	0.0167370872638961	0.237354072777097	9.77358959909595	2.9203087709849	7.11338863878026	7.1165	0.00792907452947127		25D05	7.7	2	0.203	2023-04-14
K17	0.144381494113814	0.00906930209175265	0.226212039520101	11.9475927700267	3.06414805343883	5.19362690920988	5.196375	0.00385013230862072		25D05	8	2	0.151	2023-04-14
K18	0.149822364030366	0.0158636673382618	0.197690040748071	10.7921475928957	3.50623217000226	5.52088592547415	5.5265	0.00696717608775904		25D05	8.3	2	0.155	2023-04-14
K19	0.13633353147664	0.0123901689395872	0.119724608935585	19.2351547213023	5.78951300590905	3.87597577099449	3.88825	0.0072394444523077		25D05	8.6	2	0.13	2023-04-14
K2	0	0.00810417045151297	0	-0.0285479065991165	0.0650871403487281	0.678174375176827	0.675875	0.000360259354165858	questionable fit	25D05	3.5	2	0.015	2023-04-14
K20	0.125109393646691	0.0291773348690588	0.0617015444543758	19.2904087833757	11.2338708323984	3.39381468742565	3.384375	0.00716800207997485		25D05	8.9	2	0.118	2023-04-14
K21	0.062	0.027013427678265	0.0131558146114672	974.150603667994	52.6875150669701	1.81815497000858	1.81575	0.00855327015136349		25D05	9.2	2	0.062	2023-04-14
K22	0	0.0252635561640665	0	0.246487416148237	2.24677651830178	2.40726065491891	2.404625	0.0130164955601963		25D05	9.5	2	0.083	2023-04-14
K23	0	0.0114117260544984	0	4.04987897418972	3.00541000322317	1.72801906898537	1.729625	0.00779784588976265		25D05	9.8	2	0.052	2023-04-14
K24	0	0.018593084921623	0	1.66854155134629	2.95502601350612	2.04349171768552	2.039375	0.00218165345613726		25D05	10.1	2	0.052	2023-04-14
K3	0.136678469613424	0.00679258249759461	0.221259296958731	13.3365020429641	3.13273697461504	4.73452174187344	4.70475	0.00459330905859667		25D05	3.8	2	0.139	2023-04-14
K4	0.154885302650225	0.0137653523881256	0.18430186244573	12.6284969145445	3.76093421608287	5.43320841836895	5.422875	0.00416329639934893		25D05	4.1	2	0.155	2023-04-14
K5	0.182397719174238	0.00736209624884019	0.290635066828881	10.9024861959985	2.38493994590148	6.77799858465646	6.739375	0.00632096743066942		25D05	4.4	2	0.188	2023-04-14
K6	0.208192627831771	0.0108084805803584	0.245898205147079	11.8131026998754	2.81883790142085	7.531439709025	7.53475	0.00543278230518117		25D05	4.7	2	0.209	2023-04-14
K7	0.187615608586792	0.00754303411819848	0.287283973379869	11.0438999425342	2.412759655212	6.94516660047081	6.908375	0.00557762725943615		25D05	5	2	0.194	2023-04-14
K8	0.230239346890276	0.0102750640686492	0.275690799524636	11.1129758116319	2.51421948703082	8.50188222609274	8.490625	0.00444141765637314		25D05	5.3	2	0.236	2023-04-14
K9	0.217743839181824	0.0118196799704045	0.247909080372202	11.5273793166206	2.79597334441836	7.93734392558636	7.886	0.00856587989538312		25D05	5.6	2	0.229	2023-04-14
L1	0	0	0	0	0	0	0	0	cannot fit data	25D05	3.2	3	0.00600000000000001	2023-04-14
L10	0.265192772412327	0.0132182273493948	0.252190177369206	11.6885255588448	2.74850982615861	9.63017164651212	9.5915	0.00718843749814098		25D05	5.9	3	0.274	2023-04-14
L11	0.223681086891781	0.0137013942512061	0.267288384364501	10.2118662320578	2.59325590301261	8.44541796607552	8.434875	0.00499616807698025		25D05	6.2	3	0.231	2023-04-14
L12	0.199470971611321	0.00738971111167184	0.257694648976907	12.6422100140133	2.68980044138232	7.06454901083459	7.0795	0.0057988240077609		25D05	6.5	3	0.203	2023-04-14
L13	0.205073197552133	0.00762701830385847	0.27564334111258	11.8042722921557	2.51465236839096	7.43659177138651	7.459625	0.00739727659198005		25D05	6.8	3	0.21	2023-04-14
L14	0.266563012769023	0.00984553131510412	0.251897213364063	12.9455918311899	2.75170642542263	9.35910140756775	9.396	0.00938300738021311		25D05	7.1	3	0.272	2023-04-14
L15	0.241222696118347	0.0108915337521338	0.270873762735144	11.2655146495941	2.55893067516359	8.86947051755457	8.887375	0.0100122278352381		25D05	7.4	3	0.253	2023-04-14
L16	0.171336798515819	0.0131762100145202	0.211161790554564	11.7691650621681	3.28254074157813	6.17819282319816	6.171125	0.00397001670803355		25D05	7.7	3	0.174	2023-04-14
L17	0.1655157027532	0.00542298255579324	0.302968451742147	11.1731342917406	2.28785266774203	6.11111733373084	6.150375	0.00893980588320584		25D05	8	3	0.174	2023-04-14
L18	0.131383554843531	0.0105232218392738	0.215612273138325	11.3214853300336	3.21478536667187	4.79519322764751	4.792375	0.00733890705902427		25D05	8.3	3	0.157	2023-04-14
L19	0.149423080802102	0.0109181821041991	0.135142533828321	18.7984947463333	5.12900832124761	4.33066609985699	4.351875	0.0060937172614794		25D05	8.6	3	0.143	2023-04-14
L2	0	0	0	0	0	0	0	0	cannot fit data	25D05	3.5	3	0.013	2023-04-14
L20	0.0951089929676278	0.0170193680140517	0.0608526329108876	25.0359785853761	11.3905865268802	2.23685364691806	2.230875	0.00606924509452002		25D05	8.9	3	0.076	2023-04-14
L21	0	0.0137101758709472	0	3.91976881578465	2.7066604754624	2.20154734493519	2.199625	0.00662955241830781		25D05	9.2	3	0.063	2023-04-14
L22	0	0.00472718300815895	0	4.07469160502242	1.66191466843846	1.3376088376806	1.339875	0.00730457886927821		25D05	9.5	3	0.051	2023-04-14
L23	0	0.0138543262137582	0	1.36542774995603	1.84416080871189	1.68687434015815	1.65425	0.00450746169016176		25D05	9.8	3	0.042	2023-04-14
L24	0	0.00613941136250052	0	6.62144873600786	5.75001937601507	0.762554987434626	0.7615	0.00289017417255076		25D05	10.1	3	0.026	2023-04-14
L3	0.130684647845295	0.0121254181342821	0.18920661237746	12.0508935406973	3.66344057350989	4.658232317475	4.645875	0.00342885799007674		25D05	3.8	3	0.132	2023-04-14
L4	0.140885938868375	0.00964934046505359	0.207595114196915	12.573090804798	3.33893783214213	4.97226187427435	4.96125	0.00312597098096229		25D05	4.1	3	0.142	2023-04-14
L5	0.183991597935959	0.0088071504820771	0.259713069696431	11.5137657935162	2.66889602964587	6.7161296501068	6.715	0.0034611651156874		25D05	4.4	3	0.185	2023-04-14
L6	0.196107166805182	0.00923237283803059	0.244718584884322	12.2905366942072	2.8324255834006	7.0045078754009	6.999125	0.00440862401592184		25D05	4.7	3	0.199	2023-04-14
L7	0.214222944057544	0.0110114474970534	0.289082563435327	10.0847032896279	2.39774814614516	8.12708993472978	8.112625	0.00413944366029188		25D05	5	3	0.218	2023-04-14
L8	0.228198925387829	0.00934353060709869	0.287476348388491	10.9703877952372	2.41114507139641	8.46366688824893	8.44725	0.00500418300620019		25D05	5.3	3	0.234	2023-04-14
L9	0.238626013889403	0.0146479431899565	0.251425525114292	10.8471413876661	2.75686877951177	8.85444528550066	8.827375	0.00532823143222717		25D05	5.6	3	0.246	2023-04-14
M1	0	0.00200848776062683	0	32.2498208440902	13.4274654296484	0.24797821071638	0.247125	0.000938202779558231		26G4B12	3.2	1	0.01	2023-04-14
M10	0.240967847588346	0.0139241496769695	0.184612878679315	15.1209265641661	3.75459819227448	7.89734247890797	7.8745	0.00907456886651105		26G4B12	5.9	1	0.253	2023-04-14
M11	0.16458762618309	0.00556068474659103	0.206392132920147	16.2474815627761	3.35839923137053	5.23344713453918	5.186625	0.00743566506715576		26G4B12	6.2	1	0.183	2023-04-14
M12	0.121607066344147	0.00620846201087213	0.19984594834553	14.6236592838804	3.46840747234719	4.05254756263342	4.044125	0.00393532275414087		26G4B12	6.5	1	0.137	2023-04-14
M13	0.129673448908575	0.00573456935496489	0.15685360640524	19.5932752240098	4.41907072744737	3.68199670576967	3.6495	0.00491214615092757		26G4B12	6.8	1	0.135	2023-04-14
M14	0	0.0123843056561773	0	1.55060519132244	7.3291931352954	1.0743116668904	1.07175	0.00114291898049992		26G4B12	7.1	1	0.027	2023-04-14
M15	0	0.00298291390857287	0	7.58835919522728	9.09552988914076	0.293495022155392	0.292875	0.00172654734647546		26G4B12	7.4	1	0.012	2023-04-14
M16	0	0.0159777378317731	0	-8.66704592907785	5.01183110558575	0.962912911651865	0.959375	0.00118535323181565	questionable fit	26G4B12	7.7	1	0.024	2023-04-14
M17	0	0.00506626440062574	0	10.2329526978894	9.1725595382661	0.54037455182543	0.539500000000001	0.00182251698011733		26G4B12	8	1	0.021	2023-04-14
M18	0	0.0179791242722974	0	-6.42416063223656	3.55475373656105	1.0845336079606	1.08075	0.00124641504928322	questionable fit	26G4B12	8.3	1	0.027	2023-04-14
M19	0	0.0063510737697296	0	48.2946393802576	24.758056151643	0.509721592026843	0.509124999999998	0.0018466492433531		26G4B12	8.6	1	0.02	2023-04-14
M2	0	0.0121642047619074	0	-1.04268843019509	0.501532825170909	0.722841195930756	0.720375	0.000529150816739154	questionable fit	26G4B12	3.5	1	0.016	2023-04-14
M20	0	0	0	0	0	0	0	0	cannot fit data	26G4B12	8.9	1	0.025	2023-04-14
M21	0	0.00869180146563523	0	37.5484857390297	42.1281653512119	0.533020335907792	0.53225	0.00161525162746601		26G4B12	9.2	1	0.015	2023-04-14
M22	0	0.0229578808174416	0	-3.98744686187972	1.20031807415832	1.21317332953231	1.208125	0.000976294010415278	questionable fit	26G4B12	9.5	1	0.028	2023-04-14
M23	0	0.00426371187968148	0	6.95865789238864	6.61543414706354	0.492886485464625	0.492249999999999	0.00136940788940036		26G4B12	9.8	1	0.014	2023-04-14
M24	0	0.0256906095488231	0	-26.4200181082686	17.3522086719986	1.45342635661749	1.44775	0.00174057237867043	questionable fit	26G4B12	10.1	1	0.037	2023-04-14
M3	0.14907515864175	0.00342702987306315	0.171027012084357	21.9234355459329	4.05285207355467	3.90729468526572	3.8875	0.00263383691066643		26G4B12	3.8	1	0.152	2023-04-14
M4	0.211829713586862	0.00708002967435324	0.188424804530747	17.8559828593079	3.67864083651915	6.39423439432372	6.371125	0.00478704255713494		26G4B12	4.1	1	0.216	2023-04-14
M5	0.205638227820078	0.00443709830260031	0.233950548802007	16.3038917596021	2.96279356517585	6.54136088868655	6.481625	0.00847505727438286		26G4B12	4.4	1	0.216	2023-04-14
M6	0.25161336518819	0.00779843096825864	0.207088623189658	16.6232546367484	3.34710410395235	7.90981946888863	7.874	0.00877356810043955		26G4B12	4.7	1	0.259	2023-04-14
M7	0.213295940547837	0.00396260291796231	0.256140072010837	15.487724178916	2.70612550046687	6.96297789632064	6.901125	0.00940020258556536		26G4B12	5	1	0.225	2023-04-14
M8	0.249793995043862	0.00613678499520188	0.241266053541812	15.2589281335978	2.87295775922252	8.2042736471062	8.176875	0.0100722846529682		26G4B12	5.3	1	0.264	2023-04-14
M9	0.209002008142816	0.00407094004476566	0.267658802415701	14.6410269045103	2.58966704739049	6.99961815740356	6.951625	0.00855063751192774		26G4B12	5.6	1	0.22	2023-04-14
N1	0	0.00279054040099468	0	-17.3052421507986	9.51029027279245	0.105317061269252	0.101125	0.000439274212548466	questionable fit (k < n0)	26G4B12	3.2	2	0.003	2023-04-14
N10	0.226196121245019	0.00394135563739168	0.248109053544169	16.2521259284281	2.79371982061328	7.2118564355747	7.17075	0.00771868199612608		26G4B12	5.9	2	0.238	2023-04-14
N11	0.174331893311265	0.00509434478832223	0.229378802944116	15.2724324833974	3.02184496415224	5.71900631177417	5.7035	0.00341501870469358		26G4B12	6.2	2	0.181	2023-04-14
N12	0.118783544787209	0.00347042302132692	0.217411457527003	16.1140299199773	3.18818147141052	3.79615551683037	3.77625	0.00377236257525821		26G4B12	6.5	2	0.131	2023-04-14
N13	0.144597565135325	0.00563527643326812	0.15218064172029	21.0615249943636	4.55476578837115	3.90221899812725	3.854375	0.00624837102502783		26G4B12	6.8	2	0.147	2023-04-14
N14	0	0.00459970263754676	0	8.66874578552764	5.20251787779817	0.720314512781236	0.72025	0.00119183002506437		26G4B12	7.1	2	0.022	2023-04-14
N15	0	0.00458998322911567	0	1.16049240832502	2.15511397733939	0.511228060949166	0.51025	0.00151617100988881		26G4B12	7.4	2	0.017	2023-04-14
N16	0	0.00482348345073323	0	1.08109647727513	3.94491440851396	0.4656155704656	0.464875	0.00112270215483492		26G4B12	7.7	2	0.015	2023-04-14
N17	0	0.00437699491905503	0	2.17906733724325	7.48695528147788	0.386615581542178	0.385625	0.000572511405675595		26G4B12	8	2	0.013	2023-04-14
N18	0	0.00602115557224684	0	-14.0338149783593	15.6526016561772	0.369173064180068	0.367875	0.000770868201146753	questionable fit	26G4B12	8.3	2	0.012	2023-04-14
N19	0	0.00366238471722217	0	-16.5053239056666	11.358540681883	0.217079820601602	0.2145	0.000661085660273553	questionable fit	26G4B12	8.6	2	0.00600000000000001	2023-04-14
N2	0	0.00631424629880728	0	-0.531268321688934	0.27884927827194	0.384876208139586	0.373	0.000473593075680889	questionable fit	26G4B12	3.5	2	0.00799999999999999	2023-04-14
N20	0	0.00482604909752365	0	-1.73933481225045	1.95695451845388	0.349216692596396	0.34825	0.000759079592772892	questionable fit	26G4B12	8.9	2	0.01	2023-04-14
N21	0.00900000000000001	0.00727901540535625	0.00096008556518573	8593.63285763424	721.963964145066	0.359126963675284	0.358	0.000717751404744844		26G4B12	9.2	2	0.00900000000000001	2023-04-14
N22	0.00899999999999999	0.0072403632526468	0.00305492483408991	3684.02821827756	226.895003381136	0.376027267902459	0.37475	0.000654224527878734		26G4B12	9.5	2	0.00899999999999999	2023-04-14
N23	0	0.00541392623458753	0	-8.07805305784986	5.18458603156554	0.333773599948109	0.33275	0.000708635571390856	questionable fit	26G4B12	9.8	2	0.00900000000000001	2023-04-14
N24	0	0	0	0	0	0	0	0	cannot fit data	26G4B12	10.1	2	0	2023-04-14
N3	0.153864222758685	0.00539441210146526	0.157886375035433	20.9962260506628	4.39016463836344	4.16482262535657	4.148	0.00283449405487177		26G4B12	3.8	2	0.156	2023-04-14
N4	0.192628700789819	0.00449345547336399	0.197450394197091	18.913809265432	3.51048770187848	5.62224162907172	5.58175	0.00514138664242151		26G4B12	4.1	2	0.198	2023-04-14
N5	0.226605348348277	0.00566064271931249	0.218225859043943	16.7916627528703	3.17628343220484	7.0931923415603	7.036625	0.00826083419235684		26G4B12	4.4	2	0.234	2023-04-14
N6	0.231882697242698	0.00567875770754506	0.217771171616867	16.920074668196	3.18291523810795	7.22913723075295	7.1725	0.00885721733693299		26G4B12	4.7	2	0.241	2023-04-14
N7	0.236640228156386	0.00550135294651052	0.242893652233996	15.3895527306736	2.85370644388924	7.74280906756501	7.696	0.00877045221960948		26G4B12	5	2	0.246	2023-04-14
N8	0.234211257747391	0.00373760068609721	0.263008098070614	15.6713527921594	2.63545946168488	7.60552700290831	7.549125	0.00910493393356283		26G4B12	5.3	2	0.247	2023-04-14
N9	0.234407844656112	0.00393522195050599	0.274126088679676	14.8477834306162	2.52857064389047	7.8047421137621	7.76375	0.00783576633631025		26G4B12	5.6	2	0.244	2023-04-14
O1	0	0.00310417645976259	0	19.9579545067611	17.3090295506455	0.259759055869218	0.258625	0.00106260118008568		26G4B12	3.2	3	0.00899999999999998	2023-04-14
O10	0.275552881107405	0.0122545132109488	0.200191281421193	15.3223134970642	3.46242441548489	9.00012921852435	9.01875	0.00547354576173962		26G4B12	5.9	3	0.283	2023-04-14
O11	0.208553589994902	0.00679509364143703	0.175850686782185	19.282669025335	3.94168025865319	5.99982342623217	5.963875	0.00547745168108465		26G4B12	6.2	3	0.212	2023-04-14
O12	0.176701334278558	0.0144398536092564	0.133866922166108	18.0718065188777	5.17788240249417	5.23516411997712	5.216375	0.0067266575159309		26G4B12	6.5	3	0.184	2023-04-14
O13	0.135130814068008	0.0046680437628796	0.136614078199771	24.3777790361503	5.07376098930561	3.22242117857353	3.183875	0.00748617787409131		26G4B12	6.8	3	0.145	2023-04-14
O14	0	0.0188973311171377	0	-3.13197493649245	6.69124646681839	1.40003500964928	1.39625	0.00171976967119424	questionable fit	26G4B12	7.1	3	0.035	2023-04-14
O15	0	0.00284022755507392	0	8.82207084291512	6.99900839941168	0.347813240741022	0.346625	0.00183505961389984		26G4B12	7.4	3	0.014	2023-04-14
O16	0	0.0221379800399107	0	-10.3161161742759	10.0658207584989	1.4083897950245	1.40425	0.00150762703324854	questionable fit	26G4B12	7.7	3	0.035	2023-04-14
O17	0	0.00351547910325453	0	7.14496414595863	5.15655134390901	0.491251047468312	0.4905	0.0012099465058327		26G4B12	8	3	0.016	2023-04-14
O18	0	0.026755855495461	0	-15.6299068421518	20.0304539059991	1.60684142087718	1.600875	0.00179947967559771	questionable fit	26G4B12	8.3	3	0.041	2023-04-14
O19	0	0.00445382732143025	0	6.22538507854332	5.1324278825435	0.581515348496537	0.580375	0.00157860165767104		26G4B12	8.6	3	0.018	2023-04-14
O2	0	0.0187041555416938	0	-5.47864991821671	1.42251075746799	0.961344982432035	0.956249999999999	0.000607610266587269	questionable fit	26G4B12	3.5	3	0.021	2023-04-14
O20	0	0.0271374441136702	0	-8.94307681101076	3.24595927675519	1.48176630177336	1.47575	0.00107920207340036	questionable fit	26G4B12	8.9	3	0.035	2023-04-14
O21	0	0.00405753986878951	0	6.34927101092543	5.6060112312749	0.50340789919356	0.502500000000001	0.00102295212349852		26G4B12	9.2	3	0.016	2023-04-14
O22	0	0.0301071059057497	0	-8.99621281516319	3.97706523438729	1.71435040185504	1.707625	0.0013392004537982	questionable fit	26G4B12	9.5	3	0.039	2023-04-14
O23	0	0.00690791764269329	0	8.07825358543785	6.19029455156045	0.891690215461135	0.890625000000001	0.00192997016628342		26G4B12	9.8	3	0.027	2023-04-14
O24	0	0.0323359493295779	0	-23.8721857043838	28.0313327231056	1.84245289680879	1.83525	0.00187732258671317	questionable fit	26G4B12	10.1	3	0.049	2023-04-14
O3	0.137904960926797	0.00226294573012681	0.166836702490182	24.535079679835	4.15464445301377	3.26626533045956	3.274375	0.0023361181776578		26G4B12	3.8	3	0.136	2023-04-14
O4	0.201678490539306	0.00744268405730558	0.171694853176831	18.9978983862599	4.03708770376513	5.85399336941981	5.836875	0.00475112109146268		26G4B12	4.1	3	0.204	2023-04-14
O5	0.198405618402528	0.00575115208230537	0.205575240734415	17.0813277171778	3.3717444672991	6.14827212225172	6.088625	0.00787503909462546		26G4B12	4.4	3	0.208	2023-04-14
O6	0.247798992058254	0.00855388891943095	0.204631627802406	16.2785321821053	3.38729251193394	7.87049780643496	7.8485	0.00751474535191706		26G4B12	4.7	3	0.254	2023-04-14
O7	0.211568422636871	0.00374503053755004	0.255408161022103	15.7248650761935	2.71388031528077	6.85712463094502	6.795625	0.00877836830328143		26G4B12	5	3	0.221	2023-04-14
O8	0.26028809468891	0.00680715895269865	0.245240175581902	14.7500863668519	2.82640142022105	8.6800070818706	8.685875	0.00834585652049649		26G4B12	5.3	3	0.273	2023-04-14
O9	0.222594896914292	0.00313258657384326	0.273465127850964	15.5388056224266	2.53468215858844	7.25983721822031	7.226	0.00817273706778873		26G4B12	5.6	3	0.236	2023-04-14
