sample	k	n0	r	t_mid	t_gen	auc_l	auc_e	sigma	note	strain	pH	max.OD	date
A1	0	0.0162878010022029	0	2.23894221028384	6.83966056202439	1.48028150035522	1.47637472222222	0.00331361438332875		35G2A07	3.2	0.044	2023-02-09
A10	0.249644482735207	0.000922795788176276	0.147356112429101	37.9806563355566	4.70389160743804	2.89206361924799	3.06737486111111	0.0214485300698272		35G3B04	3.2	0.213	2023-02-09
A11	0.28242344486336	0.01288337715433	0.179940825794618	16.8987729848661	3.85208402539562	8.7831584650378	8.80725	0.0190857798079575		35G3B04	5.6	0.296	2023-02-09
A12	0.189977945119122	0.03186281447693	0.0823457723780931	19.4531395710373	8.41751993505312	5.25101910388772	5.24200013888889	0.00864207801741002		35G3B04	8	0.175	2023-02-09
A2	0.240736397148994	0.00532067368310783	0.315375266004816	12.0166464154819	2.1978488970957	8.7026928542205	8.68712513888889	0.0247938259749356		35G2A07	5.6	0.316	2023-02-09
A3	0.454507717686938	0.0223600270616315	0.108027273081251	27.4143043996102	6.41640912326469	9.67398221217018	9.58725013888889	0.0217393875499988		35G2A07	8	0.401	2023-02-09
A4	0	0.0144813360598351	0	-0.260402728035253	0.577271372502525	1.19806297591664	1.19574972222222	0.00271645799177079	questionable fit	25D05	3.2	0.029	2023-02-09
A5	0.355563800201098	0.00000792918525516648	0.438368839824824	24.4335053414715	1.58119628401721	8.46394331375873	8.90562513888889	0.0402195424896649		25D05	5.6	0.427	2023-02-09
A6	0.107567667929276	0.0003712155826973	0.363433995273577	15.5891730759648	1.9072161371095	3.5109131712299	3.595875	0.0197481611724109		25D05	8	0.149	2023-02-09
B1	0.087	0.0152092853155519	0.0348685649601579	514.105568613501	19.8788559653075	1.90885100180703	1.90925041666667	0.00297870677780923		35G2A07	3.5	0.087	2023-02-09
B10	0.30765151510802	0.00555773003874555	0.187873234552363	21.2672537777181	3.68944082009061	8.27795566237499	8.31887513888889	0.0173861303417277		35G3B04	3.5	0.317	2023-02-09
B11	0.284083075528446	0.0159436210611299	0.173999214675244	16.2210409234757	3.98362246550163	9.00731485078235	9.05200013888889	0.0256526500625654		35G3B04	5.9	0.304	2023-02-09
B12	0.136420981796078	0.0278863248513483	0.104476242518825	13.0071017878516	6.63449568867346	4.54010920950027	4.51250013888889	0.0144726867798455		35G3B04	8.3	0.142	2023-02-09
B2	0.280623479093992	0.0143713500356724	0.245177607843169	11.9064995178573	2.82712269957102	10.1353943127409	10.1282502777778	0.0398908568844294		35G2A07	5.9	0.409	2023-02-09
B3	0.785637794793913	0.0367757425685666	0.0571732204216104	52.7120268877957	12.1236336775941	7.22053428581887	7.165	0.0246755798110668		35G2A07	8.3	0.339	2023-02-09
B4	0.218006805980185	0.0190793650830301	0.10462449035138	22.4071127406076	6.62509492980104	5.57562351251292	5.50087527777778	0.0394480548629074		25D05	3.5	0.252	2023-02-09
B5	0.369175045762844	0.00445503310770318	0.226851764133818	19.41838757545	3.05550712028434	10.6219960980902	10.7362501388889	0.0395670621037053		25D05	5.9	0.396	2023-02-09
B6	0	0.000189119203419944	0	12.0598710934273	1.47966787970528	1.95041439087242	2.0045	0.0123027750709007		25D05	8.3	0.088	2023-02-09
C1	0.141211269804839	0.0000616498405541967	0.815516611201435	9.48614043134715	0.849948573749819	5.47209230413994	5.57125	0.0533399965562704		35G2A07	3.8	0.251	2023-02-09
C10	0.297747198160873	0.00719676784489068	0.203125376278773	18.2062192942562	3.41241056759278	8.90923042265825	8.95749986111111	0.0187868169041438		35G3B04	3.8	0.316	2023-02-09
C11	0.254721420301509	0.0154745798813093	0.171401733356046	15.975901179421	4.04399166209188	8.13053349486916	8.1465	0.022105704786855		35G3B04	6.2	0.269	2023-02-09
C12	0.0887503863396754	0.000266075625484138	0.612639371019014	9.4783329887046	1.13141141975094	3.4394807366489	3.51787513888889	0.014599041354613		35G3B04	8.6	0.142	2023-02-09
C2	0.296826063027201	0.0208735185245264	0.235774650715129	10.9500644092221	2.93987151908638	10.9763579075877	10.9117504166667	0.0586662191534867		35G2A07	6.2	0.435	2023-02-09
C3	0.198303266204664	0.0173562705425065	0.113926210012187	20.5769180843546	6.08417659541029	5.39875179092023	5.35337527777778	0.0104789507593257		35G2A07	8.6	0.217	2023-02-09
C4	0.366307184126355	0.0296461526317591	0.0783756134450033	31.0012785678732	8.84391394328711	6.99586092126537	6.95275	0.0385922787910743		25D05	3.8	0.315	2023-02-09
C5	0.225339829432357	0.00115028727979308	0.299819453560847	17.585517157294	2.31188194204108	6.90340544225403	7.13450013888889	0.0353705286224486		25D05	6.2	0.322	2023-02-09
C6	0	0.00112938087442281	0	10.3819262602847	1.90667017098059	1.90212215437866	1.93562513888889	0.0118700682570892		25D05	8.6	0.083	2023-02-09
D1	0.16868339426798	0.0000620874397007915	1.08120806441485	7.31299297756178	0.641085840342006	6.90327417507968	6.98275027777778	0.0261603400830805		35G2A07	4.1	0.257	2023-02-09
D10	0.286023692451624	0.0103877359249142	0.193217832365497	16.9676633079608	3.58738720993808	8.89274570540215	8.942125	0.0205592136708524		35G3B04	4.1	0.31	2023-02-09
D11	0.23924465439568	0.0111322933009325	0.186653771111668	16.1796255737464	3.71354501134221	7.61189301286043	7.643125	0.0218760502842844		35G3B04	6.5	0.264	2023-02-09
D12	0	0.00000198825180441586	0	11.6047038612479	0.757578418017369	2.97563244399988	3.10375013888889	0.0176039454647676		35G3B04	8.9	0.149	2023-02-09
D2	0.237355545622354	0.0110717973130823	0.223137843121404	13.5225320841938	3.106363182792	8.18950266910919	8.21050041666667	0.047020268000431		35G2A07	6.5	0.365	2023-02-09
D3	0.162652286135254	0.0102175062457812	0.136410193808054	19.8125536554661	5.0813444450881	4.57050221783224	4.56112527777778	0.00664038596976298		35G2A07	8.9	0.16	2023-02-09
D4	0.351	0.0309978491035033	0.0584670103446013	63.111575562472	11.8553552930888	7.07982926121674	7.075625	0.0341153711793816		25D05	4.1	0.351	2023-02-09
D5	0.301971079165011	0.00488664232991527	0.207711321552548	19.775094295589	3.33706981101936	8.5751183914473	8.63437513888889	0.0216810122733188		25D05	6.5	0.333	2023-02-09
D6	0	0.0000887588730697302	0	15.0241310752664	1.64822170517447	1.63776243758002	1.705125	0.019652081582587		25D05	8.9	0.108	2023-02-09
E1	0.219144308644475	0.0165359169516678	0.248973356953997	10.0642905792184	2.78402150752226	8.29651222699561	8.26087527777778	0.0204857526351522		35G2A07	4.4	0.256	2023-02-09
E10	0.281269264147429	0.0100998806153151	0.201086698457129	16.3621964000897	3.44700661892722	8.91677050562617	8.956125	0.0188451820845148		35G3B04	4.4	0.307	2023-02-09
E11	0.211655247930865	0.0127543937216555	0.176289407221744	15.5819382794828	3.93187084512727	6.84094811148003	6.85375	0.0192530674240893		35G3B04	6.8	0.228	2023-02-09
E12	0	0.00026565002570511	0	12.2629918345013	1.4747828218966	3.0527319295422	3.1555	0.0195188387151051		35G3B04	9.2	0.13	2023-02-09
E2	0.223415501392168	0.011820620582217	0.262027255506884	11.0096485497889	2.6453247362343	8.27104119165998	8.22025013888889	0.0510912072693272		35G2A07	6.8	0.347	2023-02-09
E3	0.215905094486221	0.0115865223704559	0.10825079814618	26.5110086477673	6.40315999909699	4.76225135664799	4.7535	0.00552818291194041		35G2A07	9.2	0.199	2023-02-09
E4	0.563323942729429	0.0349090850839429	0.0553157344469853	49.1204646322157	12.5307417046819	6.16179264783269	6.12775	0.0319168150208472		25D05	4.4	0.28	2023-02-09
E5	0.176175953951282	0.0116120532880103	0.116020807431131	22.8515502706877	5.97433508615592	4.44672644959864	4.43425013888889	0.00892343762480558		25D05	6.8	0.184	2023-02-09
E6	0	0.000865330026191321	0	16.5993947691023	2.86613802313498	1.5403119397822	1.60925	0.0137159016160645		25D05	9.2	0.079	2023-02-09
F1	0.234778177365655	0.0100495778885272	0.277146821742179	11.2119734860001	2.50101075019637	8.6558206619437	8.66037527777778	0.0242292100419327		35G2A07	4.7	0.306	2023-02-09
F10	0.269863553433602	0.0096037439775422	0.204375440643374	16.144441664454	3.39153852526466	8.61484446584893	8.652125	0.019687259805782		35G3B04	4.7	0.288	2023-02-09
F11	0.165343559797787	0.0161964923033229	0.159211374718124	13.9445950952878	4.35362851295725	5.5675021574576	5.55499986111111	0.0125397194160033		35G3B04	7.1	0.176	2023-02-09
F12	0	0.0041807336166124	0	9.36692781761769	2.19118011025244	3.29474518842738	3.32112458333333	0.0092464919980282		35G3B04	9.5	0.107	2023-02-09
F2	0.27263568401642	0.0441937581240139	0.104158465528399	15.7711469332515	6.65473686698039	8.47613596200816	8.41512527777778	0.0630878822008296		35G2A07	7.1	0.349	2023-02-09
F3	0.127169362050648	0.0105280814712972	0.0713726289166761	33.6971913536164	9.71166665822495	2.23543769948936	2.22575013888889	0.00395424476883835		35G2A07	9.5	0.096	2023-02-09
F4	0.260040165672493	0.0243380052412444	0.0851501659544079	26.6650078740929	8.14029159885699	5.76112240953822	5.72525013888889	0.0216044666466514		25D05	4.7	0.244	2023-02-09
F5	0.100733032700159	0.00895428578200888	0.164662396638897	14.133454433302	4.20950499147666	3.38070470899225	3.360125	0.0128957875955369		25D05	7.1	0.131	2023-02-09
F6	0.131788124177638	0.0033744327884871	0.0906886629352591	40.1266227885152	7.64315139429026	1.6002096602501	1.621375	0.00616551544537647		25D05	9.5	0.088	2023-02-09
G1	0.241719000153875	0.0262815521934965	0.252523775718912	8.33110997640842	2.74487888748939	9.53605979716332	9.57087569444444	0.0274149122703727		35G2A07	5	0.319	2023-02-09
G10	0.259813813275314	0.017936842522788	0.173366549959415	15.0061956767769	3.99815985680174	8.53152645871729	8.55512513888889	0.0224696089672072		35G3B04	5	0.276	2023-02-09
G11	0.134925754073246	0.0169747004717826	0.152437325228125	12.717001610271	4.54709618869681	4.6775890761065	4.657625	0.0127291056459092		35G3B04	7.4	0.14	2023-02-09
G12	0	0.00570461927336766	0	9.46989992851402	2.57359490219147	3.03305095441844	3.05212486111111	0.00891611616599061		35G3B04	9.8	0.105	2023-02-09
G2	0.257588273501955	0.0306340205063474	0.159133436359129	12.5846418056236	4.35576077799053	8.98443188339394	8.88112527777778	0.0364628951206523		35G2A07	7.4	0.296	2023-02-09
G3	0.085	0.0112464861643507	0.0430409775546735	124.866752918221	16.1043549645094	1.79362173571046	1.791375	0.00581376081400736		35G2A07	9.8	0.085	2023-02-09
G4	0.195003267915817	0.0116904806681607	0.17178891340533	16.0220992532547	4.03487726198308	6.21645973603779	6.24312513888889	0.0256492942951738		25D05	5	0.247	2023-02-09
G5	0.149915118727062	0.0160637849418772	0.104063937184832	20.3736513936527	6.66078181655589	4.09116532963496	4.044625	0.0209825856877858		25D05	7.4	0.18	2023-02-09
G6	0.153302625551186	0.00584556275592001	0.0655007907297121	49.2796213232848	10.5822719518029	1.45280339246759	1.46125027777778	0.00737492658426047		25D05	9.8	0.08	2023-02-09
H1	0.260940825878873	0.012682354394243	0.259261764079416	11.4720303171727	2.67354186615664	9.54361156863066	9.54437527777778	0.0327942559515949		35G2A07	5.3	0.373	2023-02-09
H10	0.248136494520026	0.0213089157007527	0.16530386830632	14.3073760208332	4.19316975254017	8.29008158373186	8.30737513888889	0.0223278262375611		35G3B04	5.3	0.266	2023-02-09
H11	0.139245885022685	0.0348437167877059	0.12482308254284	8.79146383421861	5.55303687779103	5.17955202923707	5.16175069444444	0.00852466914212883		35G3B04	7.7	0.145	2023-02-09
H12	0	0.0137599719855061	0	45.6888037246963	21.0924773872829	1.22885432347173	1.22550013888889	0.00331342296460446		35G3B04	10.1	0.061	2023-02-09
H2	0.286643386116756	0.0323853084339441	0.0816401226226122	25.2405908062517	8.49027608353887	6.67083181527666	6.623875	0.0195831959413594		35G2A07	7.7	0.268	2023-02-09
H3	0.106609369127528	0.0100320943036346	0.085757220014932	26.4065705342277	8.08266849647475	2.38238602392717	2.365625	0.0127863461147886		35G2A07	10.1	0.106	2023-02-09
H4	0.201390780552189	0.00334994307048235	0.300903904317021	13.557583829922	2.30354997265064	6.97306442223679	6.993625	0.0378270090361753		25D05	5.3	0.3	2023-02-09
H5	0.0985634830678102	0.000602483516550154	0.333246841485705	15.2777574287445	2.07998124594282	3.24684596005531	3.34775	0.0167254585832697		25D05	7.7	0.128	2023-02-09
H6	0.045	0.00797087276815051	0.0319099212882373	506.12316147081	21.7219959365884	0.914530965981653	0.915	0.00334464244077112		25D05	10.1	0.045	2023-02-09
