sample	k	n0	r	t_mid	t_gen	auc_l	auc_e	sigma	note	strain	pH	replicate	max.OD	date
A1	0.0916643230278898	0.0880465730424027	0.0972742535759114	-32.8145785203419	7.12570032746665	4.38106413306022	4.36237472222222	0.00160763527440388	questionable fit	25G2A02	3.2	1	0.097	2023-03-24
A10	0.383558925148494	0.0235227949506659	0.250268874203959	10.9012135362253	2.76961001548702	14.2112331368031	14.2203754166667	0.0118116210746542		25G2A02	5.9	1	0.399	2023-03-24
A11	0.409079474421522	0.0369553570186477	0.248268234469441	9.30250636131576	2.79192858498885	15.7581927530082	15.7903756944444	0.0177562281910556		25G2A02	6.2	1	0.429	2023-03-24
A12	0.399917559280674	0.0158270403135264	0.251969993867947	12.6568974060964	2.75091160625741	14.1523138707233	14.1842509722222	0.014902216856498		25G2A02	6.5	1	0.418	2023-03-24
A13	0.383419386607764	0.0170971281714106	0.286220174690648	10.7071520399661	2.42172719414036	14.3162176355417	14.3905019444444	0.0200596547147729		25G2A02	6.8	1	0.405	2023-03-24
A14	0.382840342663259	0.0163406726287935	0.198434480407136	15.6743946994091	3.49307831551144	12.3727959983176	12.3957513888889	0.0120445725439154		25G2A02	7.1	1	0.395	2023-03-24
A15	0.313339453767069	0.0194952721431739	0.229940233055304	11.7981860518347	3.0144667218513	11.320383065108	11.3660008333333	0.0147409673507728		25G2A02	7.4	1	0.329	2023-03-24
A16	0.234665557504556	0.00923395103742564	0.28385913636781	11.2560400024882	2.44187025096068	8.63741877863087	8.67262555555556	0.0138569527568658		25G2A02	7.7	1	0.253	2023-03-24
A17	0.199942889431739	0.0264268577473182	0.248504304618755	7.57286344684155	2.78927635327422	8.01002496169918	8.01137541666667	0.00943139959240278		25G2A02	8	1	0.216	2023-03-24
A18	0.150076784908703	0.0109116773846478	0.247675269221095	10.2788926995909	2.79861280756774	5.64609689627892	5.67462486111111	0.00913521191860056		25G2A02	8.3	1	0.166	2023-03-24
A19	0.175920456819016	0.0251629611133796	0.115667126037664	15.4780316779666	5.99260312160119	5.55666451676266	5.56887569444444	0.0107289966664149		25G2A02	8.6	1	0.173	2023-03-24
A2	0	0.0281313613491543	0	-21.2356211239182	7.77051695904933	1.50995382450047	1.503875	0.000624402100426958	questionable fit	25G2A02	3.5	1	0.034	2023-03-24
A20	0.249899636856063	0.0406050987462287	0.0251865851838627	65.1080278468895	27.5204905905248	3.229087886705	3.22374972222222	0.00966203529884341		25G2A02	8.9	1	0.096	2023-03-24
A21	0.0974526457718756	0.0227880605032251	0.0608811267744093	19.4932192150016	11.385255452455	2.62859583774111	2.62337513888889	0.00290649580556254		25G2A02	9.2	1	0.083	2023-03-24
A22	0.134	0.026901686822942	0.032838367653093	537.241444684513	21.1078451853151	3.16984552395959	3.17749986111111	0.00921078905017732		25G2A02	9.5	1	0.134	2023-03-24
A23	0.149076907121581	0.0286622188979669	0.214476660515724	6.69239103392256	3.23180703622122	6.04021189104201	6.03212541666667	0.00846010524422421		25G2A02	9.8	1	0.17	2023-03-24
A24	0.047	0.0338394268449942	0.00503486121956221	3107.70314188903	137.669570288616	1.84620745402143	1.838125	0.00158217912048048		25G2A02	10.1	1	0.047	2023-03-24
A3	0.272844162241646	0.0415314815453314	0.229261512730351	7.49065396876668	3.02339094035029	10.9121792657356	10.9181251388889	0.00632006154151823		25G2A02	3.8	1	0.274	2023-03-24
A4	0.238989315936881	0.0103806121906037	0.316153525801487	9.78028621704931	2.19243855909161	9.14946516771851	9.16275	0.00491491780369696		25G2A02	4.1	1	0.244	2023-03-24
A5	0.332056121098131	0.0352155348469256	0.261804230758629	8.14237388667054	2.6475782249638	13.1607915941581	13.1682502777778	0.00671153492206613		25G2A02	4.4	1	0.338	2023-03-24
A6	0.270374927134442	0.0115697306297004	0.297462630362565	10.447306872537	2.33019919078607	10.1689190220546	10.1915001388889	0.00616877775929952		25G2A02	4.7	1	0.276	2023-03-24
A7	0.363707069412022	0.0304223582628583	0.258285700575992	9.2681062115455	2.68364519992469	14.0385779418608	14.0377502777778	0.0102090072640968		25G2A02	5	1	0.38	2023-03-24
A8	0.31525828922141	0.0141624894026916	0.281859884124279	10.8452170032747	2.4591906106593	11.7265134195661	11.7086254166667	0.00822744902889317		25G2A02	5.3	1	0.333	2023-03-24
A9	0.379900136079379	0.0378389396612154	0.223897749424107	9.83328747814775	3.09582022303845	14.3996067004959	14.4021252777778	0.00810693465977906		25G2A02	5.6	1	0.388	2023-03-24
B1	0	0.0163808244938096	0	-49.8361186668723	21.890966195106	0.70272704212296	0.65375	0.00188700460156899	questionable fit (k < n0)	25G2A02	3.2	2	0.02	2023-03-24
B10	0.353620638279191	0.0147582757948079	0.270587952187752	11.5814100108643	2.5616335648196	12.8951116266381	12.8661255555556	0.00789754952930353		25G2A02	5.9	2	0.366	2023-03-24
B11	0.363111935154821	0.015175678640806	0.307994773151837	10.1700597158979	2.25051605086244	13.7605177719336	13.7680004166667	0.0130767967145759		25G2A02	6.2	2	0.384	2023-03-24
B12	0.353657202616742	0.010529160381784	0.292746846927293	11.9009141444467	2.36773576841324	12.8026194312384	12.7957506944444	0.0115925778442844		25G2A02	6.5	2	0.374	2023-03-24
B13	0.346272128934722	0.0165841921736981	0.261511026534721	11.4323921156542	2.65054667003847	12.6683355285428	12.6770009722222	0.0116468663969562		25G2A02	6.8	2	0.361	2023-03-24
B14	0.349276463574229	0.0138876134069595	0.223541926006168	14.2447251005138	3.10074800259536	11.7988219734629	11.8028759722222	0.0126534359969021		25G2A02	7.1	2	0.366	2023-03-24
B15	0.261840315164779	0.0182821187675901	0.239771373054561	10.799589687976	2.89086712783773	9.71526994715608	9.73375	0.0112291816501224		25G2A02	7.4	2	0.275	2023-03-24
B16	0.212896027425876	0.0098033262609103	0.298509901384879	10.1535686898916	2.32202408477649	8.06732670920954	8.10725027777778	0.0147830874426163		25G2A02	7.7	2	0.234	2023-03-24
B17	0.18822077481126	0.0234833127756523	0.235092680309103	8.28636174760688	2.94839966794621	7.40683884926557	7.40837375	0.0117153723417647		25G2A02	8	2	0.206	2023-03-24
B18	0.169575590933239	0.0133367662269274	0.196641968550428	12.5144249876729	3.52491986156145	5.98233679811383	6.00487861111111	0.00964937033246191		25G2A02	8.3	2	0.185	2023-03-24
B19	0.165114359439669	0.0161460209267422	0.134869413417473	16.4756418582404	5.13939493763785	5.12978824406513	5.13837638888889	0.00567063471413144		25G2A02	8.6	2	0.161	2023-03-24
B2	0	0.0138962700799875	0	-0.603814228471727	4.63665652853026	1.16657921969654	1.16375	0.000539321360374425	questionable fit	25G2A02	3.5	2	0.028	2023-03-24
B20	0	0.0243116760589046	0	10.4199522927942	8.58246461366708	2.7377356615687	2.73125055555556	0.00804572532807891		25G2A02	8.9	2	0.077	2023-03-24
B21	0	0.0178794925276499	0	14.4777148678562	9.50573319375632	2.13039558644734	2.12487541666667	0.00496273123885539		25G2A02	9.2	2	0.088	2023-03-24
B22	0	0.0128141491658701	0	25.2866869211945	17.0799862986263	1.14459668899006	1.14249986111111	0.00204535537897957		25G2A02	9.5	2	0.038	2023-03-24
B23	0.103	0.00315558213173133	0.0737887547881439	262.579386297037	9.39366957133308	1.45643698035733	1.56774986111111	0.0127019243607963		25G2A02	9.8	2	0.103	2023-03-24
B24	0	0	0	0	0	0	0	0	cannot fit data	25G2A02	10.1	2	0.013	2023-03-24
B3	0.217231377962847	0.0181861231752245	0.256226946438497	9.33888259124869	2.70520798141863	8.3687954173838	8.382	0.00564569047440076		25G2A02	3.8	2	0.22	2023-03-24
B4	0.243386898060831	0.0114457823009787	0.30563162198312	9.84473466587279	2.26791709595491	9.29796603557013	9.3175	0.00575975307129597		25G2A02	4.1	2	0.246	2023-03-24
B5	0.260337770059635	0.0143774039190772	0.298368770683137	9.51678890973012	2.32312241985961	10.0223703702108	10.053625	0.00775223878873795		25G2A02	4.4	2	0.265	2023-03-24
B6	0.261572124029835	0.0112001210543654	0.290754799499711	10.6860600150004	2.38395782890812	9.77448275211352	9.79987513888889	0.00602148020761213		25G2A02	4.7	2	0.268	2023-03-24
B7	0.252956011784504	0.0158951542792511	0.252873039180312	10.6864005715624	2.74108771265922	9.42564082785465	9.44212527777778	0.00581279190326958		25G2A02	5	2	0.258	2023-03-24
B8	0.240999855476567	0.0132240539935762	0.246432719007581	11.5501074138848	2.81272382722288	8.77868329023532	8.78462527777778	0.00409361810814455		25G2A02	5.3	2	0.246	2023-03-24
B9	0.297164149407178	0.0260139144605351	0.217444372135835	10.7799592618441	3.18769887558619	10.9964987952762	10.9956252777778	0.00836950565140509		25G2A02	5.6	2	0.309	2023-03-24
C1	0	0.061	0	-1.14823820072523	0.364041139446047	2.61356238639455	2.60162458333333	0.00207730395067031	questionable fit (k < n0)	25G2A02	3.2	3	0.061	2023-03-24
C10	0.360472230929886	0.0344985508623761	0.22144834336659	10.1418655421333	3.13006261425264	13.557205158708	13.5521251388889	0.00772288996087153		25G2A02	5.9	3	0.371	2023-03-24
C11	0.414850148454951	0.0257762017110306	0.268455881032422	10.1108523219195	2.58197800656948	15.7041744358845	15.7375005555556	0.0131003188482334		25G2A02	6.2	3	0.428	2023-03-24
C12	0.370328631896233	0.0190901830023668	0.255886797925531	11.3811698533071	2.70880399527946	13.560337149866	13.5636256944444	0.0118982458539832		25G2A02	6.5	3	0.387	2023-03-24
C13	0.399226694918916	0.034773804723687	0.229357518427807	10.2439760801789	3.02212539319098	14.996603916803	15.0343756944444	0.0139605784328671		25G2A02	6.8	3	0.413	2023-03-24
C14	0.371646710529077	0.0176883753397509	0.22752775227309	13.1688179385399	3.04642916582763	12.9418896536269	12.98625125	0.013998573696024		25G2A02	7.1	3	0.382	2023-03-24
C15	0.305076836109269	0.0217419723714848	0.239084733879229	10.7383889282073	2.89916955095125	11.3359331979349	11.3796256944444	0.0120161677070716		25G2A02	7.4	3	0.312	2023-03-24
C16	0.223000207752398	0.0143245678304209	0.275245621186074	9.7324163761274	2.51828594973854	8.52556302496953	8.55150027777778	0.00920320863144405		25G2A02	7.7	3	0.239	2023-03-24
C17	0.203709779614458	0.0372057979587581	0.218047213717731	6.87261528909885	3.17888575020842	8.23145219576351	8.23837527777778	0.0131326743638579		25G2A02	8	3	0.236	2023-03-24
C18	0.173902269842394	0.0268474775826285	0.176870499698967	9.61513302062528	3.91895302913533	6.54701015030873	6.55225041666667	0.00575158402306619		25G2A02	8.3	3	0.177	2023-03-24
C19	0.184686823069623	0.0528829544776714	0.0870875876963547	10.4863842533298	7.95919601053502	6.32863385813469	6.32449666666667	0.00902599155730698		25G2A02	8.6	3	0.171	2023-03-24
C2	0	0.0225233257755494	0	-4.6002762056596	5.71115832750035	1.57542139094442	1.57087513888889	0.000765829070863561	questionable fit	25G2A02	3.5	3	0.037	2023-03-24
C20	0.64949572358887	0.0423522891919699	0.0309478521028236	86.0396573251755	22.397262926583	4.25319232634846	4.24924986111111	0.0109156252412111		25G2A02	8.9	3	0.143	2023-03-24
C21	0.137440952024036	0.0511331920204872	0.0298176966020316	17.5562077552874	23.2461678650496	3.62185460332843	3.61124986111111	0.00281850912819365		25G2A02	9.2	3	0.099	2023-03-24
C22	0	0.0416512861052474	0	-9.89565996063095	15.4246401076461	2.64927342318966	2.640125	0.00422791768903695	questionable fit	25G2A02	9.5	3	0.072	2023-03-24
C23	0.032	0.0147081796262069	0.0133677779938389	1183.72475801961	51.8520864783521	0.995552483037656	0.992999861111111	0.00255649410231312		25G2A02	9.8	3	0.032	2023-03-24
C24	0.045	0.0370059116749277	0.00217110328318522	5944.65003593772	319.260343774632	1.88055002915398	1.87225	0.00156859798571888		25G2A02	10.1	3	0.045	2023-03-24
C3	0.23062023703939	0.0500147234373127	0.176965854124471	7.25562422988617	3.9168413815719	9.12604469245584	9.12500013888889	0.00623766546813908		25G2A02	3.8	3	0.231	2023-03-24
C4	0.227483662733977	0.0143832927217137	0.275446891196662	9.78662695514683	2.51644582935248	8.68556807270418	8.72024986111111	0.00831011663787675		25G2A02	4.1	3	0.228	2023-03-24
C5	0.319894376740972	0.0658972734762092	0.193887959588385	6.9587910376165	3.57498826658171	12.8143189306628	12.8157497222222	0.0124744354875035		25G2A02	4.4	3	0.324	2023-03-24
C6	0.262453401128343	0.010622407616091	0.290944253773905	10.8810965152999	2.3824054662327	9.75846033462548	9.80475013888889	0.00874432282857894		25G2A02	4.7	3	0.269	2023-03-24
C7	0.3077943021803	0.0430104397957465	0.217609982075284	8.35196524554221	3.18527290866715	12.053796647482	12.0706251388889	0.0114835726762111		25G2A02	5	3	0.311	2023-03-24
C8	0.27615390124654	0.0164617686303477	0.253144677448739	10.8967575862432	2.73814637362978	10.2357783553032	10.2561252777778	0.00764067556953806		25G2A02	5.3	3	0.285	2023-03-24
C9	0.334396667455675	0.043186678896299	0.186260091240467	10.2464919649699	3.72139397089134	12.4463684157333	12.4473754166667	0.00804607266120628		25G2A02	5.6	3	0.343	2023-03-24
D1	0	0.0233306924532186	0	-31.0616320212945	14.5840605694649	0.957069512235951	0.874500138888889	0.0032403687922314	questionable fit (k < n0)	35G3B04	3.2	1	0.037	2023-03-24
D10	0.335468885274291	0.0221623790774836	0.244520515675327	10.832570599998	2.83471993605765	12.4435727718826	12.4482505555556	0.00957358072738799		35G3B04	5.9	1	0.341	2023-03-24
D11	0.358431266404495	0.0227311704759157	0.266545167522723	10.101406390021	2.60048676553423	13.5693669732219	13.5547505555556	0.00833590051131695		35G3B04	6.2	1	0.367	2023-03-24
D12	0.327798752510891	0.0150877514813843	0.285273516323971	10.6262797514714	2.42976351079422	12.2640473761938	12.2796256944444	0.0132199134200422		35G3B04	6.5	1	0.34	2023-03-24
D13	0.338921006569298	0.0138177930641385	0.312203028859027	10.115807041763	2.22018083262392	12.8639543932189	12.8815005555556	0.0132047336917732		35G3B04	6.8	1	0.357	2023-03-24
D14	0.33982482263247	0.0166761756097841	0.205436918281218	14.4284258107384	3.37401469199957	11.3963930239527	11.4097511111111	0.0127571638802214		35G3B04	7.1	1	0.359	2023-03-24
D15	0.28766031930361	0.0161883646499385	0.216436238632556	13.027236572649	3.2025467867084	10.0428405856893	10.0591255555556	0.0122508497832275		35G3B04	7.4	1	0.308	2023-03-24
D16	0.20994402045552	0.0108924099589631	0.256826955511323	11.3130567696904	2.69888796983923	7.70169603681805	7.76000083333333	0.0134192220463009		35G3B04	7.7	1	0.226	2023-03-24
D17	0.171434036815939	0.0213992136369555	0.241514561200685	8.06375084210698	2.87000161445329	6.78693018655369	6.81737527777778	0.0168447342001548		35G3B04	8	1	0.189	2023-03-24
D18	0.147498180329581	0.0215452511835772	0.141518574765553	12.477180697427	4.89792369452736	5.11178608335158	5.12537555555556	0.0080267558436721		35G3B04	8.3	1	0.144	2023-03-24
D19	0.129072421405367	0.0422866122338543	0.0583211043034141	12.3278286269977	11.8850146758858	4.0097633034832	4.00462513888889	0.00652885701034484		35G3B04	8.6	1	0.112	2023-03-24
D2	0	0.0152378975608366	0	-6.58835195952415	3.92632792660916	0.933292769759654	0.920375	0.000534808369787598	questionable fit	35G3B04	3.5	1	0.021	2023-03-24
D20	0	0.0219667939013903	0	3.84253308143457	10.9173718603352	1.80831439726115	1.80299986111111	0.00348156093179199		35G3B04	8.9	1	0.054	2023-03-24
D21	0.099	0.0472990795573406	0.00689487237886299	1242.80853577915	100.530820945267	2.70455225374356	2.69825	0.0118519363346228		35G3B04	9.2	1	0.099	2023-03-24
D22	0	0.0115345820568858	0	5.35964900942024	5.22982631477513	1.39507492888132	1.39200388888889	0.00477519697903602		35G3B04	9.5	1	0.056	2023-03-24
D23	0	0.0137251153438021	0	1.10195590827994	3.47891005786045	1.36055471817297	1.35762513888889	0.0044929777239198		35G3B04	9.8	1	0.045	2023-03-24
D24	0	0.0074754973423222	0	-4.32760067992396	5.38203659090877	0.525507558202391	0.524625	0.00339804455308549	questionable fit	35G3B04	10.1	1	0.021	2023-03-24
D3	0.19503818343478	0.0158221207308739	0.248732027773072	9.75822513384924	2.78672267003882	7.43225016437015	7.44437513888889	0.0048857873252833		35G3B04	3.8	1	0.197	2023-03-24
D4	0.214036702473771	0.0112767896740625	0.290087146443032	9.96002758745287	2.38944465157841	8.14584423065762	8.15700027777778	0.00682139015250607		35G3B04	4.1	1	0.221	2023-03-24
D5	0.249172825743133	0.0189274807568853	0.269663255746342	9.26537275714866	2.57041760710607	9.62965482408597	9.61287527777778	0.00950017180519539		35G3B04	4.4	1	0.263	2023-03-24
D6	0.235316543019367	0.0164087161252049	0.243109097066061	10.6571005611384	2.85117747104129	8.76571763775269	8.74337527777778	0.00933174383694834		35G3B04	4.7	1	0.249	2023-03-24
D7	0.272797239351127	0.0229872436719498	0.239476099422017	9.96241870594714	2.89443156220131	10.3322382427655	10.3100004166667	0.00852403137033128		35G3B04	5	1	0.283	2023-03-24
D8	0.291751380023444	0.0175753506898153	0.24487642086489	11.2190179104682	2.8305999332716	10.7167440819805	10.6922505555556	0.00643517176812988		35G3B04	5.3	1	0.299	2023-03-24
D9	0.309737075390321	0.0264700452034458	0.228355183046856	10.3802167603029	3.03539061961085	11.5947214205985	11.5690005555556	0.00601419938986864		35G3B04	5.6	1	0.316	2023-03-24
E1	0	0.0661927091039468	0	-20.2553187931762	4.44251913369731	3.3077672431615	3.29349986111111	0.0010608098840955	questionable fit	35G3B04	3.2	2	0.071	2023-03-24
E10	0.343063121088355	0.0447145857501049	0.192739691686944	9.84728478399641	3.59628665218467	12.9115466116435	12.8922506944444	0.00541748675154004		35G3B04	5.9	2	0.35	2023-03-24
E11	0.403357582866606	0.0395549280039915	0.23663212585335	9.37709225795693	2.92921841470297	15.4856606925752	15.4921256944444	0.00604188664352692		35G3B04	6.2	2	0.406	2023-03-24
E12	0.340766908875987	0.0208393334148068	0.254395726806513	10.7362354205412	2.72468091056866	12.6835887252553	12.6865006944444	0.0102169079923463		35G3B04	6.5	2	0.347	2023-03-24
E13	0.370574581287825	0.0281301315939754	0.250108535010452	9.99273436715201	2.77138555280002	14.0435264805161	14.0840005555556	0.0167199281389983		35G3B04	6.8	2	0.387	2023-03-24
E14	0.357389212944108	0.0205878108958332	0.213879643065546	13.0671353690746	3.24082820891712	12.4595617899823	12.5147511111111	0.0149446213768333		35G3B04	7.1	2	0.37	2023-03-24
E15	0.319149923491156	0.0320811969064916	0.176236693653833	12.4347065004158	3.9330468938633	11.2274596567582	11.2606256944444	0.0118315203710939		35G3B04	7.4	2	0.325	2023-03-24
E16	0.219805201781223	0.0120732799718439	0.224289575703182	12.6856259728719	3.09041193014353	7.7522582052305	7.78225069444444	0.00602787458634769		35G3B04	7.7	2	0.22	2023-03-24
E17	0.173650368414167	0.0387842839458426	0.181372368636846	6.87131792426871	3.82168014769551	6.93609184644833	6.94337472222222	0.0106438042478101		35G3B04	8	2	0.186	2023-03-24
E18	0.169498487456989	0.0365204451254718	0.13506089201165	9.56836398679024	5.13210871212189	6.25105081673644	6.25487652777778	0.0103939128306069		35G3B04	8.3	2	0.172	2023-03-24
E19	0.196504307136984	0.0477176197426174	0.0381231925314718	29.8299502250917	18.181771633835	4.2542444151551	4.24762458333333	0.00565214262920616		35G3B04	8.6	2	0.125	2023-03-24
E2	0	0.036104558156569	0	-5.42170807809698	3.9101749597206	2.31489961962203	2.30775	0.000870847488249307	questionable fit	35G3B04	3.5	2	0.051	2023-03-24
E20	0.091	0.0491601410427712	0.013321243528745	1053.44915313484	52.0332189006418	3.32337430248698	3.31600027777778	0.00899968467348343		35G3B04	8.9	2	0.091	2023-03-24
E21	0.097	0.0664097599387111	0.00134362841739962	6039.37343488661	515.877136553438	3.30717761776098	3.29837444444444	0.015204044831204		35G3B04	9.2	2	0.097	2023-03-24
E22	0	0.0346407558085599	0	-0.317537799232074	2.17703117336381	3.04575613527052	3.038375	0.00771179773801223	questionable fit	35G3B04	9.5	2	0.094	2023-03-24
E23	0	0.0286859219913356	0	-1.08638180373328	3.49863902175094	2.34318130565627	2.33937513888889	0.0134145704957926	questionable fit	35G3B04	9.8	2	0.085	2023-03-24
E24	0	0.0415466852817702	0	-12.2674604861194	8.98775845525194	2.54200890156216	2.53462555555556	0.00461938495822758	questionable fit	35G3B04	10.1	2	0.069	2023-03-24
E3	0.218048456195288	0.0408264248151858	0.160021595217943	9.17422314299144	4.33158524395353	8.23068934116492	8.23950041666667	0.00785862298521829		35G3B04	3.8	2	0.217	2023-03-24
E4	0.194006662105794	0.0132625693177583	0.253035534907168	10.3232000567347	2.7393274261429	7.29502888215267	7.32037513888889	0.00740894873985035		35G3B04	4.1	2	0.198	2023-03-24
E5	0.267355680792833	0.0403738004009998	0.233162709539913	7.40551148152782	2.97280462183551	10.7202679840717	10.7162501388889	0.00834182930504816		35G3B04	4.4	2	0.276	2023-03-24
E6	0.256220966556085	0.0226082685855025	0.237397634409654	9.83728800438302	2.91977290457683	9.73096048516561	9.72162541666667	0.00751440061974846		35G3B04	4.7	2	0.265	2023-03-24
E7	0.31857839496765	0.0539553665731261	0.215750281462464	7.37032233858038	3.21272897472691	12.7351752961885	12.7228751388889	0.00606007221408777		35G3B04	5	2	0.325	2023-03-24
E8	0.279626280916512	0.0301663268175857	0.229017242053026	9.22451114378431	3.02661570083642	10.7606714009099	10.7466254166667	0.00504623169112526		35G3B04	5.3	2	0.283	2023-03-24
E9	0.331456511306874	0.0378187024519322	0.2153639729404	9.51664887629312	3.21849179830912	12.6373286609994	12.6246255555556	0.00529683512383996		35G3B04	5.6	2	0.338	2023-03-24
F1	0	0.109590710598633	0	-1.38363373824346	6.51566049843058	1.00275790765179	0.885749861111111	0.0109928665449549	questionable fit (k < n0)	35G3B04	3.2	3	0.121	2023-03-24
F10	0.300872148254869	0.0219203196344514	0.229518530229434	11.0824388046579	3.02000531228156	11.0701589819323	11.0327506944444	0.0079153408201144		35G3B04	5.9	3	0.309	2023-03-24
F11	0.327756161555454	0.0366598398096799	0.208938506418728	9.91666102002287	3.31746977826493	12.3636049558547	12.3488756944444	0.00398386151787201		35G3B04	6.2	3	0.33	2023-03-24
F12	0.308010853987855	0.0239230641153362	0.234261055676212	10.5627471163515	2.95886646015116	11.4880261687808	11.4855008333333	0.00661971085941069		35G3B04	6.5	3	0.312	2023-03-24
F13	0.320140244725157	0.0154372172359552	0.286815860004505	10.3988542486509	2.41669753042617	12.0480379267466	12.0725008333333	0.015164010890298		35G3B04	6.8	3	0.339	2023-03-24
F14	0.327277254597787	0.0189622094069481	0.20753241116993	13.4372944376728	3.33994664569472	11.2856235709711	11.3200008333333	0.0120909760202663		35G3B04	7.1	3	0.34	2023-03-24
F15	0.261203594300278	0.0233201335843513	0.183931691225344	12.6267734920286	3.7685032739178	9.16232211642242	9.18737569444444	0.00856590805906004		35G3B04	7.4	3	0.266	2023-03-24
F16	0.20239327441401	0.0117011867517854	0.220856359013797	12.6370359665012	3.13845244780407	7.14444146061529	7.16850069444444	0.00544261451407813		35G3B04	7.7	3	0.209	2023-03-24
F17	0.151148871741643	0.02082488449181	0.225694903085507	8.12546004880282	3.07116895899656	5.95873609217857	5.98075027777778	0.0125171532889127		35G3B04	8	3	0.164	2023-03-24
F18	0.133447317143202	0.0267798944732204	0.12023911818626	11.4942991576378	5.76473938777732	4.66366670503857	4.67237513888889	0.00929497703097292		35G3B04	8.3	3	0.129	2023-03-24
F19	0.110816686703085	0.035622801086058	0.0597050405765287	12.5129134720978	11.6095253242728	3.44367528290804	3.44062583333333	0.00593014307880583		35G3B04	8.6	3	0.096	2023-03-24
F2	0	0.0209075876298457	0	-4.9555394660451	2.10604877581056	1.19153922979327	1.16825	0.00078085223957469	questionable fit	35G3B04	3.5	3	0.026	2023-03-24
F20	0.110004800879155	0.0363803124495118	0.0301759435182803	23.3613219631949	22.9701908124279	2.67977766749482	2.67375083333333	0.00762768947001375		35G3B04	8.9	3	0.073	2023-03-24
F21	0.094	0.0463650443631553	0.00356119439646231	2685.57693493712	194.638961930446	2.43830161164848	2.43287486111111	0.0115429091005625		35G3B04	9.2	3	0.094	2023-03-24
F22	0	0.0181732308838247	0	1.16163804126416	2.88205959117963	1.88657320945681	1.88437569444444	0.00960719283099224		35G3B04	9.5	3	0.071	2023-03-24
F23	0	0.0167048297070648	0	0.159262617665748	0.797323905262255	1.69850739552503	1.69562458333333	0.0102974583355249		35G3B04	9.8	3	0.057	2023-03-24
F24	0	0.00473016501729438	0	16.5107842732381	7.9948961768821	0.734249349361612	0.740499861111111	0.00568218498681191		35G3B04	10.1	3	0.035	2023-03-24
F3	0.17971734135825	0.0147478609285706	0.251395819388868	9.60502225172963	2.75719453984937	6.87586781126636	6.89075	0.00497773506387767		35G3B04	3.8	3	0.183	2023-03-24
F4	0.184297128265474	0.00924703736347965	0.27393376016889	10.7353286783131	2.53034594981135	6.87089231253938	6.9035	0.00710106395889922		35G3B04	4.1	3	0.184	2023-03-24
F5	0.240043358277471	0.023847623429427	0.249627309763001	8.83116359941431	2.77672816014412	9.35079493207001	9.34362527777778	0.00728615597140785		35G3B04	4.4	3	0.249	2023-03-24
F6	0.232547631096597	0.0188283923519907	0.230630256765344	10.5332980032806	3.00544772520976	8.67543659839704	8.65087513888889	0.00818694129598134		35G3B04	4.7	3	0.244	2023-03-24
F7	0.250511128547563	0.025878134249589	0.269342964941682	8.02348618906275	2.57347423464365	9.96445342842665	9.95087527777778	0.00514842352938956		35G3B04	5	3	0.256	2023-03-24
F8	0.27036290742645	0.0198804123054842	0.229037420434962	11.0621840430665	3.02634905354591	9.9520463335378	9.92025041666667	0.00708879543016934		35G3B04	5.3	3	0.28	2023-03-24
F9	0.317270543575013	0.0285057605520369	0.231577306317252	9.99884791166311	2.99315676299629	11.9928163965467	11.9753755555556	0.00455302350861733		35G3B04	5.6	3	0.325	2023-03-24
G1	0	0	0	0	0	0	0	0	cannot fit data	25D05	3.2	1	0.065	2023-03-24
G10	0.229178630623455	0.0114721174867114	0.21514590199691	13.6801506951555	3.22175404749239	7.85822371711023	7.90537569444444	0.00940338538177858		25D05	5.9	1	0.233	2023-03-24
G11	0.260705610841909	0.0159863316840523	0.214667229282035	12.7098005409936	3.22893803063565	9.17746969191481	9.23550111111111	0.0110920744268047		25D05	6.2	1	0.26	2023-03-24
G12	0.231809052680911	0.0103951092497327	0.191953950372329	15.934543465918	3.61100763602658	7.42757566770137	7.48037583333333	0.0073850929561045		25D05	6.5	1	0.232	2023-03-24
G13	0.303952905095819	0.0342064416747653	0.172540078021512	11.9686309277037	4.01731115754756	10.8071330374831	10.8122502777778	0.00749027949531663		25D05	6.8	1	0.308	2023-03-24
G14	0.266047262952104	0.0125109558508941	0.223693809989839	13.4509860048673	3.09864265171857	9.18934963674841	9.21550083333333	0.00890862803529446		25D05	7.1	1	0.278	2023-03-24
G15	0.257967256408921	0.0308961188540802	0.158462165239303	12.5874386108967	4.37421247850036	8.98616810894243	8.99150013888889	0.00608354167937033		25D05	7.4	1	0.258	2023-03-24
G16	0.185624895655969	0.013864421907051	0.203384914728484	12.3744424769045	3.40805600791625	6.58076765912251	6.58362513888889	0.00417596206051553		25D05	7.7	1	0.188	2023-03-24
G17	0.200891588626174	0.033415019151873	0.1517120880603	10.6243213987634	4.56883290858434	7.31310907504267	7.31000236111111	0.0101341613755647		25D05	8	1	0.209	2023-03-24
G18	0.16845131736737	0.0269737406143491	0.0989081688895126	16.755718279328	7.00798718995839	5.07469838556608	5.06987541666667	0.00585274372433779		25D05	8.3	1	0.159	2023-03-24
G19	0.205584151008945	0.0435015684232852	0.0483343594001099	27.2127115692407	14.3406717118582	4.62015427248361	4.61350027777778	0.00878463825138437		25D05	8.6	1	0.151	2023-03-24
G2	0	0.0242467213338242	0	-10.5103711623009	5.0440450358784	1.39841504714872	1.3935	0.00140614617980615	questionable fit	25D05	3.5	1	0.033	2023-03-24
G20	0.324748700696855	0.0352055961071585	0.0211477185556713	99.6371841873277	32.7764519248371	2.69776408520278	2.68862513888889	0.00707428726588236		25D05	8.9	1	0.107	2023-03-24
G21	0.059	0.0321551120713726	0.00885011434630092	1739.13952867893	78.3207033759581	1.9331556356171	1.92662486111111	0.00336524022051522		25D05	9.2	1	0.059	2023-03-24
G22	0	0.0350150477772768	0	-6.68793698072114	2.28004500967021	1.89284272971044	1.88525013888889	0.00114105489140445	questionable fit	25D05	9.5	1	0.042	2023-03-24
G23	0	0.0233435432540166	0	-36.7599385484875	13.1118137760507	1.0183171053108	1.001875	0.00130773653189895	questionable fit (k < n0)	25D05	9.8	1	0.025	2023-03-24
G24	0	0.0320055505906349	0	-3.99042497153115	2.29311464473269	1.96861051386649	1.96124972222222	0.00159920663104247	questionable fit	25D05	10.1	1	0.045	2023-03-24
G3	0.175606754461821	0.065604227867866	0.078870263185618	6.55333417957045	8.78844766789546	6.35465623586744	6.34312541666667	0.0048922294183623		25D05	3.8	1	0.166	2023-03-24
G4	0.151003057764838	0.0256545631901236	0.1092065703774	14.5263819871999	6.34711975812943	4.86258072496516	4.86500013888889	0.0034564742886046		25D05	4.1	1	0.145	2023-03-24
G5	0.272617975768788	0.0856395885645485	0.10176712895318	7.67286433540294	6.81111069644938	10.0825411254734	10.0740015277778	0.0105451103561532		25D05	4.4	1	0.261	2023-03-24
G6	0.183992874848496	0.0136664010285336	0.156136506552546	16.1575069431265	4.43936652525703	5.81339354716728	5.85262597222222	0.00893834689569748		25D05	4.7	1	0.18	2023-03-24
G7	0.244468536887505	0.0435228475990889	0.139603378869457	10.9578195672585	4.96511750770809	8.77201235554914	8.78975125	0.0117432319898083		25D05	5	1	0.238	2023-03-24
G8	0.207746973383635	0.00925684541330395	0.200240782622651	15.3084501722728	3.4615684751201	6.78823939003508	6.84500111111111	0.00840339884425861		25D05	5.3	1	0.205	2023-03-24
G9	0.261802891613011	0.0230908152128167	0.194236841270864	12.0256444685418	3.56856699287726	9.34853017228035	9.38937486111111	0.0116634960856622		25D05	5.6	1	0.263	2023-03-24
H1	0	0.023	0	-12.1140701918908	8.94927561676896	0.762900700464697	0.744	0.00151586388969047	questionable fit (k < n0)	25D05	3.2	2	0.023	2023-03-24
H10	0.219963016613825	0.00568373202680775	0.227655810536561	15.943683404452	3.04471552439742	7.07156500900232	7.10637652777778	0.00498273046187891		25D05	5.9	2	0.225	2023-03-24
H11	0.201417482751532	0.00705896790251322	0.229142955461475	14.4687215464295	3.02495522571926	6.76404765110281	6.81625097222222	0.00759410622873963		25D05	6.2	2	0.203	2023-03-24
H12	0.186176617009349	0.00487810664183943	0.21201324914465	17.0526500328029	3.26935785077768	5.77766035487481	5.81162555555556	0.00411283991303128		25D05	6.5	2	0.185	2023-03-24
H13	0.220241701643783	0.00563741714659257	0.273640120968875	13.2998398563186	2.53306122693458	7.66669808872376	7.73612625	0.0121709378458575		25D05	6.8	2	0.231	2023-03-24
H14	0.241009071536575	0.00990774511506646	0.214875845009513	14.6574849797234	3.22580316335351	8.03893477367172	8.03087597222222	0.00668233864869168		25D05	7.1	2	0.251	2023-03-24
H15	0.219195844796006	0.00981117657253875	0.212956648498501	14.3721780806498	3.25487457399023	7.3695833922049	7.39050027777778	0.00649134976478552		25D05	7.4	2	0.221	2023-03-24
H16	0.162511388411693	0.0120428409748754	0.208976469290916	12.0840576471186	3.31686712342248	5.81055434435713	5.81050041666667	0.00717421211137396		25D05	7.7	2	0.177	2023-03-24
H17	0.167019614261294	0.0116784803341066	0.190409257155188	13.591123355672	3.64030189979164	5.71877006327143	5.71662472222222	0.00842941285893447		25D05	8	2	0.178	2023-03-24
H18	0.130757245656612	0.00867184092341782	0.158868831509807	16.6466871610784	4.36301553912515	4.07541529045398	4.086	0.00922520186155277		25D05	8.3	2	0.149	2023-03-24
H19	0.167450060744803	0.0171885758734508	0.0722968180486364	29.9893148507022	9.58751988356725	3.3491891010012	3.34512430555556	0.00865636729032078		25D05	8.6	2	0.131	2023-03-24
H2	0	0.016033983117995	0	-17.3338432068859	5.19871133448827	0.837072653759935	0.83375	0.000599973866697181	questionable fit	25D05	3.5	2	0.018	2023-03-24
H20	0	0.0128240650373022	0	16.418084430539	10.8849448478264	1.43010872569836	1.42575027777778	0.00378629436098671		25D05	8.9	2	0.049	2023-03-24
H21	0.045	0.0131859369134967	0.0209581657768294	803.966090848697	33.0728933028225	1.09874190222024	1.09949986111111	0.00265670601324961		25D05	9.2	2	0.045	2023-03-24
H22	0	0	0	0	0	0	0	0	cannot fit data	25D05	9.5	2	0.016	2023-03-24
H23	0	0	0	0	0	0	0	0	cannot fit data	25D05	9.8	2	0.018	2023-03-24
H24	0	0.00536052479611744	0	-0.4644769676957	0.584364369902491	0.404105018257099	0.403	0.00109357735517476	questionable fit	25D05	10.1	2	0.011	2023-03-24
H3	0.107224872099452	0.0158261143614595	0.131394535602719	13.3458404148933	5.27531207732812	3.61574220738378	3.62100027777778	0.00357104297092436		25D05	3.8	2	0.111	2023-03-24
H4	0.125430083239542	0.0151593934577837	0.128054952353838	15.4958301309919	5.4128885124619	3.99125507324198	3.98962527777778	0.00232036251149869		25D05	4.1	2	0.126	2023-03-24
H5	0.191331397415147	0.0153172053873077	0.169840648567269	14.3757570240403	4.08116187972168	6.38213828178437	6.38725027777778	0.00269833844206705		25D05	4.4	2	0.189	2023-03-24
H6	0.158032695965409	0.00991284466795035	0.158517648136485	17.0592386810177	4.37268145666115	4.86455053743635	4.89225055555556	0.00621404018250871		25D05	4.7	2	0.155	2023-03-24
H7	0.178192046324989	0.0117416810711921	0.190323252787951	13.9318350419606	3.64194690037279	6.04471069271909	6.07187625	0.00868186570034604		25D05	5	2	0.175	2023-03-24
H8	0.195670859355169	0.00459109768050972	0.224910788682033	16.5780033121304	3.08187608349851	6.16847914465071	6.21925083333333	0.00540011914651282		25D05	5.3	2	0.194	2023-03-24
H9	0.210513690427824	0.0066205022655702	0.243259303079845	14.0895948803923	2.84941694637854	7.15426367410325	7.20300097222222	0.00757300927766018		25D05	5.6	2	0.212	2023-03-24
I1	0	0	0	0	0	0	0	0	cannot fit data	25D05	3.2	3	0.082	2023-03-24
I10	0.225484872501977	0.0115216798369552	0.206428335706909	14.1529675638478	3.35781024531481	7.62183155073622	7.66662569444444	0.00960422419612773		25D05	5.9	3	0.231	2023-03-24
I11	0.239106593774364	0.01555491117074	0.202694046453667	13.1492081605268	3.4196721249945	8.30362128183831	8.35775097222222	0.0110548678174726		25D05	6.2	3	0.24	2023-03-24
I12	0.184563505286069	0.00622637523089607	0.216292181934525	15.5108769047814	3.20467977326047	6.00553121483941	6.07512583333333	0.0085826267915471		25D05	6.5	3	0.183	2023-03-24
I13	0.263510165700574	0.0257330143975435	0.172311838901367	12.9042736456091	4.0226323680331	9.14836880631506	9.17400041666667	0.00989556300165313		25D05	6.8	3	0.286	2023-03-24
I14	0.292651711243484	0.0166866548703284	0.182566448963831	15.3679111133431	3.79668435517015	9.51962801098655	9.52550111111111	0.00434896525436764		25D05	7.1	3	0.291	2023-03-24
I15	0.260319472114574	0.0194856696712238	0.192595750539216	13.0554685936063	3.59897442502922	9.04642539264237	9.08362486111111	0.011655954741595		25D05	7.4	3	0.263	2023-03-24
I16	0.191766885933545	0.00909138945631375	0.210964179709191	14.2222418404791	3.28561550835518	6.47326465306403	6.47862569444445	0.00446315209579204		25D05	7.7	3	0.2	2023-03-24
I17	0.169581570849962	0.0304407691538762	0.157503160013983	9.64871804220978	4.40084618301251	6.32784664291882	6.32025041666667	0.00418078917578641		25D05	8	3	0.176	2023-03-24
I18	0.159242880082394	0.0220637525845256	0.117352394217543	15.5714885623893	5.90654485732108	5.02338434394737	5.02212569444445	0.00547595159668595		25D05	8.3	3	0.156	2023-03-24
I19	0.235140479347608	0.0223885798676598	0.0611610751881706	36.8138671073633	11.3331424999868	3.84811019812447	3.85325027777778	0.00746075559147323		25D05	8.6	3	0.15	2023-03-24
I2	0	0.026970608219267	0	-12.4413311005323	4.96009039061526	1.49192818208476	1.486125	0.000713445503679744	questionable fit	25D05	3.5	3	0.033	2023-03-24
I20	0.185534873834702	0.0247750133008333	0.0317159691806259	58.9632331368093	21.8548320756776	2.30304983086243	2.29700013888889	0.0025887376560532		25D05	8.9	3	0.08	2023-03-24
I21	0.06	0.0338772662128493	0.00824739474562752	1971.37552587559	84.0443803089973	2.00532188830873	1.99837486111111	0.00254767591927551		25D05	9.2	3	0.06	2023-03-24
I22	0	0.0275405443375781	0	-4.19160966637701	1.80010397893172	1.57631661179817	1.57025	0.00129150705357871	questionable fit	25D05	9.5	3	0.036	2023-03-24
I23	0	0.0206081316570954	0	-0.950391097123371	0.669519232345418	1.35609824664725	1.35175	0.00148536464701294	questionable fit	25D05	9.8	3	0.033	2023-03-24
I24	0	0.0382855073981426	0	-5.58074648355992	3.55089729704392	2.3904228912417	2.38225013888889	0.00139941038567421	questionable fit	25D05	10.1	3	0.056	2023-03-24
I3	0.133292251853378	0.0494394793883503	0.108315655216389	4.87753379992951	6.39932592546481	5.21604210992802	5.20862583333333	0.00600118439830642		25D05	3.8	3	0.138	2023-03-24
I4	0.146205990673802	0.01702168904079	0.138267746463552	14.6581670317549	5.01307932101622	4.78400392274831	4.80162541666667	0.00701159368300482		25D05	4.1	3	0.143	2023-03-24
I5	0.210275425185384	0.0317177365588407	0.142199080492663	12.1522283497964	4.87448426641344	7.34792256697534	7.36587597222222	0.00851831121887275		25D05	4.4	3	0.204	2023-03-24
I6	0.175930771842343	0.0118323350454349	0.155914868541732	16.8658092382781	4.44567722785476	5.44340419590015	5.47512597222222	0.00706885820417009		25D05	4.7	3	0.172	2023-03-24
I7	0.211884376185362	0.0375048260756616	0.133814845889664	11.4842610757448	5.17989746168728	7.48362016904577	7.50037597222222	0.0118315392945231		25D05	5	3	0.205	2023-03-24
I8	0.191602283806173	0.00744936849313787	0.202002591111199	15.8791884476861	3.4313776706873	6.15741557682695	6.22212625	0.00983985188563658		25D05	5.3	3	0.189	2023-03-24
I9	0.22830709935177	0.0171220646827161	0.185660871043762	13.532020573613	3.73340476462896	7.82212700738423	7.86387583333333	0.00948752067524786		25D05	5.6	3	0.228	2023-03-24
J1	0	0.053	0	-0.778741082822634	6.16989416408509	0.311851189482056	0.308874861111111	0.00372903653360526	questionable fit (k < n0)	26G4B12	3.2	1	0.053	2023-03-24
J10	0.208352227668211	0.0164904831089885	0.185928667875182	13.1985649498724	3.72802746602407	7.20288051541361	7.16950027777778	0.00777951196209628		26G4B12	5.9	1	0.218	2023-03-24
J11	0.157888009260887	0.00797994733268567	0.268455084342232	10.9258142059997	2.58198566906748	5.85541612285008	5.837875	0.00904284474592931		26G4B12	6.2	1	0.175	2023-03-24
J12	0.117195152519384	0.00495013303507466	0.231056543067746	13.5086834692254	2.99990284350751	4.04448533423032	4.03325027777778	0.00510600619331506		26G4B12	6.5	1	0.134	2023-03-24
J13	0.132512936634926	0.00682371865131992	0.160434921799744	18.1594363832979	4.3204258323829	3.94435626915143	3.92912527777778	0.00259291058317044		26G4B12	6.8	1	0.137	2023-03-24
J14	0.125732560964815	0.00728976911404066	0.0950657542475008	29.3266300042687	7.29123947994309	2.49792682297681	2.50350027777778	0.00434871987772992		26G4B12	7.1	1	0.111	2023-03-24
J15	0.104206934204199	0.021675536152073	0.0984013731964815	13.5871533255004	7.04408036233309	3.39497889212095	3.39549986111111	0.00459504469483914		26G4B12	7.4	1	0.101	2023-03-24
J16	0	0.00400805483980325	0	0.585632005957626	0.546973642144891	0.587927161138842	0.587249722222222	0.00298885283993657		26G4B12	7.7	1	0.02	2023-03-24
J17	0	0.0129816656493793	0	4.8237987632678	8.37473296247699	1.21275519984604	1.21137611111111	0.00233368942902886		26G4B12	8	1	0.032	2023-03-24
J18	0	0.010291651538703	0	-2.29037980970724	2.04285119026258	0.707429729994449	0.705249861111111	0.00180962490824072	questionable fit	26G4B12	8.3	1	0.026	2023-03-24
J19	0	0.00887885511250928	0	43.3518354591144	15.9068525988809	1.02948598698112	1.02825013888889	0.00116395999520944		26G4B12	8.6	1	0.037	2023-03-24
J2	0	0.00973912621214791	0	-174.112827689711	46.8057855999433	0.458790333516796	0.435624861111111	0.000901488237144404	questionable fit (k < n0)	26G4B12	3.5	1	0.011	2023-03-24
J20	0	0.012350216267087	0	-14.8163320322061	9.84227161936025	0.433614193393669	0.400000138888889	0.00262379543207483	questionable fit (k < n0)	26G4B12	8.9	1	0.014	2023-03-24
J21	0	0.016	0	-7.46476862578481	11.0088156868036	0.37978881057833	0.362125	0.00192203379394785	questionable fit (k < n0)	26G4B12	9.2	1	0.016	2023-03-24
J22	0	0.0107951037719493	0	-0.824566252091902	0.783483654779852	0.764159082091091	0.756625	0.00243088205333464	questionable fit	26G4B12	9.5	1	0.019	2023-03-24
J23	0	0.015	0	-6.5290575238276	8.85937902055589	0.358430598009793	0.332125	0.00180760102784436	questionable fit (k < n0)	26G4B12	9.8	1	0.015	2023-03-24
J24	0	0.00575315317354234	0	-13.262162831825	48.1441163619956	0.132767294070427	0.114624861111111	0.00213019814675495	questionable fit (k < n0)	26G4B12	10.1	1	0.00800000000000001	2023-03-24
J3	0.159682819390753	0.00558691778646462	0.169991533955332	19.5136034947169	4.07753941876941	4.55515301337401	4.555625	0.00299325628433076		26G4B12	3.8	1	0.161	2023-03-24
J4	0.175921554131231	0.00985071393746138	0.167827274051779	16.8320109345947	4.13012238014479	5.46413690382117	5.41950027777778	0.00868571920752782		26G4B12	4.1	1	0.184	2023-03-24
J5	0.227770497863373	0.0126657203634817	0.19247025579652	14.7151365013988	3.60132103369126	7.56210993146736	7.52025041666667	0.00869313274827522		26G4B12	4.4	1	0.239	2023-03-24
J6	0.214006017198859	0.00929564609902431	0.2110652631506	14.6497343094774	3.28404196035502	7.13679380161628	7.09175027777778	0.00826913444763726		26G4B12	4.7	1	0.224	2023-03-24
J7	0.221145798605415	0.0173781334265991	0.18436397937946	13.3527587147022	3.75966706128263	7.6111369798192	7.58400027777778	0.0103899515327309		26G4B12	5	1	0.228	2023-03-24
J8	0.209603040570842	0.00957679910061963	0.220963583110234	13.753873418741	3.13692949219668	7.17710898546118	7.13100027777778	0.00874014631276356		26G4B12	5.3	1	0.219	2023-03-24
J9	0.4780487513832	0.280980287622241	0.300988080250533	-1.17856267139531	2.30290574956653	22.2001591578932	22.1501248611111	0.0251748008290026	questionable fit	26G4B12	5.6	1	0.511	2023-03-24
K1	0.034	0.0251702855324927	0.00588867179348135	2367.79121012978	117.70857756536	1.40305465533587	1.39725013888889	0.000775789968270864		26G4B12	3.2	2	0.034	2023-03-24
K10	0.207561612784131	0.0149283542635017	0.188117365221724	13.5953732286832	3.68465282161999	7.10285736210469	7.05787527777778	0.00980916173245332		26G4B12	5.9	2	0.221	2023-03-24
K11	0.168820877211443	0.0144195512848319	0.218992950565988	10.8266964996713	3.16515750287169	6.24157791171516	6.22525013888889	0.0102647880614538		26G4B12	6.2	2	0.188	2023-03-24
K12	0.122612454818025	0.00567392784474214	0.229335902661607	13.1936026223469	3.02241023980754	4.2676420387644	4.25300027777778	0.00631560738047283		26G4B12	6.5	2	0.138	2023-03-24
K13	0.165734104115042	0.0234886216498258	0.115138088641143	15.6424187448596	6.02013798162233	5.21018249282523	5.20850013888889	0.00311878430369557		26G4B12	6.8	2	0.168	2023-03-24
K14	0	0.0132911156129593	0	0.79717697813347	4.93086368526857	1.20723654331533	1.20500013888889	0.00152600668825343		26G4B12	7.1	2	0.03	2023-03-24
K15	0	0.0220134886573778	0	-1.40051700586367	0.889012542264538	1.40632288694276	1.402	0.00262243265095487	questionable fit	26G4B12	7.4	2	0.04	2023-03-24
K16	0	0	0	0	0	0	0	0	cannot fit data	26G4B12	7.7	2	0.025	2023-03-24
K17	0	0.0191373891715223	0	-1.22657020723842	1.03698080501205	1.3138149375374	1.30987513888889	0.00196039571336068	questionable fit	26G4B12	8	2	0.039	2023-03-24
K18	0.023	0.0153048793734266	0.0042414955020392	2685.50050963457	163.420468140706	0.818602548366572	0.816	0.0022599772614838		26G4B12	8.3	2	0.023	2023-03-24
K19	0.024	0.017006634490996	0.000681182733424717	13581.6363347408	1017.56422549802	0.833406864623956	0.830249722222222	0.00226973920891987		26G4B12	8.6	2	0.024	2023-03-24
K2	0	0	0	0	0	0	0	0	cannot fit data	26G4B12	3.5	2	0.013	2023-03-24
K20	0	0.00839764252361334	0	-0.180345008699612	0.341671398379465	0.681884491552823	0.680125416666667	0.00261905258156403	questionable fit	26G4B12	8.9	2	0.021	2023-03-24
K21	0	0.02	0	-10.4864210548022	9.10277161100555	0.614949513958134	0.587	0.00204104937010368	questionable fit (k < n0)	26G4B12	9.2	2	0.02	2023-03-24
K22	0	0.0196177709549002	0	-38.7784121224957	15.8993852172175	0.837718909259534	0.77025	0.00321654672669385	questionable fit (k < n0)	26G4B12	9.5	2	0.021	2023-03-24
K23	0	0.0141370017927295	0	-15.7618241254472	15.9842263721468	0.440490467042575	0.39375	0.00208991704908081	questionable fit (k < n0)	26G4B12	9.8	2	0.015	2023-03-24
K24	0	0.0139423074205698	0	-0.770916344196565	1.40694266726113	1.10695204420018	1.10387513888889	0.00134516164967582	questionable fit	26G4B12	10.1	2	0.027	2023-03-24
K3	0.915838461940893	0.0268271572534781	0.0427338948146333	81.9184692152209	16.2200797181396	3.91682590582968	3.92525013888889	0.00781403387583455		26G4B12	3.8	2	0.16	2023-03-24
K4	0.177640502930893	0.0090568310045862	0.167802907215223	17.4246856877354	4.13072211955732	5.41841453901986	5.38525	0.00683317645963955		26G4B12	4.1	2	0.185	2023-03-24
K5	0.243090989351466	0.0274103726662156	0.160582716092261	12.8461968446087	4.31644947493419	8.41940071925945	8.41462541666667	0.00592115051978868		26G4B12	4.4	2	0.248	2023-03-24
K6	0.226657047256852	0.011256151338945	0.193287426996277	15.270450877235	3.58609554346904	7.4070681442639	7.35762541666667	0.00932211487192617		26G4B12	4.7	2	0.238	2023-03-24
K7	0.251385174742806	0.0260003628573691	0.169371118341	12.7512809950921	4.0924756673355	8.75408286078145	8.73662527777778	0.00758821326128508		26G4B12	5	2	0.257	2023-03-24
K8	0.226813006595199	0.0117532310051897	0.216156749324667	13.447592280194	3.2066876594209	7.82810876347151	7.78487513888889	0.00973046908326697		26G4B12	5.3	2	0.237	2023-03-24
K9	0.239040428967018	0.0201545640104504	0.173343958711998	13.7594623002671	3.99868092150575	8.11585942630899	8.08962541666667	0.00777180367648831		26G4B12	5.6	2	0.247	2023-03-24
L1	0	0.010008661281585	0	-15.2292707641844	11.5368317113918	0.338094292151762	0.288125138888889	0.00154575663657142	questionable fit (k < n0)	26G4B12	3.2	3	0.011	2023-03-24
L10	0.211066942298031	0.0113366490267085	0.208958059425252	13.7296794216287	3.31715934990245	7.22152822573968	7.17625041666667	0.00835082339562067		26G4B12	5.9	3	0.219	2023-03-24
L11	0.163788019065299	0.00873351570231182	0.248237288031235	11.588140962623	2.79227664005388	5.96127689831446	5.943375	0.00819380106217958		26G4B12	6.2	3	0.179	2023-03-24
L12	0.119914477082672	0.00371091076192564	0.25378302281272	13.5709085742713	2.73125906090045	4.13831421457322	4.12125027777778	0.00474443440353115		26G4B12	6.5	3	0.135	2023-03-24
L13	0.138560050892433	0.00949928378437737	0.161066291886913	16.1987149582181	4.30349002537795	4.37860687352298	4.37750041666667	0.00323179077289677		26G4B12	6.8	3	0.152	2023-03-24
L14	0	0.00657642588706575	0	1.72431798837202	1.62674405992045	0.924323240961023	0.923375	0.00139550701309711		26G4B12	7.1	3	0.026	2023-03-24
L15	0	0.00913358409264402	0	1.93312642100009	3.52842559084164	0.980828706107045	0.979250138888889	0.00150055201021534		26G4B12	7.4	3	0.025	2023-03-24
L16	0	0	0	0	0	0	0	0	cannot fit data	26G4B12	7.7	3	0.018	2023-03-24
L17	0	0.00426391182352583	0	1.39694672805876	1.16172307444136	0.650383628968664	0.649625138888889	0.00172274663090949		26G4B12	8	3	0.022	2023-03-24
L18	0	0.00881478516449276	0	-4.46631862357208	3.22960408584375	0.569401739237876	0.567875	0.00205300382794396	questionable fit	26G4B12	8.3	3	0.022	2023-03-24
L19	0.018	0.00709828134849448	0.0122122921241594	1221.97240434633	56.7581559229737	0.465938189371794	0.465625	0.00254665682590379		26G4B12	8.6	3	0.018	2023-03-24
L2	0	0.00567789557036759	0	-0.0734796690976564	0.217626896030434	0.488429084743664	0.487374861111112	0.00130554620479181	questionable fit	26G4B12	3.5	3	0.013	2023-03-24
L20	0	0.00858287212038457	0	-69.9638010169378	28.6864356198575	0.379323090682531	0.366375138888889	0.00146193094733361	questionable fit (k < n0)	26G4B12	8.9	3	0.012	2023-03-24
L21	0	0	0	0	0	0	0	0	cannot fit data	26G4B12	9.2	3	0.014	2023-03-24
L22	0	0.00716895498941249	0	-58.9602952320137	34.1845835076676	0.300072409090871	0.274625	0.00189545962745816	questionable fit (k < n0)	26G4B12	9.5	3	0.012	2023-03-24
L23	0	0.0111501558290787	0	-15.5319651361358	18.0947414121371	0.333823163537434	0.304	0.00195135008639687	questionable fit (k < n0)	26G4B12	9.8	3	0.014	2023-03-24
L24	0	0.00639898707337898	0	-16.0128952632775	17.5437895536087	0.195878072401711	0.168499861111111	0.00220982712743063	questionable fit (k < n0)	26G4B12	10.1	3	0.00900000000000001	2023-03-24
L3	0.162843884481	0.00631663510980107	0.143050767236811	22.4398898878983	4.84546286572856	4.17880775209556	4.19712513888889	0.00457972974210149		26G4B12	3.8	3	0.156	2023-03-24
L4	0.173979469641667	0.013388101502269	0.153890753982819	16.144548150464	4.50415091628786	5.49539502291675	5.46525027777778	0.00728920992713427		26G4B12	4.1	3	0.179	2023-03-24
L5	0.236096632839431	0.0135491859186107	0.191198116692376	14.6382919777941	3.62528246904843	7.85395562788892	7.82225041666667	0.00647430033299711		26G4B12	4.4	3	0.241	2023-03-24
L6	0.221916128536711	0.0109041648771504	0.200845934106194	14.7514562830804	3.45113872304458	7.36948257138505	7.32187541666667	0.00896794618092088		26G4B12	4.7	3	0.232	2023-03-24
L7	0.229159560534037	0.0153665861454632	0.213986710854987	12.3036271997057	3.23920666750971	8.1532406329808	8.12312527777778	0.00757599290919996		26G4B12	5	3	0.237	2023-03-24
L8	0.224834275417485	0.0107781501314841	0.204895410829105	14.5865507059484	3.38293170039846	7.50572980275656	7.46037541666667	0.00869874644617977		26G4B12	5.3	3	0.234	2023-03-24
L9	0.224031158159548	0.0131245312026958	0.210862319318633	13.1694103919791	3.28720267708207	7.78551893972222	7.75912541666667	0.00944441759832202		26G4B12	5.6	3	0.237	2023-03-24
M1	0	0.0353213607266919	0	-14.651915592725	7.29096292801725	2.02379560739011	2.01600013888889	0.000975808859800119	questionable fit	28G1A01	3.2	1	0.045	2023-03-24
M10	0.12486879446118	0.00339379713870688	0.180021699253586	19.8740433993369	3.85035350423812	3.52272010906246	3.56237541666667	0.00596506309513283		28G1A01	5.9	1	0.135	2023-03-24
M11	0.112590455447551	0.00521422284838649	0.142512690631679	21.2258206004733	4.86375758879868	3.01682537516544	3.04637541666667	0.00371465023528898		28G1A01	6.2	1	0.108	2023-03-24
M12	0	0.00165701418212509	0	26.6622780094572	5.06481854792167	1.41968219769771	1.41412513888889	0.000914762145271582		28G1A01	6.5	1	0.061	2023-03-24
M13	0	0.0151099725717663	0	15.8205272107813	11.9358254164242	1.53880044190281	1.536	0.000983116715681369		28G1A01	6.8	1	0.045	2023-03-24
M14	0	0.00634327052727044	0	1.14511865306181	7.54661957083245	0.538467954025758	0.537250277777778	0.00107368360624315		28G1A01	7.1	1	0.016	2023-03-24
M15	0	0.0145799144592294	0	-0.607605387984326	8.74945302475477	1.13946321758586	1.13612555555556	0.00156334708822881	questionable fit	28G1A01	7.4	1	0.03	2023-03-24
M16	0	0.00259274208920943	0	10.3194870340595	3.9376937511755	0.686632449887501	0.685499861111111	0.00097620378031172		28G1A01	7.7	1	0.02	2023-03-24
M17	0	0.0238559052344782	0	-3.47327825355966	4.27254265267091	1.70063793051481	1.69562486111111	0.00150741867189928	questionable fit	28G1A01	8	1	0.041	2023-03-24
M18	0	0.00820988208094862	0	-7.27488689336525	11.3703776954178	0.547513515388206	0.545749861111111	0.000850034593200787	questionable fit	28G1A01	8.3	1	0.015	2023-03-24
M19	0	0.0146411639808668	0	-5.98193632336808	7.53731197003615	1.00029521142234	0.99725	0.00103756892299212	questionable fit	28G1A01	8.6	1	0.025	2023-03-24
M2	0	0	0	0	0	0	0	0	cannot fit data	28G1A01	3.5	1	0.087	2023-03-24
M20	0	0.00909643754059876	0	-2.08390341050986	6.40100547138247	0.700444620329471	0.698374861111111	0.000826625769963555	questionable fit	28G1A01	8.9	1	0.018	2023-03-24
M21	0	0.0141988893368476	0	-2.43741118611357	1.66507137880576	0.918208863172501	0.91525	0.000704162644452566	questionable fit	28G1A01	9.2	1	0.021	2023-03-24
M22	0	0.00819427725945853	0	-0.155671797902978	0.836326780650095	0.730476028071245	0.728499583333333	0.00106513539663461	questionable fit	28G1A01	9.5	1	0.019	2023-03-24
M23	0	0.00147729318195395	0	1.12243749848336	0.411766417080133	0.528768790546173	0.528499861111112	0.000916452471060847		28G1A01	9.8	1	0.013	2023-03-24
M24	0	0.00856259809272648	0	0.43504493822755	1.00304858791744	0.945379632177596	0.94275	0.00140709842663616		28G1A01	10.1	1	0.025	2023-03-24
M3	0.075	0.0557086253394909	0.0041971961107567	3678.06936492466	165.145292778559	2.97636889582726	2.96337513888889	0.00168515139266435		28G1A01	3.8	1	0.075	2023-03-24
M4	0.061	0.00724444910820612	0.0433360259981095	462.264717191629	15.9947102807762	1.18303024833803	1.19075	0.00182718065964015		28G1A01	4.1	1	0.061	2023-03-24
M5	0.168	0.0479502594915284	0.0267884887183736	678.769712551487	25.8748146581532	4.7212411922613	4.72387486111111	0.00773047067944689		28G1A01	4.4	1	0.168	2023-03-24
M6	0.142133925007053	0.00234967602653543	0.139921903926105	29.2007368608256	4.95381467169005	2.75291854781655	2.81312513888889	0.00593165922516672		28G1A01	4.7	1	0.129	2023-03-24
M7	0.173118623340363	0.0195330982090645	0.102602549001201	20.098401337559	6.75565263541195	4.75554143921084	4.78762527777778	0.00964253466972918		28G1A01	5	1	0.157	2023-03-24
M8	0.116080740660108	0.000705648735686197	0.233989526538319	21.782283471382	2.96230002605023	3.06513475840657	3.09325041666667	0.00268394506671105		28G1A01	5.3	1	0.122	2023-03-24
M9	0.15789320474785	0.0214329588314348	0.109713952575448	16.8720880115574	6.31776692288322	4.78278826141048	4.80300027777778	0.00859706892315923		28G1A01	5.6	1	0.153	2023-03-24
N1	0	0.0127681845320439	0	-44.3595473587181	15.5526788150856	0.56302209807051	0.55325	0.00129426035715747	questionable fit (k < n0)	28G1A01	3.2	2	0.014	2023-03-24
N10	0.119948949283962	0.000537395047591025	0.244150166289648	22.1322714863802	2.83901989948935	3.12600120052438	3.14075041666667	0.00149646029850166		28G1A01	5.9	2	0.123	2023-03-24
N11	0.0868622561512433	0.000991065512641029	0.212755309918962	20.9716177288827	3.25795478770406	2.36208551205131	2.37787527777778	0.00125458550356835		28G1A01	6.2	2	0.086	2023-03-24
N12	0	0.000404497445745314	0	27.7724437233884	3.89831637884162	1.16733747427958	1.15762513888889	0.000845927058932442		28G1A01	6.5	2	0.055	2023-03-24
N13	0	0.000774782756718054	0	21.7045259712289	4.04126289098327	0.867513630039058	0.863750138888889	0.00122790680633833		28G1A01	6.8	2	0.036	2023-03-24
N14	0	0.00398570918078356	0	13.599383576137	11.2146049739719	0.404670990180686	0.403625	0.000884413038416776		28G1A01	7.1	2	0.014	2023-03-24
N15	0	0.00267573038675406	0	6.01013930053256	2.7648784901669	0.610528525779378	0.61075	0.000903264181670819		28G1A01	7.4	2	0.016	2023-03-24
N16	0	0.000837711988137954	0	20.3410666474281	7.21588907548158	0.183412936668551	0.183500138888889	0.00118782682696851		28G1A01	7.7	2	0.00900000000000001	2023-03-24
N17	0	0.00278814387902391	0	7.20778780809354	3.26663701236433	0.627423170163758	0.626499861111111	0.000884239276488063		28G1A01	8	2	0.017	2023-03-24
N18	0	0.00382210724293125	0	5.39033921202691	4.39835687440924	0.517572027913891	0.516624861111111	0.000687383539030524		28G1A01	8.3	2	0.014	2023-03-24
N19	0	0.00162332271283305	0	5.81316924398614	3.02467379109914	0.321630257649447	0.320749861111111	0.00083733289555416		28G1A01	8.6	2	0.00900000000000001	2023-03-24
N2	0	0	0	0	0	0	0	0	cannot fit data	28G1A01	3.5	2	0.003	2023-03-24
N20	0	0.00242617093398538	0	3.10760619251173	4.98053935624294	0.255958142953552	0.255375	0.000730440177597518		28G1A01	8.9	2	0.00800000000000001	2023-03-24
N21	0	0.00345605674309234	0	-107.707261724074	36.862798939815	0.158452357285318	0.157125138888889	0.00102491673637606	questionable fit (k < n0)	28G1A01	9.2	2	0.00800000000000001	2023-03-24
N22	0	0.00261668884786166	0	0.747315279046931	0.49936686084828	0.472388539746891	0.47125	0.000954115338989967		28G1A01	9.5	2	0.012	2023-03-24
N23	0	0.000741364118086807	0	1.6741038861513	0.448347434203843	0.492984877899751	0.492624861111112	0.000971000970400478		28G1A01	9.8	2	0.013	2023-03-24
N24	0	0.0000476155441841868	0	1.76207226006994	0.271485600381281	0.201028793058183	0.201374861111111	0.0014413057973273		28G1A01	10.1	2	0.00900000000000001	2023-03-24
N3	0	0.00135687998620121	0	26.1541894331065	8.43533592154227	0.2930441407499	0.291875	0.000969155768310142		28G1A01	3.8	2	0.014	2023-03-24
N4	0.038	0.0030830173974115	0.0512761153949903	380.426275260406	13.5179347191279	0.65195393902353	0.654125	0.00124700496992105		28G1A01	4.1	2	0.038	2023-03-24
N5	0.164538118065374	0.00341408801745854	0.0919960793336734	41.8959597399697	7.53452957539499	1.7955046137086	1.80575	0.00309072365458616		28G1A01	4.4	2	0.109	2023-03-24
N6	0.110657068548937	0.000360195879061274	0.214019727622295	26.7465196947357	3.23870695594577	2.37802615381141	2.44187513888889	0.00484154255239071		28G1A01	4.7	2	0.11	2023-03-24
N7	0.109460660582002	0.000716635039392911	0.228480119648903	21.9808415595189	3.03373081922873	2.86853246237787	2.90687527777778	0.00296673832482543		28G1A01	5	2	0.113	2023-03-24
N8	0.117472186940073	0.000539686506743378	0.228714232676391	23.5156493633012	3.0306254772552	2.89972366280355	2.88950027777778	0.00303360727768278		28G1A01	5.3	2	0.127	2023-03-24
N9	0.116919188595456	0.000592941569500639	0.249599723790833	21.1500960668162	2.7770350464843	3.16136992772372	3.16912527777778	0.00353820152598137		28G1A01	5.6	2	0.127	2023-03-24
O1	0.105	0.125980041243627	0.117857747856337	-15.2094533907131	5.88121861453571	5.22327985569175	5.06437472222222	0.00702664062275251	questionable fit (k < n0)	28G1A01	3.2	3	0.132	2023-03-24
O10	0.132710623797357	0.00122636085791652	0.211115226776507	22.1435284917668	3.28326474193039	3.45532019035256	3.50075041666667	0.00307874216073305		28G1A01	5.9	3	0.132	2023-03-24
O11	0.13359031250372	0.0123022338107522	0.123427671539311	18.5403130961735	5.61581671205053	3.88577468030226	3.91812513888889	0.00712521821082176		28G1A01	6.2	3	0.124	2023-03-24
O12	0	0.00047988238303145	0	23.6718565325443	3.22533483335329	1.91794088042048	1.94300013888889	0.00237647060355781		28G1A01	6.5	3	0.077	2023-03-24
O13	0	0.0184764177064372	0	2.59642006491111	9.38701297857386	1.549165482958	1.546	0.00200258564699487		28G1A01	6.8	3	0.041	2023-03-24
O14	0	0.00504936584778807	0	5.83089558748737	4.23615186156996	0.733418383372182	0.7325	0.000617976908280445		28G1A01	7.1	3	0.019	2023-03-24
O15	0	0.0219379460701268	0	-0.589074908577674	3.58099319998215	1.86430683390121	1.859625	0.00194231848567536	questionable fit	28G1A01	7.4	3	0.044	2023-03-24
O16	0	0.00298805194866572	0	17.2227485789664	11.0755021374304	0.334794840420441	0.3345	0.00116084898009929		28G1A01	7.7	3	0.012	2023-03-24
O17	0	0.0193373033191907	0	-4.90950556774075	5.16110622232323	1.32335419655082	1.31912527777778	0.0014625966118059	questionable fit	28G1A01	8	3	0.033	2023-03-24
O18	0	0.00680823916722355	0	6.30996108796243	8.91422036360537	0.649696276172471	0.648249861111111	0.000773066070602404		28G1A01	8.3	3	0.018	2023-03-24
O19	0	0.0154337167217408	0	-16.1815187074791	6.38274672425104	0.845958712043343	0.843250416666667	0.0028519258904086	questionable fit	28G1A01	8.6	3	0.025	2023-03-24
O2	0	0.00693468470092439	0	-10.3553732829259	5.03730007141765	0.401233455874243	0.4	0.000508375989222974	questionable fit	28G1A01	3.5	3	0.01	2023-03-24
O20	0	0.010285117662997	0	0.0630266889182346	6.04160377401605	0.870517667996408	0.868124861111111	0.000801513290090825		28G1A01	8.9	3	0.022	2023-03-24
O21	0	0.0141699653824276	0	-9.88125188832849	2.95136565866273	0.74393351537895	0.741375	0.00078045572371673	questionable fit	28G1A01	9.2	3	0.018	2023-03-24
O22	0	0.004581072751371	0	0.481677710934671	0.406324998603655	0.712641252057477	0.697125138888889	0.000931256998196984		28G1A01	9.5	3	0.017	2023-03-24
O23	0	0.00132963128717643	0	1.3058195563611	0.408385455077204	0.633594879461899	0.633125	0.000831648706305092		28G1A01	9.8	3	0.015	2023-03-24
O24	0	0.0141629626922721	0	-4.19281647617969	7.10772768571974	1.01462364109733	1.01150013888889	0.00125685008430627	questionable fit	28G1A01	10.1	3	0.026	2023-03-24
O3	0.056	0.0497449092767657	0.00202461401616147	6141.24549270161	342.360161011878	2.51885506060114	2.508	0.00111961830770851		28G1A01	3.8	3	0.056	2023-03-24
O4	0	0.00335522015373111	0	35.7995300323957	12.3803746426786	0.491097603677946	0.490500138888889	0.000356588143755435		28G1A01	4.1	3	0.019	2023-03-24
O5	0.138	0.0622740675938445	0.0138891149077309	1221.04932781395	49.9057848656813	4.27427881859795	4.262	0.00528360335166173		28G1A01	4.4	3	0.138	2023-03-24
O6	0.117	0.00354038985918436	0.0726888972983231	277.134620287143	9.53580541626865	1.57059768818194	1.57575013888889	0.00165440614181456		28G1A01	4.7	3	0.117	2023-03-24
O7	0.177207902379771	0.0162497090549611	0.108691089692887	21.0971264033558	6.37722174392101	4.73034345470436	4.78112527777778	0.0116719546878795		28G1A01	5	3	0.166	2023-03-24
O8	0.129252420763286	0.000898690351239774	0.217642778242443	22.7970197406101	3.18479292608466	3.2822145332082	3.31812555555556	0.00283641081071125		28G1A01	5.3	3	0.13	2023-03-24
O9	0.191518572135426	0.0300079597072829	0.092629449053457	18.1703356684725	7.48301093920926	5.52399706283293	5.54250055555556	0.00960996306637628		28G1A01	5.6	3	0.172	2023-03-24
