sample	k	n0	r	t_mid	t_gen	auc_l	auc_e	sigma	note	strain	pH	replicate	max.OD	date
A1	0	0.0176	0	-15.2250705358242	7.61253526791208	0.677490873853861	0.6609	0.000427971208130905	questionable fit (k < n0)	02G3A08	3.2	1	0.0176	2024-13-05
A10	0.152475634059951	0.0150262161072185	0.216597657127674	10.2192220972381	3.20016010215369	5.71825429673156	5.7084625	0.00633307846519305		02G3A08	5.9	1	0.1693	2024-13-05
A11	0.109820397866044	0.00880607904294383	0.360090215203738	6.77557981577508	1.92492645257735	4.52372443167306	4.5434	0.0125546069127509		02G3A08	6.2	1	0.1272	2024-13-05
A12	0.134236790940891	0.0156725002992028	0.228694245993743	8.84826698838	3.0308903380932	5.20961315477006	5.2071	0.00462127881880736		02G3A08	6.5	1	0.1481	2024-13-05
A13	0.0928327540385032	0.0131407871227656	0.228522178748055	7.88740893776319	3.03317246648579	3.68034029457273	3.6757625	0.00672601450819112		02G3A08	6.8	1	0.1102	2024-13-05
A14	0	0.0146272455570319	0	6.03152630858418	3.09932661219741	2.92029383652202	2.9187375	0.00211717844242266		02G3A08	7.1	1	0.0741	2024-13-05
A15	0	0.0120952049881107	0	5.92809377591764	2.87438296553249	2.59107786406725	2.5914	0.00291663173727286		02G3A08	7.4	1	0.0692	2024-13-05
A16	0	0.0171173853380461	0	1.75460058130977	2.70667484663762	1.95633960162221	1.954225	0.00720939108566828		02G3A08	7.7	1	0.0792	2024-13-05
A17	0	0.0217776095104221	0	0.336755926577941	1.54526304624066	2.18948886246084	2.1853625	0.00252543118974599		02G3A08	8	1	0.0518	2024-13-05
A18	0	0.0145187004650553	0	2.36681191349729	2.36471113772411	1.93687891649308	1.9359875	0.00436320209571422		02G3A08	8.3	1	0.0515	2024-13-05
A19	0	0.0130648591702954	0	1.20492423902546	1.56668664741393	1.62345329134365	1.62125	0.00207023480938009		02G3A08	8.6	1	0.0382	2024-13-05
A2	0	0.0156	0	-13.1513790659186	7.73410484688959	0.564375737558198	0.546575	0.000753217428849679	questionable fit (k < n0)	02G3A08	3.5	1	0.0156	2024-13-05
A20	0	0.0129748651276685	0	0.827618322816962	3.70262285713441	1.23937219508996	1.2374125	0.00288891666408303		02G3A08	8.9	1	0.0321	2024-13-05
A21	0	0.0178160316464299	0	-8.54805573329891	18.243494702613	1.12846765564192	1.125125	0.00253927809140485	questionable fit	02G3A08	9.2	1	0.0305	2024-13-05
A22	0	0	0	0	0	0	0	0	cannot fit data	02G3A08	9.5	1	0.0204	2024-13-05
A23	0	0.0122724529621957	0	0.139939174779661	0.700581579594224	1.25051674904539	1.2487	0.00285125628922051		02G3A08	9.8	1	0.0316	2024-13-05
A24	0	0.0127033010487416	0	-2.36952288712886	3.54864043370295	0.945994670405699	0.9320875	0.00399971422952527	questionable fit	02G3A08	10.1	1	0.0266	2024-13-05
A3	0	0.0178138220760779	0	-47.0172979251185	21.504956740607	0.756443915977554	0.7105125	0.00178953885543314	questionable fit (k < n0)	02G3A08	3.8	1	0.0201	2024-13-05
A4	0	0	0	0	0	0	0	0	cannot fit data	02G3A08	4.1	1	0.0081	2024-13-05
A5	0	0.0185540135106207	0	-2.45683265690814	2.46759861173866	1.30248840989675	1.298875	0.000269725006517301	questionable fit	02G3A08	4.4	1	0.0283	2024-13-05
A6	0	0.0194209900727343	0	0.893097913978308	4.33333029667169	1.81547633218945	1.8115375	0.000327139965746365		02G3A08	4.7	1	0.043	2024-13-05
A7	0.0924213881128399	0.0225607604835266	0.0897518262348098	12.5935051733054	7.72293121642478	3.04391035871026	3.0374875	0.00265337666432409		02G3A08	5	1	0.0936	2024-13-05
A8	0.0951160870787586	0.0142449475758466	0.196307930783089	8.84556585599672	3.53091786865116	3.66481733467627	3.66115	0.00501599687039122		02G3A08	5.3	1	0.1076	2024-13-05
A9	0.13260264040593	0.0175340815058721	0.168278405600479	11.1801725643883	4.11905008302486	4.7986805312501	4.7951625	0.0020865661740048		02G3A08	5.6	1	0.1362	2024-13-05
B1	0	0.0148891484948352	0	-20.1336135342856	8.8734199767003	0.603155258443445	0.5814375	0.00059706883155438	questionable fit (k < n0)	02G3A08	3.2	2	0.0159	2024-13-05
B10	0.174482755242658	0.0175293097971093	0.178945043985012	12.2499895009446	3.87351985349202	6.17093817894427	6.1598875	0.00481357180500942		02G3A08	5.9	2	0.1867	2024-13-05
B11	0.132557280738702	0.0144877895150248	0.2583364872756	8.12106408072754	2.68311761869115	5.25334516577085	5.2635	0.0165711325942797		02G3A08	6.2	2	0.1677	2024-13-05
B12	0.120615449499901	0.0120732513571088	0.264680657797817	8.29734467456462	2.61880556866918	4.7647928842148	4.766275	0.00370317256530219		02G3A08	6.5	2	0.1303	2024-13-05
B13	0.0953283591874931	0.0149087888263749	0.228604522519774	7.37214927887478	3.0320799121548	3.82114310572308	3.82175	0.00353037999576452		02G3A08	6.8	2	0.0995	2024-13-05
B14	0	0.0157187862851506	0	6.46047573418746	3.30655841930835	3.11394223796426	3.110125	0.00207392853562484		02G3A08	7.1	2	0.0824	2024-13-05
B15	0	0.0153238397746707	0	4.9281432135063	3.25262346308229	2.47514476405394	2.472625	0.00361111145119245		02G3A08	7.4	2	0.0799	2024-13-05
B16	0	0.0124735416650663	0	0.485300943848229	0.760266425743764	1.50420703415743	1.502475	0.00393018979755401		02G3A08	7.7	2	0.0425	2024-13-05
B17	0	0.0161768609630952	0	2.62022333952641	3.32301463634338	1.91432654969633	1.9131125	0.00423587183588891		02G3A08	8	2	0.0625	2024-13-05
B18	0	0.0168523177914092	0	0.434435876773124	1.17725638755566	1.80693066093448	1.804025	0.00526534526645506		02G3A08	8.3	2	0.0468	2024-13-05
B19	0	0.0111113325478624	0	0.678779766061783	1.27367296686522	1.26574786476276	1.263925	0.00277940920311845		02G3A08	8.6	2	0.0364	2024-13-05
B2	0	0.0118428425078382	0	-43.6097034909457	18.6550930401203	0.505677594880262	0.477225	0.00127583197753192	questionable fit (k < n0)	02G3A08	3.5	2	0.0138	2024-13-05
B20	0	0.00750149985525919	0	1.12739449326077	0.86901556374437	1.20986672670355	1.208675	0.00409110280807895		02G3A08	8.9	2	0.033	2024-13-05
B21	0	0.00789456738900875	0	0.134923706045182	0.428579404631724	0.844969845796505	0.8435125	0.00396039131587022		02G3A08	9.2	2	0.026	2024-13-05
B22	0	0	0	0	0	0	0	0	cannot fit data	02G3A08	9.5	2	0.0315	2024-13-05
B23	0	0.0151213925061362	0	-2.14601996229888	1.20020335188207	0.931308063453242	0.8858375	0.00516070579274752	questionable fit	02G3A08	9.8	2	0.0292	2024-13-05
B24	0	0.0159216086391643	0	-14.6685963731098	6.73897816538688	0.627625748169686	0.59525	0.00361867891884647	questionable fit (k < n0)	02G3A08	10.1	2	0.0213	2024-13-05
B3	0	0.01845580190432	0	-34.358035560294	14.9585578763597	0.773722559828309	0.732225	0.0015884194250924	questionable fit (k < n0)	02G3A08	3.8	2	0.0196	2024-13-05
B4	0	0.000174821423548642	0	1.27127996535753	0.283657462585333	0.191434153891685	0.1915	0.00133587933411598		02G3A08	4.1	2	0.0071	2024-13-05
B5	0.738989515712056	0.0182803685307704	0.0314532230133158	116.82134852202	22.0373975750116	1.9798284782565	1.9789875	0.00530708077924067		02G3A08	4.4	2	0.0829	2024-13-05
B6	0.314977656228845	0.0157657861745502	0.0562041771437405	52.3681674108116	12.3326630828033	2.97862021893526	2.9878625	0.00528743393635576		02G3A08	4.7	2	0.1277	2024-13-05
B7	0.79879439191972	0.0337285145766243	0.036104295610137	86.4611338367741	19.1984684605045	4.00417059903733	3.9935625	0.0111338469233044		02G3A08	5	2	0.1578	2024-13-05
B8	0.233472038356858	0.0325314003516698	0.0536049574060646	33.967077518101	12.9306544413283	4.33636477371413	4.31155	0.0130729080878072		02G3A08	5.3	2	0.1684	2024-13-05
B9	0.139147440509131	0.0181490176456524	0.193551218527618	9.80185550221864	3.58120804318801	5.24291685733461	5.2302375	0.00717633096422093		02G3A08	5.6	2	0.1533	2024-13-05
C1	0	0.0224	0	-9.87329002408712	10.2647370962411	0.63841523825017	0.58985	0.00131909481141769	questionable fit (k < n0)	08G1A03	3.2	1	0.0224	2024-13-05
C10	0.263405535819313	0.0104138716710019	0.400445986506242	7.96666196123372	1.7309380139065	10.5710771398987	10.564075	0.00418142470450194		08G1A03	5.9	1	0.269	2024-13-05
C11	0.402322927331101	0.0105450804071403	0.405822808874263	8.90791607573157	1.70800449211494	15.7816635396287	15.80885	0.0206901418029011		08G1A03	6.2	1	0.4274	2024-13-05
C12	0.265051744686995	0.0119320485086144	0.377331345408196	8.09536390066204	1.83697217046758	10.5973742363309	10.60015	0.00774706981955951		08G1A03	6.5	1	0.2764	2024-13-05
C13	0.249023709096181	0.0121999126045707	0.393136552891069	7.54416647329616	1.76312066497669	10.0923791818675	10.10305	0.00524670593922973		08G1A03	6.8	1	0.2559	2024-13-05
C14	0.23916071197322	0.0110986325464779	0.383992897722882	7.87201008479098	1.80510416903641	9.61520909236714	9.6277125	0.00667894725801226		08G1A03	7.1	1	0.2456	2024-13-05
C15	0.22449775011299	0.0113138004737287	0.384141428262359	7.64336238920876	1.80440621490724	9.07459140808735	9.08255	0.00519181803427689		08G1A03	7.4	1	0.2295	2024-13-05
C16	0.205038771071798	0.0124753771374324	0.341217063525677	8.0203156247187	2.0313965937046	8.20061585633815	8.201675	0.00320414254410244		08G1A03	7.7	1	0.2104	2024-13-05
C17	0.19472531368378	0.0148430915355022	0.334893867949807	7.44942805332742	2.06975178376163	7.88901242483333	7.8892625	0.00327922491327623		08G1A03	8	1	0.1998	2024-13-05
C18	0.19125538804437	0.0111872087311673	0.328230141061421	8.46529357752255	2.11177187542395	7.56430391103331	7.569975	0.00367264148226349		08G1A03	8.3	1	0.1944	2024-13-05
C19	0.146382882509029	0.00864501669698829	0.355254076434156	7.79264613350552	1.95113082872229	5.88982158651076	5.903725	0.00987045012348866		08G1A03	8.6	1	0.1669	2024-13-05
C2	0	0.0160055944841546	0	-26.3932967319274	15.2053561639064	0.619218327515211	0.5736875	0.00176809546525112	questionable fit (k < n0)	08G1A03	3.5	1	0.0174	2024-13-05
C20	0	0.0154943153558479	0	5.84146554608986	2.71348493453223	3.5077646568122	3.4984125	0.00620278288426105		08G1A03	8.9	1	0.102	2024-13-05
C21	0	0.0109891598318241	0	3.99510550038963	1.96630008596087	2.43743908865251	2.433875	0.00335425285620745		08G1A03	9.2	1	0.0665	2024-13-05
C22	0	0.0162324208576853	0	4.12477371239716	3.58727741665877	2.20238032159768	2.1968125	0.00309669375030834		08G1A03	9.5	1	0.0619	2024-13-05
C23	0	0.0153668022764878	0	2.69347661119158	2.65269917989359	2.0414218640212	2.03685	0.00300570165809165		08G1A03	9.8	1	0.0565	2024-13-05
C24	0	0.013477922150816	0	2.26102145900361	2.98922498305589	1.5923998527648	1.589625	0.00139960926088888		08G1A03	10.1	1	0.04	2024-13-05
C3	0	0.0222950866674619	0	-3.47064713479214	1.07376176211966	1.18510765603312	1.1807625	0.000729694987473346	questionable fit	08G1A03	3.8	1	0.0261	2024-13-05
C4	0	0.000970813195273449	0	10.2759914687936	1.76234806947684	2.12992609921286	2.1375625	0.00214062959854652		08G1A03	4.1	1	0.0608	2024-13-05
C5	0.116793666251295	0.00798437987283652	0.410087521793966	6.36963922958537	1.69024206717558	4.86532133199328	4.876175	0.00426460863296203		08G1A03	4.4	1	0.1224	2024-13-05
C6	0.196362894677854	0.0110932376305604	0.311331580109925	9.04333787235614	2.2263953445237	7.65218652371226	7.6469375	0.00343787922291571		08G1A03	4.7	1	0.2007	2024-13-05
C7	0.234261403563288	0.0152396824070092	0.320144119395029	8.32521366530301	2.16510983200246	9.29183888151715	9.283	0.00454925657078115		08G1A03	5	1	0.241	2024-13-05
C8	0.244501147982339	0.0119560796614957	0.346154642544046	8.57375223796663	2.0024205813497	9.65318314927931	9.6392125	0.00447040652928948		08G1A03	5.3	1	0.2503	2024-13-05
C9	0.361870298803255	0.00750471428997661	0.439560172686382	8.76967011416242	1.5769107931771	14.2513120025927	14.2717375	0.00720507692995224		08G1A03	5.6	1	0.3691	2024-13-05
D1	0	0.0225	0	-9.35692005215783	10.5962121965264	0.615799005451534	0.5576125	0.00128426324033516	questionable fit (k < n0)	08G1A03	3.2	2	0.0225	2024-13-05
D10	0.262804380605164	0.0075559045211261	0.435995980267909	8.07325831578378	1.58980176866315	10.5278262803348	10.531975	0.00337949309473266		08G1A03	5.9	2	0.2673	2024-13-05
D11	0.421751249125638	0.012742900383753	0.362382678861778	9.57209460295602	1.91274920406538	16.2555447803491	16.2614625	0.011319093021188		08G1A03	6.2	2	0.4369	2024-13-05
D12	0.254488314987927	0.0147452701371854	0.348871492976575	7.99333105966161	1.98682665254764	10.1885178029226	10.1828125	0.00673556851348979		08G1A03	6.5	2	0.2644	2024-13-05
D13	0.237202927973665	0.0114007709006052	0.39875650880707	7.48822442460862	1.73827176547809	9.62758579808836	9.63305	0.00605431894379108		08G1A03	6.8	2	0.246	2024-13-05
D14	0.235248034329647	0.0102272360116346	0.391033240891602	7.90505295403278	1.77260423942345	9.45250187984601	9.4622125	0.00617346245525232		08G1A03	7.1	2	0.2405	2024-13-05
D15	0.223249839587202	0.0133943489051849	0.369884245805981	7.43904692053785	1.87395702417542	9.06247030092469	9.0656875	0.00440377177185862		08G1A03	7.4	2	0.2304	2024-13-05
D16	0.207328083254879	0.0124827006954178	0.332100813338107	8.27418206256888	2.08715893704922	8.23892063692222	8.2402	0.00373476797937956		08G1A03	7.7	2	0.2144	2024-13-05
D17	0.183954248931897	0.0116090848763198	0.355799150424555	7.58211833814102	1.94814175281996	7.43807785780664	7.4423375	0.00289068848093889		08G1A03	8	2	0.1855	2024-13-05
D18	0.189195396860722	0.0103133993741487	0.324738145792335	8.78640970765772	2.13448031757625	7.42416135999403	7.434225	0.00423634306947206		08G1A03	8.3	2	0.1927	2024-13-05
D19	0.135060983278599	0.0070829729398099	0.389629856661491	7.42798499429486	1.778988875491	5.4879982205836	5.5036	0.0112818845172812		08G1A03	8.6	2	0.1597	2024-13-05
D2	0	0.0147087308292088	0	-28.7738145908823	16.553442891953	0.574101384005654	0.5324125	0.00164266340964374	questionable fit (k < n0)	08G1A03	3.5	2	0.0167	2024-13-05
D20	0	0.011838759682269	0	5.55689495182897	2.18859048345653	3.39852039733701	3.391175	0.00706413185414513		08G1A03	8.9	2	0.0991	2024-13-05
D21	0	0.0112310943675865	0	3.51118932987298	1.94407633548234	2.22139632763131	2.2196375	0.00234305566718739		08G1A03	9.2	2	0.0564	2024-13-05
D22	0	0.0113188196268951	0	5.0446779804659	2.9173370942669	2.05375830913648	2.0489625	0.00283919870145151		08G1A03	9.5	2	0.0578	2024-13-05
D23	0	0.0171864014750171	0	2.71639470422781	3.53046317816753	2.00489627213578	1.9996375	0.00340191674491627		08G1A03	9.8	2	0.0602	2024-13-05
D24	0	0.0117562805631065	0	2.65309393176147	2.89523858882192	1.48577997600424	1.4832	0.00131932145229642		08G1A03	10.1	2	0.0372	2024-13-05
D3	0	0.0196318814065504	0	-4.57688885549513	1.37681866475545	1.03664275648459	1.0327625	0.000603253645254712	questionable fit	08G1A03	3.8	2	0.0228	2024-13-05
D4	0	0.000387117197946125	0	10.8045261519834	1.54578589412458	1.85335288944193	1.8597375	0.00252588432358641		08G1A03	4.1	2	0.0555	2024-13-05
D5	0.111453779012354	0.0072518411117626	0.409619492199894	6.50622198091703	1.69217333100372	4.62859209659893	4.6420375	0.0047915131996343		08G1A03	4.4	2	0.1176	2024-13-05
D6	0.180860200124414	0.0120866631850589	0.307123372706211	8.58435210042655	2.25690143492595	7.1241157171724	7.115725	0.00337938649972795		08G1A03	4.7	2	0.1842	2024-13-05
D7	0.220909950053651	0.0151062549484227	0.311947663251998	8.37260281998218	2.22199831001781	8.74804890292491	8.7405375	0.00310729255527518		08G1A03	5	2	0.2235	2024-13-05
D8	0.241469113408956	0.0130246426409351	0.336222534584791	8.51950633570519	2.06157264686595	9.54172563369575	9.5235	0.00517168745672592		08G1A03	5.3	2	0.2475	2024-13-05
D9	0.36123871491274	0.00692870222106714	0.44254760910999	8.89056830269089	1.56626578992018	14.1841797734063	14.2121125	0.00736048579989171		08G1A03	5.6	2	0.3691	2024-13-05
E1	0	0.0153573095333552	0	86074.571482703	9307.59394872268	0.741545957152139	0.73835	0.000666566590064432		25G3B04	3.2	1	0.0176	2024-13-05
E10	0.271433654196724	0.0175842271994261	0.310195388853363	8.60663653198746	2.23455023984129	10.6882928518851	10.6498375	0.00965459503949102		25G3B04	5.9	1	0.2781	2024-13-05
E11	0.357379645696238	0.011524449360689	0.393689482227984	8.64018350345838	1.76064439577419	14.1080187636026	14.1207875	0.0224633377283466		25G3B04	6.2	1	0.3866	2024-13-05
E12	0.267410392025253	0.0154641434253534	0.328114358618739	8.50524116240462	2.11251706105726	10.5661705088244	10.5490625	0.00825732915087722		25G3B04	6.5	1	0.2793	2024-13-05
E13	0.249106784998982	0.0160915684691277	0.344766387334396	7.75252002334183	2.01048363768608	10.0274235714417	10.0145375	0.00746701597277445		25G3B04	6.8	1	0.2605	2024-13-05
E14	0.255179855142406	0.0157462513914896	0.326496702772944	8.33599174708165	2.12298370756284	10.1226426246979	10.1099	0.00820725899762003		25G3B04	7.1	1	0.2661	2024-13-05
E15	0.250251268277242	0.0196711933540554	0.310110479556864	7.93730964189931	2.2351620672427	10.0096580440317	10.0024125	0.00825406315154298		25G3B04	7.4	1	0.2585	2024-13-05
E16	0.242503436132506	0.0191338663990953	0.270170956808024	9.09560308508651	2.56558731830112	9.4091348910031	9.3989375	0.00915404154197417		25G3B04	7.7	1	0.256	2024-13-05
E17	0.223614955829915	0.0252190992915562	0.268688637806875	7.67677677493404	2.57974131774846	8.96196459139652	8.935075	0.00886004149449177		25G3B04	8	1	0.2313	2024-13-05
E18	0.20806221509281	0.0179550054848155	0.293238461566066	8.04710005762481	2.36376625650718	8.29021439519337	8.274175	0.00550556357175224		25G3B04	8.3	1	0.2126	2024-13-05
E19	0.125043585763599	0.00887854347153686	0.452977340783684	5.6766072090322	1.53020276767211	5.29691171776014	5.29005	0.0043604770981574		25G3B04	8.6	1	0.1341	2024-13-05
E2	0	0.0122212090461389	0	13218.8479844976	751.99169272538	0.60234012824291	0.5997625	0.000312927212065188		25G3B04	3.5	1	0.0134	2024-13-05
E20	0.0923044718960171	0.00932090908909772	0.373696202369814	5.85069468236281	1.85484138228945	3.88271106431115	3.87545	0.00337640981389784		25G3B04	8.9	1	0.0987	2024-13-05
E21	0	0.00479724958677826	0	4.14654726316678	1.22276356716468	2.41965874394072	2.4201625	0.00326442522526209		25G3B04	9.2	1	0.0635	2024-13-05
E22	0	0.0055638725022	0	4.4125280754907	1.55950675105297	1.96195599967928	1.9618375	0.00295144602230038		25G3B04	9.5	1	0.0539	2024-13-05
E23	0	0.00609464864076237	0	3.9236918113645	1.50400634153549	1.90167903047163	1.9021125	0.00226877319140253		25G3B04	9.8	1	0.0503	2024-13-05
E24	0	0.00914403862745823	0	5.91275536183551	2.99123791033363	1.8644955839223	1.8640125	0.00363278855021851		25G3B04	10.1	1	0.0574	2024-13-05
E3	0	0.0150454311827462	0	-3.82311825531442	7.67454234837317	1.08888957327593	1.085675	0.000373572771692607	questionable fit	25G3B04	3.8	1	0.0256	2024-13-05
E4	0	0.000591578488403466	0	10.2239229725765	1.49428291796098	2.59854094275394	2.600075	0.0018236380023557		25G3B04	4.1	1	0.0741	2024-13-05
E5	0.131917281437682	0.00476522332143562	0.504345411589018	6.51148835649402	1.37435012717986	5.48977527197031	5.5054	0.00530978248599012		25G3B04	4.4	1	0.1437	2024-13-05
E6	0.169035298882265	0.00616547395436145	0.48755708999078	6.71508284255351	1.42167388145879	6.99948638410966	7.018225	0.00602634236087318		25G3B04	4.7	1	0.1769	2024-13-05
E7	0.231702176845624	0.00964585619396802	0.411574669365192	7.62049481321778	1.68413469572616	9.37835707837655	9.3933125	0.00521000942052417		25G3B04	5	1	0.2377	2024-13-05
E8	0.238521793817588	0.00756393100566586	0.445681271996615	7.67105208875139	1.55525310151513	9.6497245666418	9.65305	0.00368902515982796		25G3B04	5.3	1	0.2425	2024-13-05
E9	0.331611185574905	0.00690119831042151	0.475353471201239	8.10183916957379	1.45817212359538	13.2822353091402	13.3005625	0.0127718681140175		25G3B04	5.6	1	0.3509	2024-13-05
F1	0	0.013336687326918	0	5166.4239250303	288.746934014417	0.681490296097393	0.678775	0.000705323117557071		25G3B04	3.2	2	0.0159	2024-13-05
F10	0.258806261506917	0.0183226486171367	0.298188464485121	8.63384849588359	2.32452714680562	10.1761723039575	10.137675	0.00981529918355355		25G3B04	5.9	2	0.2682	2024-13-05
F11	0.330933992677626	0.0129874458807511	0.380963541502309	8.39424180806363	1.81945804531992	13.1382087604068	13.1434375	0.0211200963097177		25G3B04	6.2	2	0.3594	2024-13-05
F12	0.26293926572906	0.0176478790740949	0.309623514939258	8.50010125124024	2.23867744895257	10.3795922963748	10.360775	0.009065208589683		25G3B04	6.5	2	0.2758	2024-13-05
F13	0.241400621042183	0.0176864703207058	0.326800826943058	7.76487987864289	2.12100803735335	9.70479230099354	9.685675	0.00802333351931586		25G3B04	6.8	2	0.2512	2024-13-05
F14	0.248068641585609	0.017990044886557	0.321748532999076	7.92110039641203	2.15431341395405	9.93382033394196	9.910575	0.00647185060519592		25G3B04	7.1	2	0.2555	2024-13-05
F15	0.24352138993324	0.0181495029072546	0.324610598662712	7.76040186944253	2.13531900503397	9.78973617150388	9.7830125	0.00632797102039014		25G3B04	7.4	2	0.2514	2024-13-05
F16	0.226904722889361	0.0165942035209377	0.321088699921076	7.90912808191895	2.15874049983796	9.0884594433646	9.08355	0.0059127867888076		25G3B04	7.7	2	0.2341	2024-13-05
F17	0.212708048808319	0.0223613754879421	0.288367208672323	7.42633621185103	2.40369625850067	8.59090206706518	8.5704	0.0100186696286703		25G3B04	8	2	0.2287	2024-13-05
F18	0.194581870152582	0.0210076369601656	0.279342583261126	7.55960406703117	2.48135165239737	7.82825681228184	7.804775	0.00650521951261939		25G3B04	8.3	2	0.1989	2024-13-05
F19	0.120375961772637	0.00881674500775223	0.439780516746756	5.77083952147838	1.57612071059321	5.08659737078386	5.080125	0.00209739181614055		25G3B04	8.6	2	0.127	2024-13-05
F2	0	0.016877233346586	0	11357.4365749832	663.194281089697	0.834316405075609	0.8308875	0.000267241752364906		25G3B04	3.5	2	0.0183	2024-13-05
F20	0.0882439787107505	0.00413548191797089	0.599009991816542	5.02913768935786	1.15715462184183	3.80247327042992	3.80285	0.00395875322118536		25G3B04	8.9	2	0.0976	2024-13-05
F21	0	0.0184448465770102	0	2.34744797067335	2.11770612384696	2.60154402256494	2.5991875	0.0037323003543667		25G3B04	9.2	2	0.0665	2024-13-05
F22	0	0.00459167384364746	0	4.79814546794291	1.40784909489517	2.30510961668205	2.306925	0.0073773369163131		25G3B04	9.5	2	0.0689	2024-13-05
F23	0	0.00650337346739591	0	3.92782321135164	1.52418992059776	1.99046060813949	1.99075	0.00358941783321207		25G3B04	9.8	2	0.0604	2024-13-05
F24	0	0.00720126203453272	0	5.27546405657293	2.11824750371757	2.02234012579394	2.0254125	0.00613143307927691		25G3B04	10.1	2	0.0617	2024-13-05
F3	0	0.0147792273803086	0	-3.59320794569189	7.32734877822208	1.07764985831548	1.07505	0.000375219509064781	questionable fit	25G3B04	3.8	2	0.0253	2024-13-05
F4	0	0.00065561445609243	0	10.4041328878397	1.56574574998768	2.50291800208793	2.5086125	0.00181845789340377		25G3B04	4.1	2	0.069	2024-13-05
F5	0.132557801425615	0.00594273115839423	0.460440817980247	6.64359588233536	1.50539907300243	5.49538387428037	5.5113375	0.00493096300595798		25G3B04	4.4	2	0.1409	2024-13-05
F6	0.190607010661734	0.00910062974509829	0.378431483005623	7.9088218876374	1.83163191142225	7.65508684762629	7.663175	0.0051728118731902		25G3B04	4.7	2	0.1969	2024-13-05
F7	0.219108839617775	0.0095125137089017	0.409738231000914	7.54768538768066	1.6916829529593	8.88348553865666	8.8957375	0.00403461752097215		25G3B04	5	2	0.2238	2024-13-05
F8	0.229834212283404	0.00670952223074279	0.463663726388374	7.55763890531588	1.49493510298744	9.32625512056157	9.334475	0.00387737032494572		25G3B04	5.3	2	0.2345	2024-13-05
F9	0.330871030643319	0.00757021006032942	0.456664158582112	8.2212767001796	1.5178488776349	13.2109397050509	13.2234375	0.0118277660880327		25G3B04	5.6	2	0.3478	2024-13-05
G1	0	0.0133266880468189	0	-0.23922207533591	0.289482426722385	1.00069464569815	0.9980625	0.00121387952711847	questionable fit	28D04	3.2	1	0.0235	2024-13-05
G10	0.262366895147045	0.0223090605588026	0.179726671885231	13.2194456605035	3.85667398883662	9.05065543572031	9.01765	0.0116921511177766		28D04	5.9	1	0.2793	2024-13-05
G11	0.403402786871762	0.0242303733815937	0.196335173560076	14.0086161029121	3.53042793092727	13.6680074738686	13.645875	0.00912850829891369		28D04	6.2	1	0.4127	2024-13-05
G12	0.24711743535453	0.022320717221967	0.192211351767842	12.0163623376975	3.60617192577235	8.82105574815904	8.7934625	0.008150533359656		28D04	6.5	1	0.262	2024-13-05
G13	0.222712987900771	0.0252140347520857	0.190748021774328	10.7908459053688	3.63383679742693	8.19208678705171	8.1670625	0.00656473581727502		28D04	6.8	1	0.2395	2024-13-05
G14	0.19250942783767	0.0199258764780321	0.21269872880156	10.149859731238	3.25882145354346	7.22634144933615	7.2066	0.00628095435370415		28D04	7.1	1	0.2104	2024-13-05
G15	0.168759086791065	0.0218456792727687	0.220792764915482	8.63180545071813	3.13935640429738	6.57160975875713	6.5644625	0.00467979059378373		28D04	7.4	1	0.1777	2024-13-05
G16	0.15890451805753	0.0205181348683897	0.169399905696028	11.2676599217734	4.09178020325308	5.74078117540264	5.7286	0.00427208052131423		28D04	7.7	1	0.1698	2024-13-05
G17	0.156970768710156	0.0277426166597898	0.188025222804432	8.18299641566264	3.68645849860738	6.11954722321025	6.100275	0.00671967657863324		28D04	8	1	0.1694	2024-13-05
G18	0.159248528098215	0.0151314892679145	0.166006480686534	13.5768662487167	4.17542241539834	5.42091855724788	5.4306125	0.00764462796431018		28D04	8.3	1	0.1683	2024-13-05
G19	0.172370353747032	0.0217591088933896	0.118765076641599	16.2898855854812	5.83628790685392	5.33689545312975	5.336825	0.00595567429926977		28D04	8.6	1	0.1704	2024-13-05
G2	0	0.0106440824942326	0	-0.64841169778628	0.857247770119978	0.807006178349412	0.804875	0.00128673459559498	questionable fit	28D04	3.5	1	0.0191	2024-13-05
G20	0.118553536891052	0.0199562584331017	0.0833985289450976	19.1550244294191	8.31126387152768	3.30216593411787	3.2911375	0.00386091448096839		28D04	8.9	1	0.1124	2024-13-05
G21	0.0921335982273626	0.0216653586658377	0.0800842274096732	14.7275878615686	8.65522716494636	2.85174500900644	2.845625	0.0023347763416438		28D04	9.2	1	0.0885	2024-13-05
G22	0	0.0145351785879186	0	11.0887970032239	7.14792064986864	1.96330587082061	1.9592125	0.00146947821533505		28D04	9.5	1	0.0573	2024-13-05
G23	0	0.0130472721267053	0	4.49097846129406	4.19976846904712	1.67172211004344	1.6705875	0.00285970693356689		28D04	9.8	1	0.0488	2024-13-05
G24	0	0.00847550492914157	0	0.0637125412349005	1.03271740439596	0.816436603908648	0.813425	0.0030982955954538		28D04	10.1	1	0.0284	2024-13-05
G3	0	0.0187515036691435	0	-3.0789065776414	1.11535601885037	1.03243265284486	1.02885	0.00199341300155578	questionable fit	28D04	3.8	1	0.0253	2024-13-05
G4	0	0.00741345918373808	0	11.1601222623515	4.91249537247637	1.54464921596475	1.54365	0.00152775201357824		28D04	4.1	1	0.0439	2024-13-05
G5	0.192271730530458	0.0136161169228694	0.152991439537153	16.8258162363774	4.53062722108461	5.9503085213673	5.9492625	0.00242258249324499		28D04	4.4	1	0.1928	2024-13-05
G6	0.264862543264556	0.0171390540956506	0.196759245474162	13.5747290043262	3.52281885859827	9.08229034459877	9.0779	0.00801211641465982		28D04	4.7	1	0.2737	2024-13-05
G7	0.294406433223217	0.0238704816770789	0.203010226288544	11.9588181455659	3.41434613040013	10.5478562684855	10.5321375	0.0075215592403326		28D04	5	1	0.305	2024-13-05
G8	0.272847678124558	0.0141805711850424	0.253164640989186	11.4694892656756	2.73793045447272	9.96433613150591	9.9618625	0.00890198524927177		28D04	5.3	1	0.2916	2024-13-05
G9	0.46067932773964	0.0307047032814886	0.168731887640159	15.6420365276566	4.10797976751238	14.8215387830869	14.763675	0.00860740379076933		28D04	5.6	1	0.4696	2024-13-05
H1	0	0.0059543007999976	0	-152.716338436431	37.5142801928322	0.28101814400892	0.2735125	0.000532653475267214	questionable fit (k < n0)	28G3A07	3.2	1	0.0082	2024-13-05
H10	0.170950292012899	0.000736968726420598	0.176774401409729	30.7864841921067	3.9210834545742	3.01615003867322	3.0784875	0.00483137527309048		28G3A07	5.9	1	0.1648	2024-13-05
H11	0.219345075776735	0.00275105720951179	0.122715650276727	35.578505525639	5.6484008274159	3.0902483576557	3.1766375	0.00805463495956475		28G3A07	6.2	1	0.1734	2024-13-05
H12	0	0.00504680403323214	0	25.6641228368589	9.40049825756358	0.885805136691102	0.8835875	0.00316010701649306		28G3A07	6.5	1	0.0353	2024-13-05
H13	0.325431800628225	0.00253884201311146	0.0988458483867707	49.0219151656754	7.01240559793419	2.12520775720943	2.1823	0.00737465590598242		28G3A07	6.8	1	0.1422	2024-13-05
H14	0.44739012897045	0.00345780672007013	0.0755220705740936	64.2863416535647	9.17807437337021	1.49340504709224	1.5263	0.00524315858905752		28G3A07	7.1	1	0.0945	2024-13-05
H15	0	0.00487771359445137	0	2.28572548177533	2.12450296440157	0.678017519843366	0.6777375	0.00154253304018045		28G3A07	7.4	1	0.0177	2024-13-05
H16	0	0.00512198304189148	0	1.77789488968544	1.68106301549503	0.71766841128775	0.7166125	0.0010007638736752		28G3A07	7.7	1	0.0183	2024-13-05
H17	0	0.00609539035432446	0	0.792768707172759	1.25821120803988	0.722127826468031	0.7212375	0.00157165523449976		28G3A07	8	1	0.02	2024-13-05
H18	0	0.0031595183635264	0	2.51984623780503	1.35603194096945	0.660642737007488	0.659775	0.00111564697965817		28G3A07	8.3	1	0.0172	2024-13-05
H19	0	0.0000000172777254612906	0	2.55718500054631	0.134008034976832	0.437733332056515	0.4379375	0.00149380742788904		28G3A07	8.6	1	0.0134	2024-13-05
H2	0	0.00293932275987012	0	-13.2072730543488	10.6003175969596	0.0957016409251943	0.0841125	0.000646391302554323	questionable fit (k < n0)	28G3A07	3.5	1	0.00310000000000001	2024-13-05
H20	0	0.00000000316998746142928	0	2.59603140799935	0.121437126660602	0.393866746237165	0.3948875	0.000871664874119124		28G3A07	8.9	1	0.0106	2024-13-05
H21	0	0.000329411860767535	0	1.6929328990855	0.3999581804243	0.303161502600959	0.3037125	0.00109371521921998		28G3A07	9.2	1	0.0092	2024-13-05
H22	0	0.00240022708786847	0	0.497175043547304	0.996680579120096	0.271832183378831	0.2715625	0.00110063740604522		28G3A07	9.5	1	0.0087	2024-13-05
H23	0	0.00478794744755234	0	-21.0596525561206	8.08979767970236	0.201069353370053	0.190525	0.00104533037971131	questionable fit (k < n0)	28G3A07	9.8	1	0.00649999999999999	2024-13-05
H24	0	0.00369660447226616	0	-1.89305300939977	1.23502162493527	0.237122499858888	0.236425	0.000592193897634305	questionable fit	28G3A07	10.1	1	0.00649999999999999	2024-13-05
H3	0	0.00819960790779893	0	-0.821233708008155	0.315664312745589	0.459669831424801	0.458075	0.000556197442315766	questionable fit	28G3A07	3.8	1	0.0104	2024-13-05
H4	0	0	0	0	0	0	0	0	cannot fit data	28G3A07	4.1	1	0.1033	2024-13-05
H5	0	0.00747233720895303	0	19.5743353000202	11.4604846971236	0.857875479798439	0.856625	0.000298267429563812		28G3A07	4.4	1	0.0278	2024-13-05
H6	0	0.00766510457566346	0	12.8522244150582	8.65320009295716	0.939263614016943	0.9379	0.000926155410055421		28G3A07	4.7	1	0.0289	2024-13-05
H7	0	0.00816737816679088	0	7.66595136150607	6.00603983897809	1.05150653007189	1.0506625	0.00105150482013203		28G3A07	5	1	0.0276	2024-13-05
H8	0	0.00397638701271154	0	13.0046006524394	4.87906407861476	0.999077976820935	1.0011375	0.00150783758225267		28G3A07	5.3	1	0.0309	2024-13-05
H9	0.423166501883422	0.00219530171283503	0.117535002676558	44.7206773456707	5.89736814374694	3.2876816653505	3.3630625	0.00497606408508862		28G3A07	5.6	1	0.2447	2024-13-05
I1	0	0.141856980431814	0	-6.83950689346228	30.055890456141	2.42916049540607	1.9454375	0.0321837188364451	questionable fit (k < n0)	30G4B06	3.2	1	0.1699	2024-13-05
I10	0.231062615601874	0.014245025450638	0.29102871649495	9.35525772117582	2.38171404151443	8.92499237242857	8.894925	0.0126840897901002		30G4B06	5.9	1	0.2609	2024-13-05
I11	0.424268729606011	0.0224193291926778	0.257424779146183	11.2116397846749	2.69262027866529	15.6035312137181	15.5796375	0.0145718743770734		30G4B06	6.2	1	0.4427	2024-13-05
I12	0.191117877624158	0.00506131991381822	0.360539878134631	9.99729466275908	1.92252569714664	7.28694002578392	7.2956625	0.0125085850243729		30G4B06	6.5	1	0.2328	2024-13-05
I13	0.173547033831679	0.00941163940207086	0.324477946766487	8.81028906261091	2.13619195839763	6.80609916835825	6.8057	0.0100846811244979		30G4B06	6.8	1	0.2066	2024-13-05
I14	0.148231705331668	0.0100846485103406	0.269324879335163	9.71801949859775	2.57364704765115	5.6654469956265	5.67605	0.00393680769011939		30G4B06	7.1	1	0.1533	2024-13-05
I15	0.146954787862246	0.0248143869575057	0.158091764058171	10.0811551784564	4.38446104191041	5.43202324670529	5.414475	0.00543875339808041		30G4B06	7.4	1	0.1679	2024-13-05
I16	0.0936748433140357	0.0225218926953755	0.134160857104585	8.5743634475099	5.16653810596636	3.52330906931722	3.5192	0.00361254705552249		30G4B06	7.7	1	0.0934	2024-13-05
I17	0	0.0211528276065272	0	3.69030577374834	2.84114918084861	3.15562017135578	3.1512	0.00661070544094973		30G4B06	8	1	0.0843	2024-13-05
I18	0	0.011407288307686	0	1.48007256431524	0.965433084171632	2.05692437399812	2.055725	0.00476859819809077		30G4B06	8.3	1	0.0524	2024-13-05
I19	0	0.00663095198814049	0	2.04015250986941	0.857886135850563	1.88832099655236	1.889	0.00561043757734521		30G4B06	8.6	1	0.0537	2024-13-05
I2	0	0.0166455424355636	0	-35.6597279870577	14.552824288026	0.707905994415478	0.6733125	0.00166059172119851	questionable fit (k < n0)	30G4B06	3.5	1	0.0178	2024-13-05
I20	0	0.00976572251252155	0	2.03158734951031	1.34163428327186	1.71689388176409	1.7151625	0.00218156470720344		30G4B06	8.9	1	0.0414	2024-13-05
I21	0	0.00899597407466128	0	1.48165210911989	0.929774463274026	1.67475892042692	1.6738125	0.0042503573798955		30G4B06	9.2	1	0.0448	2024-13-05
I22	0	0.00643489501389446	0	1.62237396246037	1.15803506652391	1.07865071716467	1.0777125	0.00219173899875832		30G4B06	9.5	1	0.03	2024-13-05
I23	0	0.00946339733434859	0	0.805766606124448	1.03961077038008	1.19831589516695	1.196825	0.00284247687171087		30G4B06	9.8	1	0.032	2024-13-05
I24	0	0.00823629420076005	0	0.503619927853604	0.746290553736457	1.00877289500232	1.0075125	0.00484405759229187		30G4B06	10.1	1	0.0356	2024-13-05
I3	0	0.0167336851862026	0	-0.754914120725654	0.971739264730363	1.2602135587263	1.2563125	0.00151978474672425	questionable fit	30G4B06	3.8	1	0.0289	2024-13-05
I4	0	0.00283308227374268	0	8.56616010579188	2.40626870010556	1.42629433533415	1.42175	0.000987525088108278		30G4B06	4.1	1	0.0388	2024-13-05
I5	0.15788391121012	0.0174964327000162	0.226335122924717	9.2005573941322	3.06248173771287	6.07551118834662	6.064575	0.00302299957355418		30G4B06	4.4	1	0.1602	2024-13-05
I6	0.211220804137904	0.0164983281540982	0.247271258583039	9.98222076894458	2.80318539458225	8.00292705873145	7.9952375	0.00915680001252026		30G4B06	4.7	1	0.2286	2024-13-05
I7	0.229375034214428	0.0183282546934649	0.280804832879405	8.70225752978977	2.46843038081764	8.9917187983259	8.9764	0.0070790756559253		30G4B06	5	1	0.2456	2024-13-05
I8	0.226746738080171	0.0119696127886273	0.335701278696396	8.60059188501905	2.064773727558	8.94234363645965	8.932175	0.00921862295180645		30G4B06	5.3	1	0.2459	2024-13-05
I9	0.413704311992619	0.0100610321822266	0.359049035349775	10.2823330287872	1.93050840502802	15.6582211283995	15.654	0.0110341693400044		30G4B06	5.6	1	0.4285	2024-13-05
J1	0	0.0157272675299156	0	-124.33636095348	32.6997334917327	0.736937737728522	0.7173125	0.00108053708354438	questionable fit (k < n0)	32G2B05	3.2	1	0.0195	2024-13-05
J10	0.141350225078071	0.00348638154764421	0.409052360050375	8.99005243251256	1.69451945094409	5.53366574723386	5.5563375	0.00871715584219841		32G2B05	5.9	1	0.1546	2024-13-05
J11	0.155745733427433	0.00423396568311271	0.345208482871226	10.3633728796362	2.00790888681178	5.88041618854755	5.9161375	0.00667958199320859		32G2B05	6.2	1	0.163	2024-13-05
J12	0.18760958952816	0.023750172519088	0.127632269639999	15.1326859412539	5.43081449946041	6.02617238118177	5.987475	0.0113957117417313		32G2B05	6.5	1	0.1918	2024-13-05
J13	0.151397797935957	0.0177684323909495	0.153645752187398	13.1318086477324	4.51133318488708	5.19068445439301	5.1673	0.00602650977688633		32G2B05	6.8	1	0.1549	2024-13-05
J14	0.151485768672603	0.024375260640298	0.0863219087495364	19.1317379823114	8.02979441257626	4.23273950274774	4.217725	0.00910536545058784		32G2B05	7.1	1	0.1507	2024-13-05
J15	0	0.0147181145436141	0	6.50144941768201	3.13433116095017	3.1244260314317	3.1182	0.00314262850884788		32G2B05	7.4	1	0.0834	2024-13-05
J16	0	0.0110550316809264	0	4.91275704317791	2.07774996774806	2.90665626859195	2.90495	0.004019538133602		32G2B05	7.7	1	0.0799	2024-13-05
J17	0	0.0142019489293254	0	4.14824497895873	2.32609457884882	2.72515165130607	2.722525	0.00212876577697887		32G2B05	8	1	0.0672	2024-13-05
J18	0	0.0115313827654147	0	4.82388315273375	2.42300682385788	2.44328966099824	2.4432375	0.00789190018559481		32G2B05	8.3	1	0.0724	2024-13-05
J19	0	0.00969639825407176	0	4.64742168923931	2.27025301542407	2.13222966608976	2.128075	0.00286640347486224		32G2B05	8.6	1	0.0563	2024-13-05
J2	0	0.00954120492384228	0	-52.6359236835776	19.3025051123998	0.421237874738091	0.403325	0.000928872747633408	questionable fit (k < n0)	32G2B05	3.5	1	0.0107	2024-13-05
J20	0	0.0000157135490333632	0	2.49411908160806	0.228261936829378	1.39858628010774	1.37565	0.00492476512819781		32G2B05	8.9	1	0.0391	2024-13-05
J21	0	0.00547470777725935	0	1.83741225665232	0.842479881949673	1.39743875800482	1.392525	0.00311511493275002		32G2B05	9.2	1	0.0366	2024-13-05
J22	0	0.00662088971555925	0	1.84316526535896	1.15675327189263	1.22037858860415	1.2157875	0.00269093649434483		32G2B05	9.5	1	0.0322	2024-13-05
J23	0	0.00700244560334708	0	1.39591248513576	1.03417078765021	1.15079906253773	1.1492625	0.00325575742819066		32G2B05	9.8	1	0.035	2024-13-05
J24	0	0.00680897369554384	0	1.56509427844928	1.30292192121992	1.03240337013575	1.031475	0.00318998726836676		32G2B05	10.1	1	0.0285	2024-13-05
J3	0	0	0	0	0	0	0	0	cannot fit data	32G2B05	3.8	1	0.0196	2024-13-05
J4	0	0.0142356939507639	0	-7.46301308168766	14.0089047298387	0.934804094487794	0.9273375	0.00956146499130707	questionable fit	32G2B05	4.1	1	0.0736	2024-13-05
J5	0	0.0137271735682841	0	12.2008558126496	5.53059541571651	2.66039674518605	2.6577	0.000629792860636853		32G2B05	4.4	1	0.076	2024-13-05
J6	0.124519560035859	0.0203430868391931	0.107069621503349	15.2549822696704	6.47379873793863	3.92849464396402	3.9292125	0.00199631330062643		32G2B05	4.7	1	0.1191	2024-13-05
J7	0.200299636561288	0.0166789778580856	0.119245911807136	20.1157661517517	5.81275424922759	5.53715178571782	5.5340125	0.00191953163063941		32G2B05	5	1	0.1919	2024-13-05
J8	0.1856073160843	0.014836133559337	0.150817237718387	16.2001301809626	4.59594135952963	5.84666028489642	5.8293375	0.00479506467030844		32G2B05	5.3	1	0.1971	2024-13-05
J9	0.154371681197023	0.0114986942175766	0.183447727004133	13.7353707846792	3.77844518370255	5.25669121753399	5.2470875	0.00531212284942608		32G2B05	5.6	1	0.163	2024-13-05
K1	0	0.0185107291929536	0	-25.7623042915737	11.4864030935211	0.758331252459516	0.7296	0.000846818711539	questionable fit (k < n0)	32G2B08	3.2	1	0.0197	2024-13-05
K10	0	0.00619790528341918	0	14.9323459897872	4.31456214227337	2.43852118169585	2.447975	0.00308958582850753		32G2B08	5.9	1	0.0769	2024-13-05
K11	0	0.00257613515506395	0	15.5850510601573	3.29485139588951	2.30182541635536	2.3528125	0.0102982981523923		32G2B08	6.2	1	0.0865	2024-13-05
K12	0	0.00204533732693578	0	13.5190771525102	2.96923070789918	1.72722453848759	1.75035	0.00382472755825029		32G2B08	6.5	1	0.0542	2024-13-05
K13	0	0.00419967309472135	0	16.2547502962653	4.62654467686544	1.63978537413822	1.6457625	0.0015501437212291		32G2B08	6.8	1	0.0516	2024-13-05
K14	0	0.00855166739390342	0	9.50557442878068	7.32306249243568	1.04584185190615	1.0432875	0.00203375195130481		32G2B08	7.1	1	0.0319	2024-13-05
K15	0	0.010657445674816	0	2.25302575099344	5.7876607654395	1.01525335396167	1.012925	0.00277322829433507		32G2B08	7.4	1	0.0357	2024-13-05
K16	0	0.00947070707930448	0	-0.17222385682043	2.37845317925582	0.848247651958275	0.846475	0.00243726832836065	questionable fit	32G2B08	7.7	1	0.0297	2024-13-05
K17	0	0.0123997501903467	0	-0.749270128774946	1.10813978655231	0.956038116515235	0.95355	0.00299493472471963	questionable fit	32G2B08	8	1	0.0276	2024-13-05
K18	0	0.0112301140121187	0	-1.96562282951636	1.0738632595652	0.68796592914243	0.6857125	0.00129209369385017	questionable fit	32G2B08	8.3	1	0.0209	2024-13-05
K19	0	0.00597463554894875	0	0.572896271565383	0.72071508837862	0.770507149891537	0.769225	0.000654482879572002		32G2B08	8.6	1	0.0178	2024-13-05
K2	0	0.00905100536564931	0	-28.0089562283377	16.8059723858032	0.349080009022247	0.32675	0.00114228139483158	questionable fit (k < n0)	32G2B08	3.5	1	0.0113	2024-13-05
K20	0	0.00318223657481606	0	0.957747681064101	0.538144882500977	0.663725670724526	0.66335	0.00212785705661358		32G2B08	8.9	1	0.0222	2024-13-05
K21	0	0.00424687851462927	0	0.456437348531196	0.509795981116248	0.576057986865046	0.5751375	0.000999057854764253		32G2B08	9.2	1	0.0164	2024-13-05
K22	0	0.00558231206117419	0	-0.0236616063111301	0.606700865840951	0.52440173026877	0.5233125	0.00177882591605672	questionable fit	32G2B08	9.5	1	0.0202	2024-13-05
K23	0	0.0110024647339384	0	-12.5424750940136	6.4800360658376	0.639013985665569	0.637875	0.00281691096147793	questionable fit	32G2B08	9.8	1	0.0195	2024-13-05
K24	0	0.0068979586518275	0	-0.342060051498375	0.476330197374471	0.530971316981091	0.5297375	0.00209506363794352	questionable fit	32G2B08	10.1	1	0.0181	2024-13-05
K3	0	0	0	0	0	0	0	0	cannot fit data	32G2B08	3.8	1	0.0146	2024-13-05
K4	0	0	0	0	0	0	0	0	cannot fit data	32G2B08	4.1	1	0.0016	2024-13-05
K5	0	0.0137594597958388	0	-2.21516360895111	17.9056208281968	0.918546534841456	0.916425	0.000746316281511593	questionable fit	32G2B08	4.4	1	0.0235	2024-13-05
K6	0	0.0125437174476255	0	64.9097426336566	26.2781413434483	1.0293699945832	1.02685	0.00032980811292371		32G2B08	4.7	1	0.0317	2024-13-05
K7	0	0.0185210022528273	0	27.4576245468136	15.3395084934555	1.85248056869994	1.8495375	0.000840776220876879		32G2B08	5	1	0.0595	2024-13-05
K8	0.087559745144189	0.00705813447112782	0.0964335882964802	25.2411681263074	7.18781902451768	2.02809039735806	2.0387625	0.00312755785853612		32G2B08	5.3	1	0.0766	2024-13-05
K9	0.0879854076402254	0.00482729847109879	0.137134411105291	20.756692022767	5.05450947703965	2.39310074788869	2.419325	0.00524022472775037		32G2B08	5.6	1	0.0845	2024-13-05
L1	0	0	0	0	0	0	0	0	cannot fit data	32G4A01	3.2	1	0.016	2024-13-05
L10	0.128558090099019	0.00374563503268788	0.190509045066809	18.4044861450118	3.63839512353268	3.81277353217056	3.8388875	0.00382483820442529		32G4A01	5.9	1	0.1262	2024-13-05
L11	0.142366375596655	0.00892438290275235	0.131556856834132	20.5605375053955	5.26880314139667	3.89298477773914	3.9002625	0.00487040300217267		32G4A01	6.2	1	0.1421	2024-13-05
L12	0.147548811060278	0.00702416856849367	0.128489916995243	23.3172071387505	5.39456477807209	3.6613822308756	3.662325	0.00236656741293665		32G4A01	6.5	1	0.1436	2024-13-05
L13	0.106685791707839	0.0146247613335764	0.0777655299375307	23.6574695538255	8.91329591808547	2.60574770348186	2.5947375	0.00383005254728093		32G4A01	6.8	1	0.0948	2024-13-05
L14	0	0.00810103077608556	0	9.95287348868837	4.31131529976672	1.79020867909571	1.78745	0.00342390685944215		32G4A01	7.1	1	0.0609	2024-13-05
L15	0	0.00843910711626361	0	9.06476830473934	4.90373183804551	1.45343534242315	1.4487	0.00281037087072871		32G4A01	7.4	1	0.048	2024-13-05
L16	0	0.00732580233524924	0	6.59224116557062	4.85817850579727	1.02575722969505	1.024825	0.00304715859225041		32G4A01	7.7	1	0.0387	2024-13-05
L17	0	0.0120578162682366	0	4.89162777168879	7.88749567175756	1.15806466814631	1.1553625	0.00138361472687987		32G4A01	8	1	0.0318	2024-13-05
L18	0	0.0113999780450423	0	9.38095637301053	15.284147452768	0.900793801618152	0.8987375	0.0010732537557684		32G4A01	8.3	1	0.0266	2024-13-05
L19	0	0.00292135188697505	0	2.3797987499996	1.20554706487888	0.654053696373515	0.6528625	0.00101242971923093		32G4A01	8.6	1	0.0167	2024-13-05
L2	0	0.0053286921441736	0	-12.4230751102218	11.5521570685244	0.163743174813984	0.153375	0.000506191320036129	questionable fit (k < n0)	32G4A01	3.5	1	0.00609999999999999	2024-13-05
L20	0	0.00326648995264044	0	3.10382494542532	1.58295641390823	0.712378013258234	0.710925	0.00151353768477666		32G4A01	8.9	1	0.0197	2024-13-05
L21	0	0.00228848125914701	0	2.81706483192185	1.2159226709975	0.616913301418237	0.615425	0.00121421312118581		32G4A01	9.2	1	0.0161	2024-13-05
L22	0	0.00451640940701109	0	1.91323742993537	1.20608636512475	0.827742587523483	0.8267125	0.00111686275412324		32G4A01	9.5	1	0.0206	2024-13-05
L23	0	0.00471842339238291	0	2.56304434121462	2.04421325671621	0.712343184608763	0.7113	0.000734882897189029		32G4A01	9.8	1	0.0179	2024-13-05
L24	0	0.00327217918295036	0	0.820938303788132	0.658521509494674	0.519216444072861	0.518625	0.00187649007686159		32G4A01	10.1	1	0.0147	2024-13-05
L3	0	0.0110761038417291	0	-69.6414949528497	23.9516678651068	0.499020342168481	0.4778875	0.00095180038848878	questionable fit (k < n0)	32G4A01	3.8	1	0.0123	2024-13-05
L4	0	0.00000955788188565932	0	8.65294973558564	0.98126295157974	0.170975932383754	0.1707125	0.000788857521833185		32G4A01	4.1	1	0.0057	2024-13-05
L5	0	0.0103258894805498	0	5.20602248402834	4.60670064621785	1.33362607382052	1.3325625	0.000925302357943159		32G4A01	4.4	1	0.0336	2024-13-05
L6	0	0.00830043546234409	0	8.67450064798194	5.11377346772413	1.32265151090788	1.322225	0.000889993244899149		32G4A01	4.7	1	0.0353	2024-13-05
L7	0	0.0104039362500986	0	19.6025799537422	7.50796569408872	2.04881316828772	2.0477875	0.000417582874908545		32G4A01	5	1	0.0685	2024-13-05
L8	0.108682283831003	0.00596519852396	0.132687430886732	21.449176526583	5.22390987547001	2.8842814451952	2.904375	0.0038558300597158		32G4A01	5.3	1	0.1046	2024-13-05
L9	0.150174641432029	0.0097411963134447	0.101004979705134	26.4181998670517	6.86250502285596	3.32755152780318	3.3278	0.00239474503980909		32G4A01	5.6	1	0.1321	2024-13-05
M1	0	0.00884638627252754	0	-0.173962614191919	0.347648411041183	0.723766409052738	0.7057125	0.000983824454532042	questionable fit	35G3A04	3.2	1	0.0167	2024-13-05
M10	0	0.00164673575864141	0	7.57430178692506	1.39866719129122	2.91856932312169	2.9382875	0.00846675827215504		35G3A04	5.9	1	0.0907	2024-13-05
M11	0.0993241707767129	0.00145457481230466	0.499626009433826	8.42414571493806	1.38733205932457	3.94774329807733	3.9870625	0.015466633227273		35G3A04	6.2	1	0.122	2024-13-05
M12	0.0958660255090645	0.00300714691985955	0.396014021870191	8.66153457866398	1.75030969177943	3.78265375853741	3.797275	0.0054532041627065		35G3A04	6.5	1	0.1126	2024-13-05
M13	0.110491677754452	0.0101455523456405	0.198323313418001	11.5548192863598	3.49503630518221	3.99568571206036	3.9799125	0.00611059138330211		35G3A04	6.8	1	0.1272	2024-13-05
M14	0.12724291215177	0.0196942969417668	0.0555747456063067	30.5464984651091	12.4723410426423	2.59021640964436	2.5759	0.00764064528151562		35G3A04	7.1	1	0.1035	2024-13-05
M15	0	0.00376418983160605	0	5.84205502447235	1.84569016264307	1.57920992472798	1.580675	0.00912158427157593		35G3A04	7.4	1	0.0542	2024-13-05
M16	0	0.00768174828436495	0	6.27231922335093	2.76482773717903	1.84041099075578	1.84	0.00268794108008757		35G3A04	7.7	1	0.0493	2024-13-05
M17	0	0.00818707872883607	0	6.10472331298897	2.88180711422828	1.80336716172118	1.8034375	0.00369758128213406		35G3A04	8	1	0.0501	2024-13-05
M18	0	0.0107667501316631	0	6.25862058118622	3.49810617493344	1.95076519586351	1.947975	0.00205579734310801		35G3A04	8.3	1	0.0529	2024-13-05
M19	0	0.0111798901189271	0	7.01065524704393	5.90640983977937	1.39770932405608	1.3947875	0.00182763211609175		35G3A04	8.6	1	0.0386	2024-13-05
M2	0	0.00193230018359524	0	0.599507073614958	0.335506836227539	0.408302497996456	0.4016125	0.000912998566327422		35G3A04	3.5	1	0.0098	2024-13-05
M20	0	0.00479447650790877	0	2.85762423322908	2.69698067882878	0.647953464326193	0.646175	0.00125219559837821		35G3A04	8.9	1	0.0171	2024-13-05
M21	0	0.0076282413309826	0	2.46421597751078	2.8705164804717	0.942404332920657	0.9401125	0.00160465727486867		35G3A04	9.2	1	0.0233	2024-13-05
M22	0	0.00125353513447954	0	1.37878512642409	0.465950661183223	0.514199888850403	0.514125	0.00068572645429797		35G3A04	9.5	1	0.0127	2024-13-05
M23	0	0.00475164506906568	0	1.02926550850051	0.864219246254484	0.728793710676188	0.7249125	0.000700190745681745		35G3A04	9.8	1	0.017	2024-13-05
M24	0	0.00456696823856718	0	0.324757121485354	0.73579558111651	0.509229605517027	0.508475	0.00151344879530794		35G3A04	10.1	1	0.0136	2024-13-05
M3	0	0.00645119097211995	0	0.150137467894109	0.44658449762652	0.695811807070094	0.6948625	0.00184713491129108		35G3A04	3.8	1	0.0176	2024-13-05
M4	0	0.0000289823670019653	0	6.16522767730397	0.876913975065153	0.160460956544967	0.1604375	0.000810113010248156		35G3A04	4.1	1	0.00509999999999999	2024-13-05
M5	0	0.0113052448194077	0	3.14107975520488	3.46520331066871	1.39480123266781	1.3930375	0.00129490442600957		35G3A04	4.4	1	0.0341	2024-13-05
M6	0	0.00956423849495239	0	8.1254693982425	4.09604734940647	1.83640057883397	1.837	0.00154945403813074		35G3A04	4.7	1	0.0483	2024-13-05
M7	0	0.00627546679519358	0	8.82631364436998	2.55614963413525	2.92873446287015	2.9419375	0.00396468616170224		35G3A04	5	1	0.0807	2024-13-05
M8	0	0.00485483273481092	0	9.68209393612722	2.51663362273853	2.86011766012824	2.864025	0.00436060184465704		35G3A04	5.3	1	0.0869	2024-13-05
M9	0.106788493613597	0.0046325120108519	0.292579137335379	10.5728714386892	2.36909298069808	4.00193369835654	4.0103875	0.00215026829997805		35G3A04	5.6	1	0.1086	2024-13-05
N1	0	0.0155904156744292	0	-41.4801619200364	14.9911424363358	0.682174619651246	0.657325	0.00123071492179631	questionable fit (k < n0)	35G4A06	3.2	1	0.0172	2024-13-05
N10	0	0.022454064935439	0	5.43289704213535	7.16412817951237	2.30442569109476	2.299625	0.00331147656065104		35G4A06	5.9	1	0.0602	2024-13-05
N11	0.161627189478249	0.0143397562986281	0.18688896642128	12.4638185413541	3.70887160346038	5.69663227263954	5.723725	0.00948154453080676		35G4A06	6.2	1	0.171	2024-13-05
N12	0	0.0231877672916683	0	9.78897522883433	13.779705838247	1.93276821333072	1.9309875	0.00568133615089773		35G4A06	6.5	1	0.0532	2024-13-05
N13	0	0.0251989442390296	0	-1.28628915928909	6.33999657299976	2.00240582233758	1.9988125	0.00405440427740489	questionable fit	35G4A06	6.8	1	0.0495	2024-13-05
N14	0	0.00719788878641811	0	0.935917908251225	0.558947843079609	1.4194610234446	1.418925	0.00331658006656903		35G4A06	7.1	1	0.0403	2024-13-05
N15	0	0.00643463542013269	0	2.86072094023764	1.1636483096244	1.88343982815834	1.8772875	0.00270334826599866		35G4A06	7.4	1	0.0458	2024-13-05
N16	0	0.00595343094811711	0	1.33784709861788	0.668505399026913	1.38950710912045	1.3879375	0.00589395357169262		35G4A06	7.7	1	0.0427	2024-13-05
N17	0	0.00725056182106486	0	1.31457600285859	0.724648305387043	1.52674430334819	1.5264375	0.00705522382073887		35G4A06	8	1	0.0489	2024-13-05
N18	0	0.00714123847571315	0	1.53029959228473	0.850871775721085	1.48269704300373	1.48245	0.00680490566616151		35G4A06	8.3	1	0.0457	2024-13-05
N19	0	0.0052385849540359	0	2.0146468007589	0.8320384121137	1.53112122951654	1.5054875	0.00637723282526486		35G4A06	8.6	1	0.0434	2024-13-05
N2	0	0.00931842180105401	0	-42.3225363875354	23.8126079146507	0.379450889727438	0.3421375	0.00142019337075487	questionable fit (k < n0)	35G4A06	3.5	1	0.0113	2024-13-05
N20	0	0.00520669268240233	0	3.04503930850316	1.35365872977978	1.34190195060782	1.341775	0.00661414855328831		35G4A06	8.9	1	0.0434	2024-13-05
N21	0	0.00724917869373317	0	1.47593113135986	1.01938641519867	1.25030715339414	1.2494	0.00418976908491586		35G4A06	9.2	1	0.0357	2024-13-05
N22	0	0.00328125613526403	0	2.45765558838689	0.952755842675336	1.04238299347084	1.04275	0.00336172680759551		35G4A06	9.5	1	0.0312	2024-13-05
N23	0	0.00866850766248418	0	1.67555621590841	1.37294032777343	1.32261002611329	1.3215375	0.00251185425991371		35G4A06	9.8	1	0.0346	2024-13-05
N24	0	0.00572785947174745	0	1.34239697240318	0.81965240488874	1.0958225477272	1.096375	0.00440763541553239		35G4A06	10.1	1	0.0327	2024-13-05
N3	0	0.00605882057625156	0	0.498247788173797	1.61356709325852	0.628319830914708	0.6270875	0.000240749447906628		35G4A06	3.8	1	0.014	2024-13-05
N4	0	0.000322392715110544	0	14.1817109793266	2.21993774438806	0.928633924448065	0.921775	0.000966009994733397		35G4A06	4.1	1	0.0296	2024-13-05
N5	0	0.0116074969870461	0	6.71977141868568	2.85801569654987	2.88595909949778	2.8834875	0.00262774354404931		35G4A06	4.4	1	0.0791	2024-13-05
N6	0	0.00954934042451724	0	6.97738779311085	2.49835644460248	3.08470390975532	3.0814375	0.00391115967009064		35G4A06	4.7	1	0.0894	2024-13-05
N7	0.0959178626456348	0.0123569612709901	0.191345111739228	9.98905138715197	3.62249745634784	3.59628549087589	3.5860625	0.00302032848608049		35G4A06	5	1	0.1046	2024-13-05
N8	0	0.00890638137437944	0	6.76550991197692	2.54424497933727	2.66487798897617	2.6616625	0.00294085409689832		35G4A06	5.3	1	0.0721	2024-13-05
N9	0.182172283878221	0.0236903600576286	0.14476050570645	13.1290804454539	4.78823403646802	6.22141056996118	6.1880625	0.00922724382420531		35G4A06	5.6	1	0.1987	2024-13-05
O1	0	0.0105216236393377	0	-21.0493251147486	6.25644684712553	0.46661582424658	0.453175	0.000779354057406639	questionable fit (k < n0)	35G4A09	3.2	1	0.0113	2024-13-05
O10	0	0.00893486303058266	0	23.1182183131116	10.6031970809398	1.22318719686233	1.2254875	0.00287645687161423		35G4A09	5.9	1	0.0394	2024-13-05
O11	0.099172115621745	0.00675121513403332	0.163691891610331	15.985096235023	4.23446252432579	3.15517631107735	3.2023375	0.00831770161912033		35G4A09	6.2	1	0.1016	2024-13-05
O12	0	0.0121260367492485	0	641.998934360338	31.7231734131844	1.03595674549875	1.0360375	0.00326839790150159		35G4A09	6.5	1	0.0344	2024-13-05
O13	0	0.0112813729476624	0	855.519985652827	40.4991319463578	0.844862729250536	0.844525	0.00267200430336757		35G4A09	6.8	1	0.0245	2024-13-05
O14	0	0.00874707758642499	0	1.69605535049055	9.29680951113088	0.717803294698686	0.7172375	0.00292744348785165		35G4A09	7.1	1	0.0219	2024-13-05
O15	0	0.0141707666082872	0	7845.07394567046	565.244963338215	0.703614814706434	0.7015875	0.00446910789079712		35G4A09	7.4	1	0.0265	2024-13-05
O16	0	0.00219455641338354	0	0.782896758050076	0.423734564305161	0.477058058507856	0.476675	0.00287167895439875		35G4A09	7.7	1	0.0185	2024-13-05
O17	0	0.016070124828426	0	-58.2531549601825	47.515857909926	0.645230605552448	0.576575	0.00533545797773803	questionable fit (k < n0)	35G4A09	8	1	0.0292	2024-13-05
O18	0	0.00430540284424662	0	1.48842753148273	1.51243087358389	0.587485546726248	0.5867375	0.00333783399310219		35G4A09	8.3	1	0.0249	2024-13-05
O19	0	0.0214836566682223	0	-10.1633764569989	45.2075696915321	0.434603027706631	0.3931375	0.00460336180269115	questionable fit (k < n0)	35G4A09	8.6	1	0.0267	2024-13-05
O2	0	0.00296445250019213	0	-0.645781072252951	0.447029759064306	0.194562998278643	0.1939875	0.00103889103436122	questionable fit	35G4A09	3.5	1	0.0072	2024-13-05
O20	0	0	0	0	0	0	0	0	cannot fit data	35G4A09	8.9	1	0.0223	2024-13-05
O21	0	0	0	0	0	0	0	0	cannot fit data	35G4A09	9.2	1	0.0218	2024-13-05
O22	0	0.00224589991896974	0	0.885540036412593	0.590758392525746	0.404390512896654	0.4035875	0.00526960153703327		35G4A09	9.5	1	0.0233	2024-13-05
O23	0	0.0208631502254987	0	-14.3077642882113	12.5444578345155	0.667538077458782	0.5735875	0.00688235202876392	questionable fit (k < n0)	35G4A09	9.8	1	0.0293	2024-13-05
O24	0	0	0	0	0	0	0	0	cannot fit data	35G4A09	10.1	1	0.0231	2024-13-05
O3	0	0.00413596453095261	0	0.3400981627805	2.30281696371049	0.398597653277824	0.397975	0.000424773411894325		35G4A09	3.8	1	0.00940000000000001	2024-13-05
O4	0	0.000000268114477454098	0	21.7582222243559	1.37176988856322	0.422062919716629	0.42125	0.00149151008076627		35G4A09	4.1	1	0.0199	2024-13-05
O5	0	0.00166969315330846	0	11.1159140888051	2.19382098503645	2.1320238417668	2.142025	0.00172760301187808		35G4A09	4.4	1	0.06	2024-13-05
O6	0	0.00266789484355381	0	10.0648930451266	2.36776495273253	2.02929957369853	2.0347375	0.00191372093332963		35G4A09	4.7	1	0.0571	2024-13-05
O7	0	0.00857681743421505	0	9.3332091030471	2.99953673169436	3.17540032727678	3.188075	0.00538308928849379		35G4A09	5	1	0.0916	2024-13-05
O8	0	0.00235841062499349	0	11.7486513539207	2.66407877473816	1.90429946775905	1.9082875	0.00285691857090846		35G4A09	5.3	1	0.0575	2024-13-05
O9	0.124084544825643	0.00144866363783582	0.315724523640046	14.0583889267123	2.19541761459808	4.23180461388577	4.285625	0.00585053769888677		35G4A09	5.6	1	0.1344	2024-13-05
