sample	k	n0	r	t_mid	t_gen	auc_l	auc_e	sigma	note	strain	pH	replicate	max.OD	date
A1	0	0.0221307148777839	0	-57.8626749381079	20.1730192628737	0.987759720656074	0.9347375	0.00209276344126902	questionable fit (k < n0)	25G2A02	3.2	1	0.0247	2025-10-11
A10	0.25091418481773	0.0244882827165292	0.21517943064487	10.3365967416678	3.22125204292369	9.38098532879127	9.3576125	0.0136090761527783		25G2A02	5.9	1	0.2656	2025-10-11
A11	0.2802365696387	0.0390951364251085	0.226759454686397	8.0234164989043	3.05675095893378	11.0733222843452	11.05385	0.0106253896645433		25G2A02	6.2	1	0.29	2025-10-11
A12	0.28048842710985	0.0236734320084366	0.262821406818512	9.07080813573983	2.63733152086272	10.8811402568694	10.846275	0.0156992622768337		25G2A02	6.5	1	0.2998	2025-10-11
A13	0.324343273847891	0.0229319929480551	0.294027231374286	8.7608984183379	2.35742511780344	12.7108402072507	12.702475	0.0040971230428403		25G2A02	6.8	1	0.3312	2025-10-11
A14	0.294801061149841	0.0260536919879124	0.239718268157473	9.73481213186394	2.89150754294875	11.2258276077174	11.201875	0.00639749283002861		25G2A02	7.1	1	0.3099	2025-10-11
A15	0.272479914946697	0.0225578853852906	0.280583608152028	8.5716493347123	2.47037660227243	10.7139482387591	10.70705	0.00512955724578755		25G2A02	7.4	1	0.2777	2025-10-11
A16	0.220008868851186	0.0346134252333266	0.194493785552235	8.62880761346182	3.56385258578757	8.51283320439528	8.4828	0.0101895131777081		25G2A02	7.7	1	0.2329	2025-10-11
A17	0.192416145077929	0.0180417467767917	0.376596909860733	6.02372538021364	1.84055461532139	8.06503839825358	8.0632625	0.00804806213758141		25G2A02	8	1	0.2101	2025-10-11
A18	0.16304206394651	0.0267074228152371	0.25295470288833	6.44451716664793	2.74020278194212	6.69256414577826	6.6804	0.00763009606929151		25G2A02	8.3	1	0.1746	2025-10-11
A19	0.180142227794663	0.0163146059835206	0.355830863624852	6.48272605091386	1.94796812592041	7.46693277021359	7.4676	0.00969911082921035		25G2A02	8.6	1	0.1968	2025-10-11
A2	0	0.0238712434614244	0	-7.05072171981996	5.25147921505364	1.52062166574435	1.5159875	0.00194116610699153	questionable fit	25G2A02	3.5	1	0.0359	2025-10-11
A20	0.20896544806239	0.0277543129102346	0.147825229236153	12.6924991450097	4.68896401609925	7.22574335742245	7.2105875	0.00403403183865582		25G2A02	8.9	1	0.2162	2025-10-11
A21	0	0.0354350103859331	0	11.7758578589238	4.54487130676239	8.82301411670022	8.8047	0.00801232337054181		25G2A02	9.2	1	0.2478	2025-10-11
A22	0	0.0259592016119727	0	15.195923095938	5.40274515881044	6.68324868049802	6.679275	0.00542859975268022		25G2A02	9.5	1	0.2059	2025-10-11
A23	0	0.0306632895159384	0	16.0851858563577	5.71113412437879	7.69257929505599	7.7044125	0.0126157732367641		25G2A02	9.8	1	0.2358	2025-10-11
A24	0	0.0117041661031385	0	20.3556487663355	5.08318802062194	5.50049026562031	5.5775375	0.0170591979382296		25G2A02	10.1	1	0.1908	2025-10-11
A3	0.160216641305673	0.0183870580112449	0.227608798619682	8.97583565946114	3.04534440128627	6.19860534224781	6.2200875	0.00906613209329015		25G2A02	3.8	1	0.1623	2025-10-11
A4	0.172170828735994	0.0167517224678942	0.246169171194734	9.04916030563296	2.81573511904798	6.66903842232564	6.6898375	0.00714530553677466		25G2A02	4.1	1	0.1728	2025-10-11
A5	0.19367532907021	0.0165648434475489	0.248120102105015	9.54977507013308	2.79359541882897	7.41580422834809	7.4547125	0.011198775981525		25G2A02	4.4	1	0.1919	2025-10-11
A6	0.187829270943051	0.0137640638455458	0.275823219293249	9.19925763477619	2.51301243722707	7.27361863910186	7.3086	0.00930075377211812		25G2A02	4.7	1	0.1918	2025-10-11
A7	0.201418913516708	0.022282450771959	0.232348836652511	8.97077213457	2.98321777955179	7.79991554779978	7.8184125	0.00857831888187934		25G2A02	5	1	0.2046	2025-10-11
A8	0.211391497184551	0.010798720358236	0.293247438592809	9.96376725162153	2.36369389579705	8.04496701325861	8.083975	0.00775703089062881		25G2A02	5.3	1	0.2129	2025-10-11
A9	0.280184889160343	0.0144045290485215	0.362512282810518	8.04145877992333	1.91206536558169	11.2109458469207	11.212675	0.00932149795867692		25G2A02	5.6	1	0.2922	2025-10-11
B1	0	0	0	0	0	0	0	0	cannot fit data	23G4B04	3.2	1	0	2025-10-11
B10	0.0955957246513659	0.00171345234858529	0.188810858570403	21.2039252021557	3.67111926617022	2.57461184483097	2.572325	0.00451088648742658		23G4B04	5.9	1	0.1054	2025-10-11
B11	0.158638633053029	0.00252704650362703	0.146172582117818	28.2099403270934	4.74197808178044	3.21062516677168	3.244175	0.00368555661128594		23G4B04	6.2	1	0.1512	2025-10-11
B12	0.197325124431473	0.00094683083107587	0.170740029220504	31.2444464909924	4.05966417907058	3.40235132815383	3.4978125	0.00560290557231045		23G4B04	6.5	1	0.1815	2025-10-11
B13	0.157665533409039	0.000427529763233771	0.157601733870689	37.4836737553019	4.39809362204522	1.85641739037247	1.8709625	0.00291360594042398		23G4B04	6.8	1	0.1367	2025-10-11
B14	0	0.00665955297085595	0	7.13281182264254	11.4734002269882	0.576652803002592	0.5754875	0.0012635776301867		23G4B04	7.1	1	0.018	2025-10-11
B15	0	0.00531926635144131	0	5.06014734338669	4.35090793622575	0.703492064474009	0.70255	0.00137589923925526		23G4B04	7.4	1	0.0208	2025-10-11
B16	0	0.00701027893084283	0	1.44537746620739	6.95691080013741	0.61315192037633	0.612275	0.00329044053185348		23G4B04	7.7	1	0.0227	2025-10-11
B17	0	0.00602615074145815	0	3.56415482790139	2.45834441816931	0.978886571610599	0.9776625	0.000700667614385245		23G4B04	8	1	0.0256	2025-10-11
B18	0	0.00613407633664923	0	3.0614524239221	5.30901801902512	0.630077320244017	0.6286375	0.00210628576970916		23G4B04	8.3	1	0.0177	2025-10-11
B19	0	0.00253154675597203	0	4.6174762046123	2.66943637371037	0.465175910976623	0.4645625	0.000957780607213682		23G4B04	8.6	1	0.0141	2025-10-11
B2	0	0.00258513411574369	0	-2.62479201598235	1.75148794109083	0.166019417152102	0.165225	0.000177061911044656	questionable fit	23G4B04	3.5	1	0.0038	2025-10-11
B20	0	0.00312764249572631	0	-0.72893566095883	0.396064108407257	0.192283588210026	0.191737499999999	0.00118240506472793	questionable fit	23G4B04	8.9	1	0.0108	2025-10-11
B21	0	0.00200338230175917	0	4.09468844184154	1.52539923912119	0.651584987592493	0.6502875	0.000773049436137435		23G4B04	9.2	1	0.0167	2025-10-11
B22	0	0.00237092035516782	0	3.0939408148282	1.38030715133575	0.607466458764384	0.60695	0.00072239912737381		23G4B04	9.5	1	0.0155	2025-10-11
B23	0	0.00377348410361366	0	3.2706409080013	1.90458945274736	0.715190188684633	0.7144125	0.000911077788472234		23G4B04	9.8	1	0.0189	2025-10-11
B24	0	0.000388142516622938	0	6.05583612842074	1.24951543740222	0.486278734645122	0.4877125	0.00108542887854488		23G4B04	10.1	1	0.0135	2025-10-11
B3	0	0.00221694774442762	0	22.4902223929328	4.31532265073355	2.16357450012177	2.181275	0.00190723458126584		23G4B04	3.8	1	0.0842	2025-10-11
B4	0.117940406943341	0.0044071752084958	0.116842270783387	27.8055332284014	5.93233233069364	2.45595605217672	2.445825	0.00368268942307848		23G4B04	4.1	1	0.1161	2025-10-11
B5	0.08737802362217	0.00267890976743301	0.179034605130137	19.2906574031871	3.87158214500549	2.51357045160668	2.516075	0.00281444272703827		23G4B04	4.4	1	0.0929	2025-10-11
B6	0.0947801543764949	0.00200696741245175	0.171694123983645	22.32768799993	4.0371048494704	2.44680090676587	2.44885	0.00205514099959584		23G4B04	4.7	1	0.0986	2025-10-11
B7	0.104099081834841	0.00290185521850632	0.158012512088507	22.4774673953667	4.38666009038383	2.67025490504604	2.6524125	0.0034170728482984		23G4B04	5	1	0.1086	2025-10-11
B8	0.120157679114265	0.00335140018686098	0.133741145906284	26.5523267210312	5.18275191873751	2.62403639168855	2.5752875	0.00613534400005243		23G4B04	5.3	1	0.1253	2025-10-11
B9	0.0965116609656111	0.00195824439571381	0.170056996100609	22.7989242609072	4.07596980102993	2.44734092120045	2.44045	0.00375818054991991		23G4B04	5.6	1	0.1068	2025-10-11
C1	0	0.0071	0	-10.0033617580735	8.04868588267489	0.223443106905435	0.2129625	0.000230470760509174	questionable fit (k < n0)	26G4B12	3.2	1	0.0071	2025-10-11
C10	0.196873358510339	0.013599906406509	0.221323907376694	11.7516287838075	3.13182244419807	7.11226415620822	7.0652125	0.0106873873566324		26G4B12	5.9	1	0.2161	2025-10-11
C11	0.170824156972434	0.0120285461916244	0.257714417012078	10.0123821721759	2.68959411970911	6.47495677280494	6.45375	0.00879726089434852		26G4B12	6.2	1	0.1915	2025-10-11
C12	0.146790445198826	0.00997347661063579	0.247444091173933	10.5830565364689	2.80122745009384	5.48008029055945	5.4686625	0.00632935221260033		26G4B12	6.5	1	0.1621	2025-10-11
C13	0.153582319229818	0.0133496759856372	0.126255930209533	18.6273283416765	5.49001682067214	4.45991764702304	4.4451875	0.00305989503647433		26G4B12	6.8	1	0.1511	2025-10-11
C14	0	0.00590264140846729	0	3.76601704331295	1.8716335624091	1.30248923075716	1.3027375	0.00146766340251386		26G4B12	7.1	1	0.0333	2025-10-11
C15	0	0.00795280366343601	0	1.18402731489517	0.873297636886363	1.31912449528473	1.3179875	0.0030819680238871		26G4B12	7.4	1	0.0344	2025-10-11
C16	0	0.00763833800467245	0	2.61136956872449	1.65027204046368	1.37008276850399	1.3698125	0.00264586618127409		26G4B12	7.7	1	0.0367	2025-10-11
C17	0	0.00972649881049116	0	1.06565753476867	1.06022944828134	1.36052088095781	1.3586875	0.00190530844709499		26G4B12	8	1	0.0329	2025-10-11
C18	0	0.00625668236537006	0	2.77432288833667	1.45496394569386	1.3351935990165	1.3352125	0.00375034970756448		26G4B12	8.3	1	0.035	2025-10-11
C19	0	0.00603496338018026	0	1.77120155441294	1.11660975131235	1.11033130953951	1.10965	0.00500248560478084		26G4B12	8.6	1	0.0331	2025-10-11
C2	0	0.00819867422915577	0	-0.426306853390257	1.54995343599899	0.701585688029769	0.699937499999999	0.000360087637012635	questionable fit	26G4B12	3.5	1	0.0157	2025-10-11
C20	0	0.00437132412604959	0	3.33724253126054	1.4671793604994	1.1348548145849	1.135175	0.00229489951744264		26G4B12	8.9	1	0.0296	2025-10-11
C21	0	0.0192617939498815	0	3742.00477301584	300.816566348406	0.981921618772459	0.9791875	0.00649055668272554		26G4B12	9.2	1	0.0281	2025-10-11
C22	0	0.00309983158600326	0	3.20954691977574	1.30228939300652	0.902902344447791	0.9039375	0.0055831943304052		26G4B12	9.5	1	0.027	2025-10-11
C23	0	0.00434952504261478	0	2.14457967594726	1.09283740916063	0.973303975304628	0.88845	0.00647083476890952		26G4B12	9.8	1	0.0266	2025-10-11
C24	0	0.00265188033950009	0	3.13824240178499	1.5331499569932	0.606766675369074	0.60745	0.0027247409786091		26G4B12	10.1	1	0.0213	2025-10-11
C3	0.153539610792252	0.0220540216215586	0.162003919174261	11.0207351459742	4.27858279042222	5.56378018026338	5.532375	0.00893916416859928		26G4B12	3.8	1	0.1588	2025-10-11
C4	0.179525602608614	0.0159266383262948	0.196589024013002	11.849211985522	3.52586917830215	6.44173022536912	6.402375	0.00822007517771953		26G4B12	4.1	1	0.1841	2025-10-11
C5	0.199207467368639	0.0174296780086216	0.199542537664868	11.7499288373308	3.47368129458235	7.17035537280649	7.13495	0.00700346931048771		26G4B12	4.4	1	0.2086	2025-10-11
C6	0.201716328194897	0.0143629356311397	0.208622074630783	12.3109966378981	3.32250161823321	7.16846279420971	7.1277875	0.00756011921723807		26G4B12	4.7	1	0.2124	2025-10-11
C7	0.211183764590394	0.0176785112937232	0.19596081831417	12.2113942505809	3.53717231088855	7.50686739185042	7.4684	0.00721814488255346		26G4B12	5	1	0.218	2025-10-11
C8	0.207184720475514	0.013657620176636	0.216959260131739	12.2194366523665	3.19482643948483	7.38983322462544	7.343725	0.00862781846800036		26G4B12	5.3	1	0.2187	2025-10-11
C9	0.209219855786113	0.0190474134332305	0.195279122131835	11.7831333538827	3.54952015859633	7.51767834423887	7.4691875	0.0103687446213284		26G4B12	5.6	1	0.2203	2025-10-11
D1	0	0	0	0	0	0	0	0	cannot fit data	18G4B09	3.2	1	0	2025-10-11
D10	0	0.00000295050178677399	0	20.3107921408072	1.62648219530262	0.472636251892647	0.471075	0.000269893883035778		18G4B09	5.9	1	0.0173	2025-10-11
D11	0	0.000372231932600408	0	16.6156142659015	2.87208841657587	0.658581273097663	0.6703	0.00101627369300663		18G4B09	6.2	1	0.0212	2025-10-11
D12	0	0.0017033455028424	0	18.4014468004331	5.18991645596665	0.633159674840677	0.6424875	0.00179814971264301		18G4B09	6.5	1	0.0208	2025-10-11
D13	0	0.00268358174379367	0	326.389866698	14.214629832348	0.522229087048374	0.51285	0.00369704010711619		18G4B09	6.8	1	0.0356	2025-10-11
D14	0	0.000304701123366193	0	15.9461804264458	2.67332421984292	0.622525797638243	0.6391	0.00168934378931071		18G4B09	7.1	1	0.0203	2025-10-11
D15	0	0.000472429551559416	0	23.4799754143583	4.3337370711451	0.510429049462379	0.5163125	0.00109658779479256		18G4B09	7.4	1	0.0204	2025-10-11
D16	0	0.00186331515625117	0	16.8982734736299	6.46498647666112	0.400855423016225	0.4031125	0.00140130668233476		18G4B09	7.7	1	0.0156	2025-10-11
D17	0	0.00206532929653158	0	426.477093617849	16.3404198466265	0.327479837644486	0.3303375	0.00156243405034535		18G4B09	8	1	0.0182	2025-10-11
D18	0	0.00140755308546035	0	17.9889837624334	7.73058748602281	0.244810695649839	0.2458	0.000894714445658531		18G4B09	8.3	1	0.0121	2025-10-11
D19	0	0.000000000000000638648836492341	0	27.1469917857243	0.664193212515145	0.0270587593107397	0.0272	0.000931378181361793		18G4B09	8.6	1	0.00700000000000001	2025-10-11
D2	0	0.000869184747063325	0	-3.08475223297084	0.69988077481975	0.0438261865645157	0.0436624999999999	0.0000781489731074378	questionable fit	18G4B09	3.5	1	0.0011	2025-10-11
D20	0	0.00000145138441596222	0	27.4362809971234	2.38408849947217	0.0878324687490851	0.0964124999999997	0.000986639638471468		18G4B09	8.9	1	0.0123	2025-10-11
D21	0	0.0000609138165821734	0	24.9696636548336	4.12720796509072	0.0952943456774375	0.0973625000000001	0.000868952422509896		18G4B09	9.2	1	0.0076	2025-10-11
D22	0	0.000602043470769382	0	340.517771026025	13.5419624912573	0.126893037663958	0.1279625	0.000475927358034813		18G4B09	9.5	1	0.00710000000000001	2025-10-11
D23	0	0.0000295557673419528	0	27.2865912585696	3.94221445338407	0.0758972694476316	0.075375	0.00064428366375535		18G4B09	9.8	1	0.00559999999999999	2025-10-11
D24	0	0	0	0	0	0	0	0	cannot fit data	18G4B09	10.1	1	0	2025-10-11
D3	0	0.000865284883214859	0	569.40812947164	21.9602461673556	0.0980995625522532	0.0985874999999999	0.000221013780889807		18G4B09	3.8	1	0.0047	2025-10-11
D4	0	0.00000118207896074122	0	39.6793096582354	2.75154452258312	0.232277491035789	0.2295375	0.000164081446604466		18G4B09	4.1	1	0.0235	2025-10-11
D5	0	0.000036824038484091	0	27.9896019952926	2.83719385414115	0.695718114015726	0.713375	0.000769534774179415		18G4B09	4.4	1	0.0345	2025-10-11
D6	0.175178661666189	0.000000420498414651491	0.392366808653139	32.9790225367667	1.76657955075069	2.66747727508543	2.727825	0.0033961606823406		18G4B09	4.7	1	0.1805	2025-10-11
D7	0	0.0016564001755879	0	29.6413808183751	5.90479292661142	1.06435939984508	1.05395	0.00162454642729406		18G4B09	5	1	0.0531	2025-10-11
D8	0	0.0000233657641520601	0	21.6286578641549	2.18938432343226	0.585119859486354	0.580375	0.000455185176998085		18G4B09	5.3	1	0.0226	2025-10-11
D9	0	0.0000688158807009472	0	24.6525532621573	2.9456991263589	0.537438689167138	0.5270875	0.0014832228988504		18G4B09	5.6	1	0.0287	2025-10-11
F1	0	0.0186182740372882	0	-431.540402615905	83.520817085116	0.892907322469349	0.876974999999999	0.00137413229425568	questionable fit (k < n0)	39G3A10	3.2	1	0.0251	2025-10-11
F10	0.220120051831339	0.0211473353831659	0.261329183497645	8.57789310441059	2.6523910237763	8.63650812276197	8.6254875	0.0040733729626329		39G3A10	5.9	1	0.2264	2025-10-11
F11	0.210055731728153	0.0298552358842407	0.244945840587683	7.33921368709279	2.82979771731139	8.45155629349703	8.44215	0.00179031461431659		39G3A10	6.2	1	0.2118	2025-10-11
F12	0.205295910516661	0.0245046255864515	0.287820940273692	6.94348834695267	2.40825834249873	8.37907709096063	8.368575	0.0033487523779865		39G3A10	6.5	1	0.2126	2025-10-11
F13	0.21857434194695	0.0136337778204772	0.475849315920326	5.6954366403786	1.45665267842058	9.26076222230909	9.2709375	0.0111044432515876		39G3A10	6.8	1	0.2358	2025-10-11
F14	0.21888113668512	0.0123051182000595	0.529555600460797	5.32645331445469	1.30892238691612	9.36023442075437	9.3684625	0.00973100855337345		39G3A10	7.1	1	0.2385	2025-10-11
F15	0.195235685899672	0.0170867020868841	0.437886286570704	5.3537179733241	1.5829387715891	8.32423398471176	8.329275	0.00683303356756593		39G3A10	7.4	1	0.2052	2025-10-11
F16	0.181316514727036	0.0122796911533307	0.47535400822988	5.51624634427484	1.45817047623324	7.71246997469335	7.7235625	0.0145003490993333		39G3A10	7.7	1	0.2057	2025-10-11
F17	0.156314089059066	0.017685363735383	0.450315867770096	4.57248361910494	1.53924662702276	6.77787391921721	6.78065	0.00718145287277087		39G3A10	8	1	0.1667	2025-10-11
F18	0.154976264240596	0.0153059615434958	0.37989243005622	5.82017985550771	1.82458802997829	6.52540180937991	6.5259125	0.0086506041650716		39G3A10	8.3	1	0.1675	2025-10-11
F19	0.139935498270912	0.0168605503375182	0.377278010057622	5.26883851153522	1.83723186107263	5.95993444639746	5.956425	0.00499088799464778		39G3A10	8.6	1	0.1499	2025-10-11
F2	0	0.0183084062933747	0	-0.432912026724826	0.737977580180381	1.45351858637796	1.447525	0.000490098357433171	questionable fit	39G3A10	3.5	1	0.0313	2025-10-11
F20	0.14133108622568	0.0194581657158708	0.282369665581463	6.49755365825347	2.45475086402287	5.81967670840032	5.808225	0.00492975624916257		39G3A10	8.9	1	0.1524	2025-10-11
F21	0.139767713175582	0.0203729715181515	0.285109759103874	6.20191349832074	2.43115908321964	5.79270756823707	5.786975	0.00371734363518923		39G3A10	9.2	1	0.1422	2025-10-11
F22	0.140607883217416	0.0271498124359913	0.166331550497877	8.59766656439639	4.16726218498632	5.38816317404119	5.3763875	0.00578461807600017		39G3A10	9.5	1	0.1458	2025-10-11
F23	0.132466546982314	0.0241908935626155	0.151964499657418	9.86219848713456	4.56124412032118	4.90523017951917	4.902775	0.00383869884545252		39G3A10	9.8	1	0.1303	2025-10-11
F24	0.103129777093673	0.0194993686013457	0.137428615011308	10.5947739206528	5.04368890352938	3.72517754091807	3.7240375	0.00308187785064802		39G3A10	10.1	1	0.1014	2025-10-11
F3	0.119808197423121	0.025056824718126	0.271690682592859	4.89567799879369	2.55123647945873	5.08471491282344	5.07888749999999	0.00288024909801166		39G3A10	3.8	1	0.1284	2025-10-11
F4	0.130663631061609	0.021253388847464	0.270789183636935	6.0511580539115	2.55972993917398	5.42163034812907	5.4174375	0.00265230168554784		39G3A10	4.1	1	0.1412	2025-10-11
F5	0.164969199654233	0.0259606666068161	0.242143823304409	6.92957072967546	2.86254330629182	6.69168284518361	6.6902375	0.00354300108517573		39G3A10	4.4	1	0.1668	2025-10-11
F6	0.170111472937254	0.0213843184533723	0.248836374035476	7.79409998231907	2.78555409451966	6.78165040417791	6.7840125	0.00360627997371744		39G3A10	4.7	1	0.1712	2025-10-11
F7	0.192225336270854	0.0253998973569802	0.236130462042702	7.97102940694319	2.9354415968347	7.61766555590447	7.6175625	0.00250762594308968		39G3A10	5	1	0.1923	2025-10-11
F8	0.203332407867628	0.0197070433502949	0.265176940001983	8.41672551646695	2.61390443888055	8.01102359124369	8.0091125	0.00163537706355816		39G3A10	5.3	1	0.2045	2025-10-11
F9	0.211356575419274	0.0225300158903914	0.284212693297941	7.48024458329354	2.43883259581696	8.52251310178894	8.5202	0.00162854983206175		39G3A10	5.6	1	0.2125	2025-10-11
G1	0	0.0051139606944703	0	-11.3054077643777	9.8816868055274	0.158384584330483	0.14545	0.000375325510920307	questionable fit (k < n0)	04D05	3.2	1	0.0052	2025-10-11
G10	0.202543728348375	0.00448676763238293	0.0868476843366765	43.6099380177561	7.98118206436995	2.07512794569806	2.0822625	0.00136099786820564		04D05	5.9	1	0.1171	2025-10-11
G11	0.242903366121442	0.00592212627861118	0.0794029566956435	46.4628218098656	8.72948828866439	2.2631316468171	2.2726625	0.00189578288268457		04D05	6.2	1	0.1265	2025-10-11
G12	0	0.00740497794816455	0	32.5512284922148	10.7219707373745	1.27191017280252	1.268775	0.00158363057078258		04D05	6.5	1	0.053	2025-10-11
G13	0	0.00193877390649311	0	12.848045041765	3.57289059897532	0.887052666105558	0.88175	0.00202143150156902		04D05	6.8	1	0.0282	2025-10-11
G14	0	0.00442196437752727	0	7.74775829986202	3.71839825017825	0.910830201661801	0.9098875	0.00189287387279546		04D05	7.1	1	0.0293	2025-10-11
G15	0	0.00287256976728154	0	3.04574827742307	1.96397169739192	0.500335880768709	0.500699999999999	0.00298457307044642		04D05	7.4	1	0.0201	2025-10-11
G16	0	0.00646940564382918	0	1.97380750985804	2.91831799343746	0.74258167247258	0.742475	0.00494411971183862		04D05	7.7	1	0.0274	2025-10-11
G17	0	0.00480407746002907	0	12.2525429351382	6.00289416607968	0.840462904196091	0.8402875	0.0025073342451592		04D05	8	1	0.0302	2025-10-11
G18	0	0.00648408462568126	0	6.07429083066548	7.67007954791707	0.661033314725812	0.659775	0.000964382134123457		04D05	8.3	1	0.0194	2025-10-11
G19	0	0.00207129289728577	0	10.7176752863269	4.16317736895138	0.5267929959385	0.5272375	0.00167030709499893		04D05	8.6	1	0.0179	2025-10-11
G2	0	0.0011174964357656	0	13.7080900832097	3.15825075082246	0.814207052146282	0.81685	0.000630546092342918		04D05	3.5	1	0.0243	2025-10-11
G20	0	0.00242986315627528	0	3.03508144352644	1.85588973967946	0.443228268224326	0.443262499999999	0.00393256610854647		04D05	8.9	1	0.0219	2025-10-11
G21	0	0.00142877566550054	0	8.29535327455335	2.8583174470913	0.476962293078225	0.4774375	0.00396291416110539		04D05	9.2	1	0.0261	2025-10-11
G22	0	0.00712782184349286	0	710.739372617578	34.4364313325544	0.580194544919247	0.5790875	0.0026940561502548		04D05	9.5	1	0.0206	2025-10-11
G23	0	0.00277537489611811	0	8.07750357155386	3.53113979928224	0.639532755504668	0.64295	0.00526133649944292		04D05	9.8	1	0.0316	2025-10-11
G24	0	0.00325060054818805	0	7.36609783551454	4.07210081668978	0.576294010020549	0.576575	0.00302986058777265		04D05	10.1	1	0.0188	2025-10-11
G3	0	0.00894214931228806	0	23.1649856902685	8.7522296737646	1.61013851921876	1.6027	0.00204615935348675		04D05	3.8	1	0.0615	2025-10-11
G4	0	0.00839523708909777	0	25.6226620128741	9.86793324990445	1.36399336688336	1.3589875	0.00149163910707085		04D05	4.1	1	0.0515	2025-10-11
G5	0	0.00914177472837373	0	406.999905965261	14.4000444880713	1.74282443651151	1.751075	0.00206537782587142		04D05	4.4	1	0.0949	2025-10-11
G6	0.374793223246911	0.00885651814422136	0.0527208444078811	70.585111486068	13.1474976993413	1.73454310219112	1.735475	0.0016626009393897		04D05	4.7	1	0.0835	2025-10-11
G7	0	0.0110036944951771	0	155.805527517411	23.6468859878585	1.14834057619717	1.1449625	0.00173320110476779		04D05	5	1	0.0462	2025-10-11
G8	0	0.00554958941214566	0	354.796179309151	12.2025871131497	1.41218544337665	1.415675	0.00176610136892481		04D05	5.3	1	0.0904	2025-10-11
G9	0	0.00625520228404907	0	17.1032058731971	7.16582508581299	1.16073615542587	1.157675	0.000835776770624278		04D05	5.6	1	0.0388	2025-10-11
H1	0	0.00523877943536108	0	-263.298584849381	66.6441608823106	0.24884897818158	0.242075	0.000490535954617975	questionable fit (k < n0)	28D09	3.2	1	0.0074	2025-10-11
H10	0	0.00155122718096887	0	28.6351050099961	5.26640017114634	1.37182667574065	1.3732625	0.000821211299557397		28D09	5.9	1	0.064	2025-10-11
H11	0	0.00164418403440343	0	27.3661035912448	5.23909140368578	1.33078238316115	1.3426	0.00113540363073067		28D09	6.2	1	0.0595	2025-10-11
H12	0	0.000742641516134879	0	39.6932915246749	6.90321147657596	0.482601679020012	0.4813625	0.00023755613747536		28D09	6.5	1	0.0297	2025-10-11
H13	0	0.00159001455345293	0	292.004648121086	9.75861079683403	0.664383737583151	0.6844125	0.00236445479596197		28D09	6.8	1	0.0541	2025-10-11
H14	0	0.0050039411318682	0	1.52070158626526	7.3162375948768	0.433724349786203	0.4324875	0.0012345627126813		28D09	7.1	1	0.0125	2025-10-11
H15	0	0.00382186375700758	0	2.29911709893999	5.74204212999513	0.365830532451363	0.3650625	0.00104028790787162		28D09	7.4	1	0.0102	2025-10-11
H16	0	0.1610706294865	0	3030.33498365262	159.025949727214	8.63931483653778	8.606875	0.00400428856844653		28D09	7.7	1	0.2048	2025-10-11
H17	0	0.0104804889377711	0	-2.20836139893981	4.96013024294101	0.804656715917408	0.8026125	0.000363963140640222	questionable fit	28D09	8	1	0.0188	2025-10-11
H18	0	0.0125282288618809	0	-6.67188599069411	5.09990548104413	0.803886036303668	0.8013625	0.000639659215240019	questionable fit	28D09	8.3	1	0.0185	2025-10-11
H19	0	0.000254897418807409	0	7.17893159266607	2.47588073396339	0.0875097613962931	0.0876625000000001	0.00148806070005408		28D09	8.6	1	0.0048	2025-10-11
H2	0	0	0	0	0	0	0	0	cannot fit data	28D09	3.5	1	0.0077	2025-10-11
H20	0	0.00116360814855824	0	2.1964343306346	1.22400788461703	0.236891095261501	0.2218	0.00140753619710517		28D09	8.9	1	0.0063	2025-10-11
H21	0	0.00119477892640912	0	2.69710343221989	4.52965948780336	0.126568572266823	0.1146625	0.00117636811349018		28D09	9.2	1	0.0039	2025-10-11
H22	0	0.00407948032995618	0	-1.10469958597277	2.28406109292594	0.324813063268362	0.324	0.000370150760553604	questionable fit	28D09	9.5	1	0.00760000000000001	2025-10-11
H23	0	0.00563670292238082	0	-0.146071142762506	0.250613454695592	0.451339282522311	0.41085	0.00262120673846926	questionable fit	28D09	9.8	1	0.0106	2025-10-11
H24	0	0.001127190080509	0	-0.549816745164854	0.63377043705347	0.024922680982474	0.0248000000000001	0.000460703604306374	questionable fit (k < n0)	28D09	10.1	1	0.0018	2025-10-11
H3	0	0.00326301885550921	0	12.2348374278954	14.3815868267608	0.276141855091505	0.2754875	0.0000912599874217169		28D09	3.8	1	0.00770000000000001	2025-10-11
H4	0	0.00225939677374251	0	29.30826075827	10.6066690250478	0.364229767221556	0.3647375	0.00041314722731155		28D09	4.1	1	0.0128	2025-10-11
H5	0	0.0026033643179892	0	23.65340484684	5.93662141546578	1.07308537249252	1.0850625	0.00178932588563674		28D09	4.4	1	0.0393	2025-10-11
H6	0	0.00265868035851857	0	23.0181894998721	5.99595928435373	1.01987214253606	1.03	0.00161788689984423		28D09	4.7	1	0.0368	2025-10-11
H7	0	0.00305848046218803	0	20.9702820660731	5.49240107423592	1.24440881762206	1.2520375	0.0012585502813436		28D09	5	1	0.0435	2025-10-11
H8	0	0.00298746897150338	0	21.3266185947322	5.25775160012083	1.40392164497313	1.4110125	0.00111111208956102		28D09	5.3	1	0.0504	2025-10-11
H9	0	0.00271916748762241	0	27.2564619473495	6.02990665521121	1.38839611477446	1.394325	0.00101427138162019		28D09	5.6	1	0.0598	2025-10-11
I1	0	0	0	0	0	0	0	0	cannot fit data	41G1A01	3.2	1	0.001	2025-10-11
I10	0.197580910449697	0.000000380851461115821	0.40479590454386	32.5083510554737	1.71233743419665	3.1011647711461	3.1326875	0.00340661911453133		41G1A01	5.9	1	0.1997	2025-10-11
I11	0.177347027666059	0.00000730274005820572	0.298302415976878	33.8501210611633	2.32363917767824	2.55300371867575	2.6008125	0.00200723931668567		41G1A01	6.2	1	0.1737	2025-10-11
I12	0.213318631163325	0.0000454748758165598	0.237498245969481	35.5925536160214	2.91853599899435	2.73304173215188	2.895075	0.00585865047363017		41G1A01	6.5	1	0.1971	2025-10-11
I13	0.137279940850154	0.00000148603802102088	0.315877346779283	36.1964960241005	2.19435545988765	1.65749335296871	1.6551	0.00234421987613582		41G1A01	6.8	1	0.1338	2025-10-11
I14	0.142162802236469	0.0000327019673331243	0.218784871704956	38.289040790346	3.16816777667651	1.47914592846546	1.5130375	0.00183968516680722		41G1A01	7.1	1	0.1302	2025-10-11
I15	0	0.0000470381755015085	0	35.2022360844662	3.58990307627521	0.564674722340229	0.58425	0.00136144437752067		41G1A01	7.4	1	0.0414	2025-10-11
I16	0	0.000398796353460398	0	40.2230407116068	6.10805296046138	0.420895163691718	0.4414	0.00174445307376776		41G1A01	7.7	1	0.0269	2025-10-11
I17	0	0.000826025010650985	0	50.5840026918165	8.24804971886433	0.408427708935766	0.42055	0.00215708434960663		41G1A01	8	1	0.0316	2025-10-11
I18	0	0.000392972814827463	0	278.327993085586	10.1581163036641	0.148667353741338	0.161025	0.00149654056625018		41G1A01	8.3	1	0.0176	2025-10-11
I19	0	0.000000170228469277607	0	50.1457705286251	2.90881830941699	0.0539260177707088	0.052375	0.000330293193606928		41G1A01	8.6	1	0.0112	2025-10-11
I2	0	0.00000000367403130755057	0	44.8680892821052	2.14612572269226	0.0306200442510994	0.029875	0.0000722922443315311		41G1A01	3.5	1	0.00559999999999999	2025-10-11
I20	0	0.000000000785503083972181	0	48.4798632712736	2.08854393032103	0.0148990724402016	0.0163374999999999	0.000633616048026514		41G1A01	8.9	1	0.00729999999999999	2025-10-11
I21	0	0.0000000000000000691907533489812	0	34.4669725333386	0.787548759360345	0.0142018759589835	0.015175	0.000314914496356009		41G1A01	9.2	1	0.00270000000000001	2025-10-11
I22	0	0.000907708986905587	0	2254.32225576162	108.21574454113	0.0512571567503509	0.0507625000000001	0.000251404280048696		41G1A01	9.5	1	0.00359999999999999	2025-10-11
I23	0	0.000484374429244105	0	577.153505587538	23.7955285478819	0.0510750733094794	0.0518749999999999	0.000391123942559257		41G1A01	9.8	1	0.00269999999999999	2025-10-11
I24	0	0.000100000000000003	0	-0.000105182199464943	0.0140345381828455	0.0000249798349945139	0.0000250000000000007	0.00000723594338092933	questionable fit (k < n0)	41G1A01	10.1	1	0.000100000000000003	2025-10-11
I3	0	0.000107547072147606	0	31.1861077628917	3.36819510031975	1.131901579699	1.1567	0.00150169293630342		41G1A01	3.8	1	0.0619	2025-10-11
I4	0	0.0000291011529496869	0	31.6882438233017	2.85951621836558	1.04646596663521	1.049525	0.00138340350644449		41G1A01	4.1	1	0.0607	2025-10-11
I5	0	0.0000671063862676398	0	30.7929141918964	3.15075132242211	1.02874116911476	1.0551875	0.00203337566849864		41G1A01	4.4	1	0.0577	2025-10-11
I6	0	0.000105229120692072	0	31.0792670371456	3.39309286868429	1.04037000922251	1.0748875	0.00220312688177646		41G1A01	4.7	1	0.0583	2025-10-11
I7	0	0.000171663893756768	0	31.6532498711544	3.69282959571353	1.09783754347581	1.1233	0.00178701773189841		41G1A01	5	1	0.0613	2025-10-11
I8	0	0.0000711240712587016	0	32.9314862065147	3.35870511739045	0.984968252600188	0.9790875	0.00070711722078685		41G1A01	5.3	1	0.0596	2025-10-11
I9	0	0.000081877409775954	0	34.2050382182763	3.55946173352725	0.916776227860865	0.9084625	0.000480426264028516		41G1A01	5.6	1	0.0599	2025-10-11
J1	0	0.0283	0	-14.4479381444264	8.91244910144738	1.01528549937543	0.974025	0.00110109931249865	questionable fit (k < n0)	41G1B04	3.2	1	0.0283	2025-10-11
J10	0.194645457881192	0.0249223173838319	0.23508808599119	8.16036607529116	2.94845728841368	7.68010550306466	7.6725125	0.00222670222130697		41G1B04	5.9	1	0.1995	2025-10-11
J11	0.192708518418617	0.0307011117472959	0.218489823656266	7.61290919339551	3.1724460616089	7.6684890441987	7.6596875	0.0036086637557905		41G1B04	6.2	1	0.1994	2025-10-11
J12	0.194824636094693	0.0213672437340207	0.334018211683247	6.26933752736668	2.0751778086198	8.10131455647181	8.1009	0.00484200051057776		41G1B04	6.5	1	0.1986	2025-10-11
J13	0.22766910096666	0.0144307128470703	0.42814440754522	6.29005520930009	1.61895652108158	9.50671537711077	9.515275	0.00608640104706679		41G1B04	6.8	1	0.2385	2025-10-11
J14	0.245121304051904	0.0158650300543679	0.383117625121813	6.97102660831566	1.80922811979626	10.0632204955964	10.073575	0.00793232142111476		41G1B04	7.1	1	0.255	2025-10-11
J15	0.220238624311937	0.0219914008179897	0.341369028725978	6.44130886305112	2.03049228908327	9.1289468837078	9.1222	0.00569186729012357		41G1B04	7.4	1	0.227	2025-10-11
J16	0.211585087780133	0.0149823645308571	0.419280173886636	6.13983538500093	1.65318377478864	8.86218308606251	8.8673625	0.00629329262939162		41G1B04	7.7	1	0.2276	2025-10-11
J17	0.165121232087192	0.0134675774365331	0.547029151066309	4.42629831140187	1.26711196141707	7.20224003091172	7.208675	0.0060623841019593		41G1B04	8	1	0.1774	2025-10-11
J18	0.161800221721899	0.0165011789619382	0.402472497295758	5.40499578617987	1.72222247536726	6.88095206756798	6.886275	0.00760354618180373		41G1B04	8.3	1	0.1726	2025-10-11
J19	0.165134954303196	0.017066328701952	0.378648525297818	5.70599980688956	1.83058201537894	6.96962420543913	6.968825	0.00674620405206132		41G1B04	8.6	1	0.1743	2025-10-11
J2	0	0	0	0	0	0	0	0	cannot fit data	41G1B04	3.5	1	0.0355	2025-10-11
J20	0.153986852735596	0.0199638291026458	0.313487050221155	6.07390165147306	2.21108712487789	6.41861665804244	6.41455	0.00552111764082026		41G1B04	8.9	1	0.1669	2025-10-11
J21	0.157052809546534	0.0236978475486478	0.278290957111707	6.20799991100913	2.49072836485202	6.50261371421681	6.4958875	0.0049849596976445		41G1B04	9.2	1	0.1669	2025-10-11
J22	0.133426791115702	0.0239727710068797	0.263772424830856	5.75718219777442	2.62782275669803	5.56279796263442	5.5574375	0.00534608578749061		41G1B04	9.5	1	0.1416	2025-10-11
J23	0.142613845879829	0.0225611746318945	0.250397797789103	6.67617725082721	2.76818401232006	5.82376775168844	5.817725	0.00342118846355161		41G1B04	9.8	1	0.1497	2025-10-11
J24	0.11965510536644	0.0231816171773269	0.187951812034274	7.5865649808506	3.68789836638311	4.72278520389061	4.712	0.00486058336657616		41G1B04	10.1	1	0.1324	2025-10-11
J3	0.114579583494387	0.0282862233103749	0.219110752642965	5.09047486536045	3.16345579666467	4.79122140175961	4.7869125	0.00309478930129982		41G1B04	3.8	1	0.1173	2025-10-11
J4	0.128063245873344	0.0219667642394456	0.23184334226847	6.79259656164892	2.98972217091874	5.19882594833587	5.199175	0.00402653764783284		41G1B04	4.1	1	0.1303	2025-10-11
J5	0.148641668482592	0.0273929693474836	0.208779495995763	7.1250167865947	3.31999642615294	5.96052553392057	5.9617375	0.00539625404204717		41G1B04	4.4	1	0.151	2025-10-11
J6	0.15209478614044	0.0209470400359161	0.229961022510241	7.97668731506443	3.01419420123285	6.0197725434744	6.026575	0.00567472199024818		41G1B04	4.7	1	0.1546	2025-10-11
J7	0.162940070196487	0.0249979602049448	0.219608682497157	7.77765184496056	3.15628313360935	6.46290689802969	6.4690625	0.00641441477356195		41G1B04	5	1	0.1658	2025-10-11
J8	0.176118031711763	0.0202134020652174	0.243581856907422	8.38690797760218	2.84564371649154	6.92365383292493	6.933025	0.00558570967074415		41G1B04	5.3	1	0.1775	2025-10-11
J9	0.185354901177958	0.0234317259793776	0.275451430307378	7.01768394616264	2.51640436132954	7.54235613451073	7.5438375	0.00432715706976054		41G1B04	5.6	1	0.1876	2025-10-11
K1	0	0.0076	0	-9.15788303536658	8.49523348360782	0.223808171520991	0.213775000000001	0.000276790651524131	questionable fit (k < n0)	04G3B05	3.2	1	0.0076	2025-10-11
K10	0.191420887192789	0.0016636394205938	0.148912062586961	31.8089609741676	4.65474165435834	3.23365826286678	3.3170125	0.00655615469057849		04G3B05	5.9	1	0.1685	2025-10-11
K11	0.1920905938465	0.00297344201292753	0.136898080782052	30.3338545112623	5.06323519365816	3.52658598865053	3.5884375	0.00616001647283686		04G3B05	6.2	1	0.1733	2025-10-11
K12	0.284179162879615	0.0127573428251012	0.0404350960415767	75.6166654205144	17.142216747729	1.68154148683401	1.6761875	0.00199381742290821		04G3B05	6.5	1	0.0737	2025-10-11
K13	0.148047764745799	0.000953185298920372	0.156907533340737	32.1145940347481	4.41755195433939	2.44801772522798	2.5429	0.00650928853435165		04G3B05	6.8	1	0.1324	2025-10-11
K14	0	0.00930732978011841	0	9.18489719118364	12.2100662771385	0.815260542185359	0.813	0.00106834802067911		04G3B05	7.1	1	0.0257	2025-10-11
K15	0	0.00505856171472049	0	6.51033305358129	4.1939756807191	0.794199139689996	0.7952	0.00243433821819685		04G3B05	7.4	1	0.0286	2025-10-11
K16	0	0.00981939390212244	0	4.66709598050808	5.92945650231117	1.06185065784089	1.0600375	0.000786767155216469		04G3B05	7.7	1	0.029	2025-10-11
K17	0	0.00982163620513011	0	-1.18691592207893	6.13779790461732	0.785586562840689	0.7832375	0.00237677647017849	questionable fit	04G3B05	8	1	0.029	2025-10-11
K18	0	0.00973386546123951	0	1.92490241174201	4.14017446491531	0.996790213339212	0.994575000000001	0.000807531001525165		04G3B05	8.3	1	0.0256	2025-10-11
K19	0	0.00430645951109792	0	92.6642679857794	30.1071066584409	0.344472786851838	0.3431	0.00070536878303809		04G3B05	8.6	1	0.0125	2025-10-11
K2	0	0.00440424661446901	0	-1.34231974102085	0.660316150502167	0.263018317910365	0.262112499999999	0.000228729201537855	questionable fit	04G3B05	3.5	1	0.0059	2025-10-11
K20	0	0.00595760887853413	0	2.03060094085295	4.76128730129039	0.591482940742152	0.5901625	0.000704009484448894		04G3B05	8.9	1	0.0156	2025-10-11
K21	0	0.00371635321031232	0	12.6691020783433	11.5341066397264	0.362033633907196	0.3614625	0.00181565830812013		04G3B05	9.2	1	0.0167	2025-10-11
K22	0	0.00682143332311785	0	-10.8283185886886	10.7026816116565	0.431801695498641	0.4302	0.000502336505751344	questionable fit	04G3B05	9.5	1	0.0115	2025-10-11
K23	0	0.00489462355964549	0	2.26248681332384	11.577494667777	0.383091114245129	0.3819375	0.000852605916479072		04G3B05	9.8	1	0.0125	2025-10-11
K24	0	0.004181853040589	0	-4.34165725712095	8.55701311196326	0.297755957303126	0.296975	0.000583727592132655	questionable fit	04G3B05	10.1	1	0.00800000000000001	2025-10-11
K3	0.0930028301305201	0.00524181284194257	0.124403660349583	22.6516647419198	5.57175872970421	2.36318368240603	2.369425	0.000996494409466366		04G3B05	3.8	1	0.0881	2025-10-11
K4	0	0.00384643676882482	0	22.2741727157554	5.33853983994499	1.8864015969312	1.892425	0.000944003646869412		04G3B05	4.1	1	0.0705	2025-10-11
K5	0	0.00644311848674777	0	19.2997229156127	5.49390259549666	2.27494846252323	2.2732125	0.00108619567398863		04G3B05	4.4	1	0.0808	2025-10-11
K6	0	0.00569448820203178	0	21.0110102181615	5.81731405840783	2.02222433202663	2.0254375	0.00100351313394934		04G3B05	4.7	1	0.0737	2025-10-11
K7	0	0.00734934620013195	0	20.0371720880096	6.04425436791227	2.22697193791947	2.225125	0.00120337659597109		04G3B05	5	1	0.0798	2025-10-11
K8	0	0.00450779206641117	0	22.9735344419527	5.69352161426686	1.96892113792976	1.96695	0.00123529166182107		04G3B05	5.3	1	0.0779	2025-10-11
K9	0	0.00587918867313001	0	21.6158128586214	6.09249257408042	1.96157968970744	1.964425	0.0024800944717438		04G3B05	5.6	1	0.0742	2025-10-11
L1	0	0	0	0	0	0	0	0	cannot fit data	04G2A08	3.2	1	0	2025-10-11
L10	0	0.00000428935044158696	0	19.5053789331562	1.51418396076228	0.929056403208535	0.926025	0.00144854396239593		04G2A08	5.9	1	0.0351	2025-10-11
L11	0	0.0000840875185174677	0	17.8711314438025	2.19575363566049	0.72116165928315	0.73375	0.00132150626896336		04G2A08	6.2	1	0.0251	2025-10-11
L12	0	0.0000295669424972786	0	20.6738898211963	2.10469354348333	0.737773146089541	0.76785	0.00164396670456073		04G2A08	6.5	1	0.0283	2025-10-11
L13	0	0.00000000211396915644079	0	16.8347279245036	0.745586847411796	0.415479553696817	0.41615	0.00141470837566891		04G2A08	6.8	1	0.0186	2025-10-11
L14	0	0.00000186134898008071	0	15.5635748563935	1.2068602445551	0.463062691570233	0.4774625	0.00134539268013329		04G2A08	7.1	1	0.0185	2025-10-11
L15	0	0.000000158895725499379	0	17.1083328219605	1.050144700385	0.396240742654431	0.3963125	0.00109075047077692		04G2A08	7.4	1	0.0156	2025-10-11
L16	0	0.00318433679879079	0	15.0262345640258	6.93523549987564	0.550985779088257	0.5528125	0.00172886590928438		04G2A08	7.7	1	0.0193	2025-10-11
L17	0	0.00207533259039672	0	523.341979988985	21.820139481253	0.236720895544823	0.236725	0.000836633305412716		04G2A08	8	1	0.0117	2025-10-11
L18	0	0.0021055706189575	0	49.0690759903517	11.1881362333167	0.461472436318534	0.4643625	0.0012878239595571		04G2A08	8.3	1	0.0242	2025-10-11
L19	0	0.0000000000808384260484904	0	35.0663062116338	1.41067752617681	0.032287747604127	0.0326875	0.000533637110382528		04G2A08	8.6	1	0.0045	2025-10-11
L2	0	0	0	0	0	0	0	0	cannot fit data	04G2A08	3.5	1	0	2025-10-11
L20	0	0.00000122311276449883	0	40.5932205080608	3.22170382493432	0.0640388288942588	0.0628874999999999	0.000421905925451347		04G2A08	8.9	1	0.00739999999999999	2025-10-11
L21	0	0.000000000310671096329714	0	49.0326744020134	2.08119577087885	0.00650597922410719	0.00608750000000002	0.000259478262811921		04G2A08	9.2	1	0.00270000000000001	2025-10-11
L22	0	0.000309896028379646	0	358.816939087983	13.0728129323462	0.0694324883847737	0.071925	0.000370106240348982		04G2A08	9.5	1	0.00420000000000001	2025-10-11
L23	0	0.00000143927627477524	0	34.2520364934413	3.35849139939642	0.0240524412268078	0.023625	0.000270526286333359		04G2A08	9.8	1	0.00269999999999999	2025-10-11
L24	0	0.000549046729908552	0	782.993153566016	50.385932480848	0.0375457566379481	0.0375375000000002	0.000506118799896215		04G2A08	10.1	1	0.00230000000000001	2025-10-11
L3	0	0.000143779013594045	0	17.7949846131079	2.40454203483211	0.742520920851408	0.7498875	0.000553932481242827		04G2A08	3.8	1	0.0247	2025-10-11
L4	0	0.0000296824368901289	0	16.9506265963579	1.70406569686173	0.916511586315552	0.9282375	0.000704523813682085		04G2A08	4.1	1	0.0299	2025-10-11
L5	0	0.000241852577790683	0	15.2751374551346	2.32393200889458	0.765262377864254	0.774425	0.000772040961365416		04G2A08	4.4	1	0.0235	2025-10-11
L6	0	0.0000242275540263003	0	17.2024831912974	1.65653138904726	1.00466365093434	1.008525	0.000369986598319375		04G2A08	4.7	1	0.0331	2025-10-11
L7	0	0.000172308542595907	0	15.0574701004461	2.12103789379538	0.788129807625046	0.7944125	0.000823564054495753		04G2A08	5	1	0.0248	2025-10-11
L8	0	0.00000481972388375324	0	18.0950951459918	1.42043024550683	0.992168360787583	0.9875	0.00105255504725504		04G2A08	5.3	1	0.0348	2025-10-11
L9	0	0.0000415041600577339	0	18.7458080590266	2.02888817137796	0.740004289689212	0.73385	0.000925101046106463		04G2A08	5.6	1	0.0264	2025-10-11
N1	0	0.0217156752566907	0	-14.9221984331668	5.76948638054874	0.899776378155198	0.8856125	0.000321490579231809	questionable fit (k < n0)	26G3A01	3.2	1	0.0221	2025-10-11
N10	0.184402996684578	0.0126013050598732	0.245791339781189	10.6290989484413	2.82006347813966	6.87510458471528	6.8848125	0.00393181201258067		26G3A01	5.9	1	0.1887	2025-10-11
N11	0.166642159256824	0.0208406040486711	0.195807821746582	9.93496208354665	3.53993611888002	6.26329419724523	6.264275	0.0039103325418585		26G3A01	6.2	1	0.1702	2025-10-11
N12	0.185763259223713	0.0238004445483107	0.182026791540856	10.5350563760812	3.80794043938509	6.85786460133072	6.855075	0.00506260616358411		26G3A01	6.5	1	0.1951	2025-10-11
N13	0.223013976713561	0.00857524821751942	0.327472070570129	9.83028599855466	2.11666045092998	8.53021999718046	8.5407875	0.00696560758504381		26G3A01	6.8	1	0.2425	2025-10-11
N14	0.252615413399082	0.0134726708928614	0.264510131800258	10.8744317192618	2.62049387614145	9.37664995416738	9.36	0.0103803066013069		26G3A01	7.1	1	0.2839	2025-10-11
N15	0.20305586997298	0.0158622591816344	0.244374960196429	10.100055995011	2.83640836198109	7.6688509437834	7.64575	0.0115878032626973		26G3A01	7.4	1	0.2179	2025-10-11
N16	0.310959791478505	0.0201489471772728	0.133136475968218	20.0510114081001	5.2062905790402	8.65107197146978	8.6796125	0.0274991809832239		26G3A01	7.7	1	0.2919	2025-10-11
N17	0.131905473215124	0.0131909465969584	0.233016956243681	9.42931784913362	2.97466412630966	5.05445200616669	5.053275	0.00462099304322264		26G3A01	8	1	0.1379	2025-10-11
N18	0.313650762733716	0.0182625323021878	0.13281663074358	20.9570064008968	5.21882821962376	8.46555285978853	8.534675	0.0284007690183475		26G3A01	8.3	1	0.2889	2025-10-11
N19	0.118480748544283	0.00861766062571964	0.218353663969252	11.6573325599111	3.17442431677058	4.28878005854363	4.2940875	0.00404240387345583		26G3A01	8.6	1	0.1258	2025-10-11
N2	0	0.0183949282391017	0	-94.0040867992254	28.6677105069925	0.847205848049726	0.8164375	0.0013642517861585	questionable fit (k < n0)	26G3A01	3.5	1	0.0207	2025-10-11
N20	0.116437974872631	0.0124025929491665	0.147875032982625	14.3825867669	4.68738479092266	3.85419882154318	3.8497625	0.00273445765914647		26G3A01	8.9	1	0.1216	2025-10-11
N21	0.121062760514801	0.0101398779080506	0.150460427935197	15.9002555285586	4.60684041692666	3.84609318157208	3.8422375	0.00223850495761006		26G3A01	9.2	1	0.1242	2025-10-11
N22	0.157907122897321	0.0122036671275525	0.120567903906168	20.5679692536063	5.74901908470922	4.3038977904	4.30575	0.00348762486957881		26G3A01	9.5	1	0.1574	2025-10-11
N23	0.121159242209636	0.0129688047495263	0.104977582986139	20.2076108509969	6.6028113892798	3.32038016506422	3.319225	0.00156170221207212		26G3A01	9.8	1	0.1158	2025-10-11
N24	0.1120744342347	0.0137235974733973	0.0870003596745904	22.6369668552711	7.96717603412837	2.82898503755872	2.829125	0.0022974910342427		26G3A01	10.1	1	0.0986	2025-10-11
N3	0	0.0249790831621465	0	5.8746031877927	6.10355705810867	2.8540941636295	2.8476375	0.00167829217682607		26G3A01	3.8	1	0.0752	2025-10-11
N4	0.0943243775531544	0.0246525868670293	0.10952315309652	9.48579038184543	6.32877305814136	3.40308241467248	3.3943	0.00254339588959381		26G3A01	4.1	1	0.0973	2025-10-11
N5	0.131857461695781	0.0311457852159745	0.0999325505160416	11.743749259454	6.93615020311803	4.48553584780968	4.4769125	0.00154879697102355		26G3A01	4.4	1	0.1305	2025-10-11
N6	0.13006547872141	0.0181403857598583	0.16067652397556	11.325171092258	4.31392939932767	4.67667483524025	4.679975	0.00279276189254265		26G3A01	4.7	1	0.1281	2025-10-11
N7	0.131677556116886	0.0225709149039715	0.203120068066331	7.75730164136422	3.41249974538996	5.2036392218693	5.198725	0.00302534263975961		26G3A01	5	1	0.1359	2025-10-11
N8	0.142085197612853	0.0145010628427131	0.268784474765495	8.09032621092671	2.57882149318591	5.64205592821156	5.639525	0.00329829033233473		26G3A01	5.3	1	0.1474	2025-10-11
N9	0.133654529179873	0.0174794090367857	0.206035902552136	9.19293736661096	3.3642058106089	5.12272228892657	5.1283875	0.00449582353221277		26G3A01	5.6	1	0.1328	2025-10-11
O1	0	0.00169079991628376	0	-17.684103471754	9.90984197525599	0.0635503163411829	0.05765	0.000155899482658008	questionable fit (k < n0)	18G1A02	3.2	1	0.0018	2025-10-11
O10	0	0.000621999373922544	0	11.7009724414479	2.70256362652551	0.476681520641377	0.475675	0.00093811675737493		18G1A02	5.9	1	0.0148	2025-10-11
O11	0.166249121298861	0.0000217983707129412	0.202595827223475	44.1236941511657	3.42132999509098	0.975549830006168	1.1300125	0.00568727574188953		18G1A02	6.2	1	0.1072	2025-10-11
O12	0.175204319561365	0.00000231838390690504	0.265076038258106	42.3758578949086	2.6148994270279	1.14829962240879	1.3853375	0.00754522818612889		18G1A02	6.5	1	0.1401	2025-10-11
O13	0	0.0000457677103115012	0	149.969667020142	4.36848809447012	0.604327957816974	0.7035125	0.00450594963358205		18G1A02	6.8	1	0.0903	2025-10-11
O14	0	0.000130406611536128	0	9.83517134848787	1.5769781430373	0.381989369396182	0.3876125	0.00103835370143346		18G1A02	7.1	1	0.0138	2025-10-11
O15	0	0.000480950471163374	0	9.46362058595987	2.11513841657729	0.43121976491875	0.4346875	0.000824023057823528		18G1A02	7.4	1	0.0157	2025-10-11
O16	0	0.000536171697276583	0	8.67701689654898	2.08764764151539	0.397399452106316	0.4008	0.0011388824428267		18G1A02	7.7	1	0.0129	2025-10-11
O17	0	0.00127591964655343	0	3.54935256716664	1.83443328515311	0.271005274000175	0.2714375	0.00168823343007504		18G1A02	8	1	0.0133	2025-10-11
O18	0	0.00178757634917421	0	6.75139501660619	2.55398855133977	0.529956848895087	0.53245	0.00213497670025277		18G1A02	8.3	1	0.0185	2025-10-11
O19	0	0.000981387837537236	0	18.5371239828117	6.10873468521646	0.261178673274474	0.25985	0.00110825116819718		18G1A02	8.6	1	0.0093	2025-10-11
O2	0	0.00121638295423543	0	-1.34924453044348	0.494622723796314	0.0673391571827413	0.0670749999999999	0.0000893729908716874	questionable fit	18G1A02	3.5	1	0.0016	2025-10-11
O20	0	0.0000964883469020185	0	13.4549929381526	2.07970257182111	0.300179635921445	0.306275	0.00302286888016945		18G1A02	8.9	1	0.0158	2025-10-11
O21	0	0.00000385376541599762	0	22.644788120417	2.54815301749455	0.046706954078683	0.0461750000000001	0.000211715406577429		18G1A02	9.2	1	0.0025	2025-10-11
O22	0	0.00110389443653258	0	14.494458186055	4.75144864618257	0.337980640902801	0.3429625	0.00302605886112649		18G1A02	9.5	1	0.0174	2025-10-11
O23	0	0.00271643661997962	0	6.59850276173624	9.37145245196377	0.255248793455025	0.2548375	0.00123670434400124		18G1A02	9.8	1	0.0189	2025-10-11
O24	0	0.000000294349264508124	0	39.6130865983709	2.73019404121975	0.0618366833220983	0.0643250000000001	0.000531758877986586		18G1A02	10.1	1	0.0073	2025-10-11
O3	0	0.00114204738119936	0	10.3123457855613	6.00101113474212	0.17493198033222	0.17455	0.000102499731893459		18G1A02	3.8	1	0.00499999999999999	2025-10-11
O4	0	0.00139288435333072	0	27.8345483482227	9.50957303429472	0.257378142045681	0.2562875	0.000277721856735229		18G1A02	4.1	1	0.0102	2025-10-11
O5	0	0.00357655778233115	0	17.3662515964496	5.00879517992461	1.30720181496374	1.3105375	0.000983326224539744		18G1A02	4.4	1	0.0438	2025-10-11
O6	0	0.00211339739817528	0	18.3236521035235	4.30513200791028	1.25840557449612	1.2597625	0.0007155407757822		18G1A02	4.7	1	0.0442	2025-10-11
O7	0	0.00384306297923442	0	12.6051128607622	4.62098316763882	1.01643684107833	1.016425	0.000367976979135428		18G1A02	5	1	0.0289	2025-10-11
O8	0	0.000878263654114614	0	17.7382925527665	3.29398035639908	1.14082079778397	1.136525	0.000604656699278526		18G1A02	5.3	1	0.0385	2025-10-11
O9	0	0.00260239455373435	0	25.6420544055644	6.45821336592222	0.988333225746438	0.9758375	0.00188395228624435		18G1A02	5.6	1	0.0441	2025-10-11
