sample	k	n0	r	t_mid	t_gen	auc_l	auc_e	sigma	note	strain	pH	replicate	max.OD	date
A1	0	0.0184744385611917	0	-2.96382524731243	3.6723479070248	1.33001971332623	1.32625013888889	0.0029426818451267	questionable fit	26G3A06	3.2	1	0.035	2025-10-18
A10	0.196658632120815	0.0168413427716515	0.241029494808974	9.82495746176205	2.87577742761024	7.47474342035691	7.49012652777778	0.00596727980629315		26G3A06	5.9	1	0.204	2025-10-18
A11	0.191174104187484	0.0134770027345402	0.297031601248193	8.68290000469633	2.33358059427746	7.50850314968564	7.55487638888889	0.0169336825470137		26G3A06	6.2	1	0.214	2025-10-18
A12	0.190767361640758	0.0205378737630819	0.2075280913601	10.1907975893534	3.34001616849646	7.14745296554559	7.15675097222222	0.00533438545440282		26G3A06	6.5	1	0.193	2025-10-18
A13	0.226083054325637	0.00914603143568195	0.412096004751407	7.68337231006694	1.68200412663083	9.13853524365408	9.16312583333334	0.0197989792232742		26G3A06	6.8	1	0.259	2025-10-18
A14	0.230580183103987	0.0124071155319344	0.322910549521855	8.87867707872985	2.14656096428659	9.02831373523193	9.03062583333334	0.00533905454694445		26G3A06	7.1	1	0.237	2025-10-18
A15	0.201400599371707	0.0121012132472919	0.370146635547786	7.42955314269242	1.87262861253391	8.17842722783112	8.18050041666667	0.00942082977646188		26G3A06	7.4	1	0.215	2025-10-18
A16	0.198197490646676	0.0132519909100652	0.324502517216067	8.12293664087306	2.1360302117423	7.90184348304513	7.89500013888888	0.00885969303322981		26G3A06	7.7	1	0.215	2025-10-18
A17	0.176395341587144	0.00951286896338481	0.262063164170116	10.9311215383532	2.64496226608176	6.53761265947304	6.54475097222222	0.00533055410809341		26G3A06	8	1	0.181	2025-10-18
A18	0.171234129098689	0.0107921733420794	0.292324634791843	9.23326578972418	2.37115555127099	6.63511683230898	6.63287583333333	0.00445315043210642		26G3A06	8.3	1	0.181	2025-10-18
A19	0.176055059602456	0.012895008454162	0.252330220953717	10.0578175828242	2.74698439980792	6.66292968329774	6.65075069444444	0.00482313372720664		26G3A06	8.6	1	0.189	2025-10-18
A2	0	0.0188604958535064	0	-0.404697986068236	0.451984362220941	1.38980128410188	1.35625	0.00432847276155721	questionable fit	26G3A06	3.5	1	0.038	2025-10-18
A20	0.172118907467735	0.0171018279474729	0.179090311638342	12.3085940597669	3.87037787928862	6.0793763245083	6.05875097222222	0.00520715096627594		26G3A06	8.9	1	0.186	2025-10-18
A21	0	0.0185282892723792	0	13.1760603375391	4.14035380523415	6.42734499329467	6.41837583333333	0.0106481873395278		26G3A06	9.2	1	0.207	2025-10-18
A22	0	0.0302462286800422	0	12.9418998167152	4.52321039914479	8.61351238272133	8.59587625	0.0113686494601168		26G3A06	9.5	1	0.248	2025-10-18
A23	0	0.0383401201886265	0	5.0309906217118	2.13948205853848	9.97386665401994	9.95087513888889	0.0114215069143509		26G3A06	9.8	1	0.255	2025-10-18
A24	0	0.055402398295251	0	4.51525547303165	2.76472340516947	9.67545623343621	9.64562513888889	0.0146315526140991		26G3A06	10.1	1	0.249	2025-10-18
A3	0.0991886775811523	0.0232227683198107	0.291904866882964	4.06006072951281	2.37456534370787	4.2880140234649	4.28437527777778	0.00325054899242048		26G3A06	3.8	1	0.105	2025-10-18
A4	0.0983747168790564	0.0161260123360862	0.311918209555894	5.22352959245342	2.2222081280437	4.17179757666223	4.17012527777779	0.00309174361216573		26G3A06	4.1	1	0.102	2025-10-18
A5	0.125498064793886	0.0235199107336227	0.262280649182201	5.59290703052398	2.64276904423258	5.24840566651207	5.24025013888889	0.00361302995670653		26G3A06	4.4	1	0.135	2025-10-18
A6	0.142542948424778	0.0274704565967263	0.184223569714551	7.77561293644538	3.76253256645692	5.59768993179174	5.58012527777778	0.00765313737816424		26G3A06	4.7	1	0.16	2025-10-18
A7	0.1352852913141	0.0219662060312876	0.302519601059996	5.42345822988286	2.29124717251786	5.70844359829268	5.70187513888889	0.0023854610560154		26G3A06	5	1	0.138	2025-10-18
A8	0.153368084039646	0.0173805544034401	0.296624791851587	6.93539861108168	2.3367810095481	6.26721075787693	6.26712555555555	0.00336508962596613		26G3A06	5.3	1	0.16	2025-10-18
A9	0.162818160597745	0.0109610906531961	0.247084583985129	10.6384134454279	2.80530322604693	6.07061310210945	6.12387569444444	0.0119041279204045		26G3A06	5.6	1	0.173	2025-10-18
B1	0	0.022	0	-9.32164848125023	9.32164848125023	0.630723010894159	0.572499861111109	0.00425821274234989	questionable fit (k < n0)	26G3A06	3.2	2	0.022	2025-10-18
B10	0.180468661787328	0.0100762137887343	0.275435920852716	10.267094827415	2.51654605693421	6.80892808340696	6.83862638888888	0.00645408652099004		26G3A06	5.9	2	0.183	2025-10-18
B11	0.172834116938164	0.0145991257353377	0.271213811699762	8.78686654448232	2.55572227762231	6.75652577766921	6.79425097222223	0.0167503721828308		26G3A06	6.2	2	0.192	2025-10-18
B12	0.158282367985917	0.0117278127655501	0.240385416300768	10.5057728056233	2.88348266390955	5.91646580130253	5.95362569444444	0.0125457728550503		26G3A06	6.5	2	0.172	2025-10-18
B13	0.187879770743353	0.00905590752162148	0.374144269152087	7.97281758245137	1.85262006586605	7.53395406615859	7.57425069444445	0.0219313589054309		26G3A06	6.8	2	0.225	2025-10-18
B14	0.187066881396498	0.0144598329091541	0.262466299952242	9.4474717482164	2.6408997295503	7.19288730561563	7.20550055555556	0.00708429133746354		26G3A06	7.1	2	0.2	2025-10-18
B15	0.162161454578328	0.0108996485325792	0.396496299253067	6.63381123940579	1.74818070651787	6.71274204068623	6.72750027777778	0.0056652642923944		26G3A06	7.4	2	0.168	2025-10-18
B16	0.17022203440218	0.00995841606603691	0.360413768265396	7.70892315780043	1.92319839471154	6.86480580807718	6.87375069444444	0.00758779236904944		26G3A06	7.7	2	0.184	2025-10-18
B17	0.149415542764566	0.00761937964804374	0.294955242038449	9.91233646075558	2.35000800721348	5.69496964067897	5.72025097222222	0.00486451090064008		26G3A06	8	2	0.152	2025-10-18
B18	0.174073592361839	0.0121728864913004	0.256050803014692	10.1064793797452	2.70706895818707	6.58265246323493	6.57700097222221	0.00466454059659669		26G3A06	8.3	2	0.184	2025-10-18
B19	0.154204704232636	0.0143038880795443	0.239361831379549	9.52700899871756	2.89581332397496	5.90163247445693	5.89337555555556	0.00433980260965525		26G3A06	8.6	2	0.163	2025-10-18
B2	0	0.0142997668932387	0	-0.0550370368160771	0.19014064114796	1.24905877506323	1.129125	0.00666940179113626	questionable fit	26G3A06	3.5	2	0.032	2025-10-18
B20	0.174563479531722	0.0148325197982961	0.183520515005447	12.9504259741486	3.77694657482501	6.07112162238206	6.05387583333333	0.00411374575427463		26G3A06	8.9	2	0.183	2025-10-18
B21	0	0.015416036349626	0	11.2966347764818	3.80119231320602	4.94406237876863	4.93512583333333	0.00285263431267887		26G3A06	9.2	2	0.143	2025-10-18
B22	0	0.0133566471160858	0	12.8232198674768	4.04355605337854	4.64947657708456	4.64512541666667	0.00620466714414566		26G3A06	9.5	2	0.145	2025-10-18
B23	0	0.0352900036327502	0	11.0260814302852	4.36729928913704	8.62560442157093	8.59925083333333	0.0116708916914725		26G3A06	9.8	2	0.24	2025-10-18
B24	0	0.029964105745551	0	6.62150922616981	2.46834928980336	9.13069885135322	9.10200069444445	0.00851887966125506		26G3A06	10.1	2	0.23	2025-10-18
B3	0.0977543999615985	0.0198376782608276	0.321735833573182	4.25211422290671	2.15439844813643	4.22764605414924	4.22750027777778	0.0034267210618923		26G3A06	3.8	2	0.104	2025-10-18
B4	0.0943434041348835	0.0125187133248866	0.317228204334778	5.917993498812	2.1850112035702	3.94713594626672	3.94962541666667	0.00315327917601243		26G3A06	4.1	2	0.099	2025-10-18
B5	0.119229012805801	0.0179786326418417	0.282584815261565	6.11643793306709	2.45288190704216	4.94918431065677	4.94812527777778	0.00180722755615759		26G3A06	4.4	2	0.121	2025-10-18
B6	0.132555899842138	0.0249990996597973	0.165826464271598	8.79943546776202	4.17995513324507	5.05750789612742	5.04375041666666	0.00535207639664977		26G3A06	4.7	2	0.144	2025-10-18
B7	0.127164311339419	0.0169958036441341	0.347166186155677	5.38371732962242	1.99658609680703	5.39275214741997	5.39237527777778	0.00192666168751139		26G3A06	5	2	0.131	2025-10-18
B8	0.147882069352797	0.0150683954082121	0.29340799456609	7.41747909882021	2.3624004573734	5.97753965334906	5.98275069444445	0.00344844598006045		26G3A06	5.3	2	0.155	2025-10-18
B9	0.138736181737467	0.0159887257651268	0.224860503268645	9.06448743718898	3.08256528151513	5.35471247884537	5.38562541666666	0.0143381979009638		26G3A06	5.6	2	0.153	2025-10-18
C1	0	0.023	0	-13.1001596205135	12.3106720669937	0.71025077417461	0.614624999999999	0.00504246318706653	questionable fit (k < n0)	26G3A06	3.2	3	0.023	2025-10-18
C10	0.18005849391637	0.012551524120202	0.257310056526697	10.0702743377194	2.69382079315672	6.81590625589576	6.83225138888889	0.00874266862357703		26G3A06	5.9	3	0.205	2025-10-18
C11	0.167839339562045	0.0145446077613982	0.273185241549294	8.62104439574119	2.53727901488731	6.5880204295947	6.62275097222222	0.0172310788901381		26G3A06	6.2	3	0.188	2025-10-18
C12	0.148336926609352	0.0137799296867847	0.21615283909574	10.5424232442856	3.2067456687577	5.52000047061692	5.54725041666667	0.0114612207433749		26G3A06	6.5	3	0.159	2025-10-18
C13	0.16041334597457	0.0148581688354967	0.316470802011616	7.2107929723855	2.19024054084618	6.52670628462838	6.55012541666667	0.0202696587069075		26G3A06	6.8	3	0.19	2025-10-18
C14	0.166700007693557	0.0172371976746176	0.23463946141484	9.20551846777002	2.95409466242538	6.42369841737266	6.43000027777778	0.0061528250120215		26G3A06	7.1	3	0.173	2025-10-18
C15	0.153509305658394	0.0103775306332466	0.396367605127863	6.62042690378399	1.74874831240647	6.35646776162018	6.37650027777778	0.00737479199258632		26G3A06	7.4	3	0.161	2025-10-18
C16	0.143530691334463	0.0071821441018045	0.429317417223078	6.85650378146617	1.61453310010895	5.91757610202644	5.93675041666666	0.00651838811254254		26G3A06	7.7	3	0.152	2025-10-18
C17	0.142231524200272	0.00634209464342116	0.321529686887104	9.53141362305333	2.1557797268136	5.48038734290339	5.51700097222222	0.00646724186900246		26G3A06	8	3	0.146	2025-10-18
C18	0.158338532723786	0.00947585810591384	0.293054836295387	9.39850355923177	2.36524736913498	6.11118321302142	6.12587708333334	0.00379961652184775		26G3A06	8.3	3	0.16	2025-10-18
C19	0.184186869055648	0.0145964271971659	0.215561188356398	11.3777883544776	3.21554722278637	6.71279497734595	6.70662680555555	0.004070528654755		26G3A06	8.6	3	0.192	2025-10-18
C2	0	0.0143330968351888	0	-0.10099992639456	0.236972788059661	1.20036332843731	1.10875013888889	0.00524188215129425	questionable fit	26G3A06	3.5	3	0.03	2025-10-18
C20	0.17169826854626	0.0165073975614634	0.163938809257678	13.6688022665262	4.22808475734664	5.82752491951746	5.81637569444444	0.00251937907887348		26G3A06	8.9	3	0.176	2025-10-18
C21	0	0.0169520003812986	0	12.5592179830912	4.1959435088341	5.30930509741476	5.30437555555556	0.00189296183292604		26G3A06	9.2	3	0.153	2025-10-18
C22	0	0.0121956712299755	0	12.5008694541491	4.08774460922442	3.98762183458492	3.98625041666667	0.001643557261935		26G3A06	9.5	3	0.114	2025-10-18
C23	0	0.0132352582725461	0	9.01700263894248	3.40038820397098	3.70840302525954	3.71200041666667	0.00646751820716006		26G3A06	9.8	3	0.116	2025-10-18
C24	0	0.0195806111094957	0	13.1386342705306	4.22668842382277	6.48612896441344	6.49425138888889	0.0159674451643106		26G3A06	10.1	3	0.198	2025-10-18
C3	0.0978505402129647	0.0182550633286713	0.302862090965785	4.86199768106745	2.28865612843653	4.17439755512757	4.17500027777778	0.00316034810123372		26G3A06	3.8	3	0.103	2025-10-18
C4	0.0974902410466136	0.0148321837545223	0.31464569495474	5.4598328728272	2.20294506384285	4.1160738068913	4.11687541666667	0.00292323425991583		26G3A06	4.1	3	0.1	2025-10-18
C5	0.117684270245079	0.0177909635575132	0.29840083737841	5.78219563778655	2.32287277291031	4.92782487691043	4.92675013888889	0.00153071807590484		26G3A06	4.4	3	0.12	2025-10-18
C6	0.132902655701043	0.0242130906135028	0.181285726218606	8.28307005815259	3.82350665448479	5.15877649550379	5.14612541666667	0.00484301257222809		26G3A06	4.7	3	0.142	2025-10-18
C7	0.124058141511202	0.0184603456945301	0.330501129847974	5.27687316327194	2.09726115271915	5.26507351269328	5.26275013888889	0.00241521490608512		26G3A06	5	3	0.128	2025-10-18
C8	0.134048675201943	0.0135349368212758	0.345025600020754	6.33718049474186	2.00897319073788	5.57093514919507	5.57587555555556	0.00459544857431712		26G3A06	5.3	3	0.139	2025-10-18
C9	0.131201190303085	0.01753859610838	0.221711962275041	8.42909149460525	3.12634092201157	5.13378090456879	5.15537527777778	0.0140299471446609		26G3A06	5.6	3	0.147	2025-10-18
D1	0	0	0	0	0	0	0	0	cannot fit data	19G1B04	3.2	1	0.01	2025-10-18
D10	0.205704756266309	0.0165605017566959	0.196568331245707	12.3900402066559	3.52624034689252	7.28033378255994	7.24287541666666	0.00856687037468201		19G1B04	5.9	1	0.215	2025-10-18
D11	0.173793154198051	0.0139524602082681	0.249068869167644	9.79055236041493	2.78295389896118	6.6177733352167	6.60625027777778	0.00773927810616519		19G1B04	6.2	1	0.186	2025-10-18
D12	0.159387842322277	0.012477557410576	0.237926361785871	10.3640910227626	2.91328449423257	5.97680944754914	5.95462569444444	0.00960420979143627		19G1B04	6.5	1	0.177	2025-10-18
D13	0.128852495682237	0.0042606986569922	0.400468862137298	8.42914378131515	1.73083913905472	5.1143634343105	5.13775041666667	0.00739752183148945		19G1B04	6.8	1	0.139	2025-10-18
D14	0.135760935696222	0.00749322805833417	0.221009269295321	12.8506820900413	3.13628103821173	4.76506963975066	4.78162555555556	0.00570674889616338		19G1B04	7.1	1	0.149	2025-10-18
D15	0	0.0093664212934365	0	6.37831512108194	2.52726037791937	2.6078277613533	2.61812555555555	0.0188286206985598		19G1B04	7.4	1	0.093	2025-10-18
D16	0	0.00930619509922107	0	0.235444568878003	2.34981088870725	0.88185102485421	0.880250138888888	0.00162010554861756		19G1B04	7.7	1	0.024	2025-10-18
D17	0	0.011610673898487	0	-0.629221656632895	0.44836145655585	0.767956818526944	0.750875138888888	0.00333225394505263	questionable fit	19G1B04	8	1	0.021	2025-10-18
D18	0	0.00618163371883554	0	0.493194655993681	1.36479881364589	0.657812067121772	0.656500277777778	0.00294434361796582		19G1B04	8.3	1	0.031	2025-10-18
D19	0	0.00521293176390057	0	1.42801570783408	1.43233491637863	0.717405628096249	0.716500138888888	0.00191366820252843		19G1B04	8.6	1	0.021	2025-10-18
D2	0	0.00885629239120894	0	5.44154897566504	2.85886131576252	1.75448100549679	1.75162513888889	0.000815312889509325		19G1B04	3.5	1	0.044	2025-10-18
D20	0	0.00652457527695164	0	0.973212235505594	1.74415327650344	0.74081191776583	0.739125138888889	0.00238462908896206		19G1B04	8.9	1	0.031	2025-10-18
D21	0	0.0071755496653494	0	1.11423739555382	1.90262995039465	0.819833613487628	0.818625277777778	0.00216201151531662		19G1B04	9.2	1	0.022	2025-10-18
D22	0	0.00393343957191258	0	3.96700716234516	2.73004872533148	0.632397080906292	0.631250138888889	0.0014308968609241		19G1B04	9.5	1	0.018	2025-10-18
D23	0	0.00808364216825022	0	1.39920935202132	1.95094985833637	0.971789686431566	0.969750138888889	0.00217527926476		19G1B04	9.8	1	0.028	2025-10-18
D24	0	0.00464288783514819	0	3.47777129702228	2.06611065169449	0.858768765388136	0.857000277777778	0.00467254409443776		19G1B04	10.1	1	0.037	2025-10-18
D3	0.180825508951077	0.0244361818727679	0.17205087278494	10.7891558872539	4.0287338816721	6.61478134544994	6.59262527777778	0.00571535566176244		19G1B04	3.8	1	0.183	2025-10-18
D4	0.20457121717383	0.0182098135848609	0.182837544031158	12.7201837791154	3.79105497305205	7.15650625980702	7.12237555555555	0.00658019047852981		19G1B04	4.1	1	0.209	2025-10-18
D5	0.222509860183305	0.0250116693268307	0.167183785627719	12.3599721544974	4.14601917259746	7.82042682437033	7.78887541666667	0.00721381088583273		19G1B04	4.4	1	0.229	2025-10-18
D6	0.218982474744159	0.018918098084208	0.194140093766495	12.1485475659184	3.57034534759028	7.79478439612026	7.75550041666667	0.00869427764095138		19G1B04	4.7	1	0.228	2025-10-18
D7	0.228206582303862	0.0213166045929392	0.186190315062062	12.2063320811966	3.72278859042105	8.09637991112196	8.07537527777778	0.00829076393563847		19G1B04	5	1	0.233	2025-10-18
D8	0.229558728465662	0.0161759975678078	0.207460784788649	12.4339590379617	3.34109977105356	8.13129821792005	8.11112513888888	0.0134505346314628		19G1B04	5.3	1	0.239	2025-10-18
D9	0.204039850566086	0.0189303561418478	0.212671698736805	10.7215992848506	3.25923564196363	7.55496598777313	7.54287513888888	0.0106834927139707		19G1B04	5.6	1	0.216	2025-10-18
E1	0	0	0	0	0	0	0	0	cannot fit data	19G1B04	3.2	2	0.00899999999999999	2025-10-18
E10	0.198901824145313	0.0214212868236235	0.179551785488299	11.776412076587	3.86043045283511	7.12102444134166	7.08650041666667	0.00891359412558591		19G1B04	5.9	2	0.207	2025-10-18
E11	0.167391592807911	0.0122549745412761	0.281207844973224	9.02668343963885	2.46489275797389	6.51282663944361	6.50712541666667	0.00786932481123547		19G1B04	6.2	2	0.185	2025-10-18
E12	0.153025752428131	0.00898489354983081	0.300765565676952	9.2249667034572	2.3046095020879	5.93412420405998	5.93137541666667	0.00590319735464296		19G1B04	6.5	2	0.164	2025-10-18
E13	0.127827164061851	0.00485103811471032	0.426534934071202	7.57920923702636	1.6250654405818	5.18144956519357	5.20225083333333	0.007582025047945		19G1B04	6.8	2	0.138	2025-10-18
E14	0.129522871474249	0.00859172852338381	0.228847289982125	11.5553973851943	3.02886339888091	4.70820803902073	4.72212541666666	0.00482619222300691		19G1B04	7.1	2	0.141	2025-10-18
E15	0	0.0167831530644058	0	3.7818527369596	2.64347375292899	2.68068746926134	2.68287513888889	0.0187096310399395		19G1B04	7.4	2	0.093	2025-10-18
E16	0	0.00856631367422602	0	2.68430184068501	1.41060881343564	1.82864504038206	1.83062527777778	0.00938002531621817		19G1B04	7.7	2	0.06	2025-10-18
E17	0	0.0124388439103943	0	-0.689031880740872	1.99495482467851	1.03441730163382	1.03312527777778	0.00457104447218799	questionable fit	19G1B04	8	2	0.031	2025-10-18
E18	0	0.00666189061181293	0	1.07209427732012	1.30865456601152	0.852410410167737	0.851375	0.00174343662130783		19G1B04	8.3	2	0.022	2025-10-18
E19	0	0.00690894419420851	0	0.778389261641293	1.11871272674311	0.844364272485775	0.843375	0.0026214408130013		19G1B04	8.6	2	0.024	2025-10-18
E2	0	0.00799630846113066	0	3.54117500944558	1.90505535625749	1.6277899497808	1.626	0.000611302511857978		19G1B04	3.5	2	0.038	2025-10-18
E20	0	0.00614498114856152	0	2.02455904602011	1.52736047178259	0.979048537803302	0.97825	0.00149049456434644		19G1B04	8.9	2	0.027	2025-10-18
E21	0	0.0128538917037428	0	-0.214890591636205	0.629662956042845	1.09655179739801	1.09262513888889	0.00282613289617601	questionable fit	19G1B04	9.2	2	0.035	2025-10-18
E22	0	0.0109916218026373	0	0.00425645493053294	1.93680331199701	1.01784737917054	1.00274958333333	0.00180393746325441		19G1B04	9.5	2	0.026	2025-10-18
E23	0	0.01111901263304	0	-0.39411742858572	1.64653510151271	0.960098617390624	0.957625138888889	0.00172620693879877	questionable fit	19G1B04	9.8	2	0.025	2025-10-18
E24	0	0.00663245221420556	0	-0.351087317330654	2.15864034703828	0.580379789211628	0.578750138888889	0.001271048699459	questionable fit	19G1B04	10.1	2	0.016	2025-10-18
E3	0.168848826104449	0.0241458529456795	0.179098387560096	9.99769210765682	3.87020335583625	6.30672862030745	6.28600041666667	0.00603565227090063		19G1B04	3.8	2	0.171	2025-10-18
E4	0.20852836765009	0.0230648302118102	0.17335449653853	12.0247780414328	3.99843785076487	7.40581403577982	7.37237541666666	0.00724520270459418		19G1B04	4.1	2	0.213	2025-10-18
E5	0.212248126923844	0.0259821080669054	0.162549614244726	12.1179476194721	4.26421916644095	7.4925420170676	7.45900041666667	0.00732162778608053		19G1B04	4.4	2	0.219	2025-10-18
E6	0.214883323956583	0.0238210533710703	0.175692104257491	11.850444973852	3.94523808277736	7.67027935274229	7.63337527777777	0.00836343453710772		19G1B04	4.7	2	0.222	2025-10-18
E7	0.20157915234372	0.0213115292158184	0.196133639713142	10.8864259133064	3.53405556320536	7.40842933586454	7.37862541666666	0.00696440973779466		19G1B04	5	2	0.209	2025-10-18
E8	0.22856387183366	0.0207349968364103	0.187529207449259	12.2908431969077	3.69620919315992	8.09415282073385	8.07837527777778	0.0116230525710568		19G1B04	5.3	2	0.237	2025-10-18
E9	0.192269515028428	0.020107080230935	0.214162952265956	10.0267875160566	3.23654102274033	7.24153781979542	7.22425027777778	0.00698906096320031		19G1B04	5.6	2	0.201	2025-10-18
F1	0	0.0079089127342656	0	-34.7962018193314	16.9677295143111	0.324766939521494	0.303374999999999	0.000926248638119309	questionable fit (k < n0)	19G1B04	3.2	3	0.00899999999999999	2025-10-18
F10	0.209604715774063	0.0211902442066276	0.172188388727965	12.690189457575	4.02551638749014	7.31696083453617	7.28687541666666	0.00887196118003901		19G1B04	5.9	3	0.217	2025-10-18
F11	0.160535906055016	0.0102387345943673	0.314051619167716	8.55412383226786	2.20711226516485	6.33165857185063	6.33187541666667	0.0062266862537866		19G1B04	6.2	3	0.172	2025-10-18
F12	0.159503751146562	0.0147293437402706	0.214389431615276	10.6597374030691	3.23312196565642	5.91671766668418	5.88737527777778	0.00899772202923194		19G1B04	6.5	3	0.173	2025-10-18
F13	0.115200647632094	0.00348833682332529	0.459287643163978	7.54756174489306	1.50917881392353	4.67601874994959	4.70350055555556	0.010003099450367		19G1B04	6.8	3	0.127	2025-10-18
F14	0.126043787259474	0.00941033659419795	0.245479569605812	10.2543254330249	2.8236450865259	4.7436169518207	4.75300055555556	0.00610462443265503		19G1B04	7.1	3	0.141	2025-10-18
F15	0	0.0111262411623188	0	5.32914113891717	2.39021889664908	2.67214684138813	2.67900027777778	0.0185734730234982		19G1B04	7.4	3	0.092	2025-10-18
F16	0	0.00929141117767821	0	1.19396013376786	1.10959419177858	1.33971688955178	1.33875	0.00702203605571538		19G1B04	7.7	3	0.046	2025-10-18
F17	0	0	0	0	0	0	0	0	cannot fit data	19G1B04	8	3	0.027	2025-10-18
F18	0	0.00703415311892315	0	0.745454355037982	1.15691776700931	0.84074882019363	0.83925	0.00214246250589143		19G1B04	8.3	3	0.025	2025-10-18
F19	0	0.00537362415296694	0	0.912981255475844	1.00030218062503	0.723018770180992	0.722125138888889	0.00457280217578766		19G1B04	8.6	3	0.027	2025-10-18
F2	0	0.00717931768629446	0	4.30739297931072	2.09401275413161	1.60246303630171	1.60175	0.000818222363856514		19G1B04	3.5	3	0.038	2025-10-18
F20	0	0.00543841734901033	0	1.89621970772254	1.21932223298143	0.980887379547679	0.980000277777777	0.00135678851165603		19G1B04	8.9	3	0.028	2025-10-18
F21	0	0.00940295230077746	0	0.492940280469509	1.25920382635421	1.01473855029825	1.013125	0.00426582765457115		19G1B04	9.2	3	0.031	2025-10-18
F22	0	0.00889026407524249	0	0.99857707884603	2.04160618265662	0.97486660152077	0.972750277777777	0.0019503926682219		19G1B04	9.5	3	0.028	2025-10-18
F23	0	0.0110423740264458	0	-0.528137623364143	1.68777188030002	0.932135900562687	0.929375694444444	0.0030729313604728	questionable fit	19G1B04	9.8	3	0.029	2025-10-18
F24	0	0.00563025770633805	0	1.24344662705686	1.67507243593969	0.689675078607686	0.688250138888889	0.00135245130905684		19G1B04	10.1	3	0.018	2025-10-18
F3	0.191160441081171	0.0288907586709952	0.174870383615419	9.86866870701304	3.96377686277819	7.15055930221481	7.13575055555556	0.0037305171910121		19G1B04	3.8	3	0.192	2025-10-18
F4	0.208513081376648	0.0219900631968613	0.178405674351367	11.9837218331935	3.88523057397157	7.42412139887887	7.38862541666666	0.00721768290600672		19G1B04	4.1	3	0.215	2025-10-18
F5	0.221246488492081	0.0270128291067091	0.167886061606891	11.7505285430109	4.12867616242596	7.89665304590654	7.85900041666667	0.00886642951273057		19G1B04	4.4	3	0.23	2025-10-18
F6	0.219741927551607	0.0246687482841289	0.170905818199586	12.0992813314982	4.0557260593111	7.78345777319857	7.74212527777778	0.00994484530789546		19G1B04	4.7	3	0.227	2025-10-18
F7	0.229229996701398	0.0241707931002415	0.175665726684044	12.1717182302291	3.94583049092243	8.11676563103346	8.09287527777778	0.00864871598390383		19G1B04	5	3	0.236	2025-10-18
F8	0.20676376984594	0.0231917666792597	0.187430688258422	11.0377316885077	3.69815203156199	7.55458561722878	7.525125	0.010308910948348		19G1B04	5.3	3	0.217	2025-10-18
F9	0.202059707515376	0.0186695964727667	0.237299524622185	9.62799777284296	2.92098006375502	7.71234118068192	7.70700013888889	0.0158413517699757		19G1B04	5.6	3	0.227	2025-10-18
G1	0	0.001	0	-0.962883152001368	85704.3307470162	0.00378724896332322	0.002	0.000163315556650542	questionable fit (k < n0)	39G1A08	3.2	1	0.001	2025-10-18
G10	0.127406659749997	0.00905565488177726	0.0902380399141866	28.4831698209111	7.68131911130943	2.62866223412508	2.63600013888889	0.00231679266252409		39G1A08	5.9	1	0.106	2025-10-18
G11	0	0.00535937185831114	0	13.4802096983204	4.18628364915796	1.88729561871882	1.901375	0.00549081921522698		39G1A08	6.2	1	0.065	2025-10-18
G12	0.0929682907097232	0.00868340994921289	0.0892740074639722	25.4585658273769	7.76426644496356	2.14098542353166	2.15137513888889	0.00376807977827626		39G1A08	6.5	1	0.08	2025-10-18
G13	0	0.0019862096754015	0	4.49861445459849	1.78825382657902	0.577684709857705	0.579000138888889	0.00579149873234297		39G1A08	6.8	1	0.023	2025-10-18
G14	0	0.0067609098355488	0	4.20517647973361	4.57933036091072	0.805017360672249	0.806	0.00372763237943621		39G1A08	7.1	1	0.026	2025-10-18
G15	0	0.016	0	-0.174052976025013	0.0720705065975113	0.626942051929082	0.463624861111111	0.00675167967269296	questionable fit (k < n0)	39G1A08	7.4	1	0.016	2025-10-18
G16	0	0.00484645956893135	0	5.91183538839239	5.13391303808018	0.617714134623144	0.617124861111111	0.00288973055094617		39G1A08	7.7	1	0.021	2025-10-18
G17	0	0.0010142106440804	0	0.706166845910847	0.253645887469156	0.379591584871092	0.3565	0.00298507896243575		39G1A08	8	1	0.012	2025-10-18
G18	0	0.00291773884121381	0	888.145263611475	55.1901454775445	0.193290324094401	0.192374861111111	0.00150628093374021		39G1A08	8.3	1	0.013	2025-10-18
G19	0	0.00113746004271896	0	6.36832240355267	1.8522306587463	0.560220745216912	0.559	0.00138457710791331		39G1A08	8.6	1	0.017	2025-10-18
G2	0	0.00435126947795006	0	1.23488319286984	4.21859952580361	0.419591300184578	0.419	0.000630767531882105		39G1A08	3.5	1	0.01	2025-10-18
G20	0	0.000297951690035552	0	0.481776458913034	0.144156447628017	0.158341522919901	0.158375416666667	0.000745276587932487		39G1A08	8.9	1	0.006	2025-10-18
G21	0	0.00470716575043279	0	-40.7547286358172	14.9026062023218	0.205435280985836	0.181500138888889	0.000920103840647557	questionable fit (k < n0)	39G1A08	9.2	1	0.006	2025-10-18
G22	0	0.00700000000000001	0	-0.392968980073849	0.421942116262203	0.161998262971998	0.160874722222222	0.00129011269944347	questionable fit (k < n0)	39G1A08	9.5	1	0.00700000000000001	2025-10-18
G23	0	0.00473742151675069	0	4.78117371183142	2.67403347637336	0.895428495370481	0.895874305555555	0.00220849011168827		39G1A08	9.8	1	0.026	2025-10-18
G24	0	0	0	0	0	0	0	0	cannot fit data	39G1A08	10.1	1	0.00700000000000001	2025-10-18
G3	0.104629063273814	0.00668182747963728	0.105988909162652	25.3331921207147	6.53980860861805	2.41164373409537	2.42650013888889	0.00276527104953063		39G1A08	3.8	1	0.092	2025-10-18
G4	0	0.00154767436535674	0	22.4920428374338	4.07586725997214	1.85989557142661	1.87937513888889	0.00193290932331982		39G1A08	4.1	1	0.071	2025-10-18
G5	0	0.00358660022518994	0	20.2400429935952	4.52689726601272	2.30822448062899	2.30962513888889	0.00251478968545456		39G1A08	4.4	1	0.086	2025-10-18
G6	0	0.00241797059687498	0	21.1023633382713	4.21248009922018	2.16710652337472	2.17125013888889	0.0022639991630496		39G1A08	4.7	1	0.084	2025-10-18
G7	0.0991373919685594	0.00428038354660363	0.160737160791211	19.2757415190081	4.31230200376817	2.84659149027268	2.86025013888889	0.00276102588072375		39G1A08	5	1	0.101	2025-10-18
G8	0.0972970751238592	0.00193009996429424	0.178458311560003	21.8547430800566	3.88408460497446	2.55777654064219	2.57925013888889	0.00237748702095481		39G1A08	5.3	1	0.098	2025-10-18
G9	0	0.00391981943412405	0	17.8753446588343	4.30747642249173	2.20766701664514	2.23075013888889	0.00399049578816711		39G1A08	5.6	1	0.074	2025-10-18
H1	0	0.001	0	-0.95150184185678	109391.56838503	0.0037535401966459	0.002	0.000164466899143	questionable fit (k < n0)	39G1A08	3.2	2	0.001	2025-10-18
H10	0.0967200851698578	0.0033002099714225	0.13016346388598	25.6839970694877	5.32520539839909	2.19101213628699	2.20325013888889	0.00174896277435473		39G1A08	5.9	2	0.091	2025-10-18
H11	0	0.00595881714996009	0	16.5828449822956	5.0808142536428	1.95860761940322	1.97025013888889	0.00345396590181823		39G1A08	6.2	2	0.064	2025-10-18
H12	0.106953003789688	0.00421055352552539	0.0970619320577881	32.9133285151191	7.14128768987685	1.81633581225406	1.82	0.00137432112955902		39G1A08	6.5	2	0.084	2025-10-18
H13	0	0.00240429371650388	0	4.49462602064151	2.04386542790496	0.579849301675287	0.581375	0.00594405450327493		39G1A08	6.8	2	0.024	2025-10-18
H14	0	0.00806806714155016	0	0.611597712793281	4.16763585315496	0.743337050936112	0.72499986111111	0.00279314913040467		39G1A08	7.1	2	0.021	2025-10-18
H15	0	0.0228394231828972	0	-0.221887392559059	0.182641321707361	0.628591759677377	0.516875	0.00741759678673121	questionable fit (k < n0)	39G1A08	7.4	2	0.024	2025-10-18
H16	0	0	0	0	0	0	0	0	cannot fit data	39G1A08	7.7	2	0.011	2025-10-18
H17	0	0.00900000000000001	0	-0.51377356879197	0.439150858523903	0.242885603961603	0.218625	0.00211490070176843	questionable fit (k < n0)	39G1A08	8	2	0.00900000000000001	2025-10-18
H18	0	0.00052112014388128	0	5.92076826523153	3.5734142305019	0.0884490998270402	0.0883750000000001	0.000646063533588864		39G1A08	8.3	2	0.003	2025-10-18
H19	0	0.000994707763400791	0	1268.51327633558	75.6290415362064	0.060290119456397	0.0599998611111112	0.00114387536701319		39G1A08	8.6	2	0.005	2025-10-18
H2	0	0.0042377128561836	0	-0.00889875368222035	2.5180109224499	0.386778340043178	0.386124999999999	0.000779634087911938	questionable fit	39G1A08	3.5	2	0.01	2025-10-18
H20	0	0.00154359588322884	0	-51.3747170123581	34.1204115932617	0.0625904895089148	0.0558751388888889	0.000671425806866419	questionable fit (k < n0)	39G1A08	8.9	2	0.003	2025-10-18
H21	0	0.00418654834987546	0	-12.7337022814601	13.5883259589033	0.123581624511838	0.095000138888889	0.00126604165787668	questionable fit (k < n0)	39G1A08	9.2	2	0.011	2025-10-18
H22	0	0	0	0	0	0	0	0	cannot fit data	39G1A08	9.5	2	0.00700000000000001	2025-10-18
H23	0	0	0	0	0	0	0	0	cannot fit data	39G1A08	9.8	2	0.012	2025-10-18
H24	0	0	0	0	0	0	0	0	cannot fit data	39G1A08	10.1	2	0.00700000000000001	2025-10-18
H3	0.115063908391696	0.00531940676158602	0.1098046753245	27.5652485338845	6.31254706151194	2.42864704336094	2.442875	0.00212992992100074		39G1A08	3.8	2	0.101	2025-10-18
H4	0.100650097946132	0.0104115901857521	0.103087874477962	20.9485027763829	6.72384782468403	2.69382112085503	2.70550013888889	0.00341218230002628		39G1A08	4.1	2	0.093	2025-10-18
H5	0.0893293035836711	0.00350840604978002	0.154505658272373	20.6924507239667	4.48622521861314	2.44266906736246	2.44587513888889	0.00235919262928781		39G1A08	4.4	2	0.092	2025-10-18
H6	0	0.00205926787441773	0	21.2402805176326	4.03178547292424	2.1878617702882	2.19812513888889	0.00200456698969119		39G1A08	4.7	2	0.083	2025-10-18
H7	0.0939223132791797	0.00242374135131207	0.189596052275487	19.1513006836148	3.65591568094883	2.71781649654408	2.73125013888889	0.00254385304988614		39G1A08	5	2	0.097	2025-10-18
H8	0.0880847174224898	0.0015437192934031	0.193449901850615	20.8137796900368	3.58308365074905	2.4069427063727	2.43512513888889	0.00257842607779445		39G1A08	5.3	2	0.088	2025-10-18
H9	0	0.00333164061224716	0	18.2859155294218	4.20481246735367	2.1131486424115	2.13912513888889	0.00431212269505001		39G1A08	5.6	2	0.073	2025-10-18
I1	0	0.001	0	-0.829896499401429	33150.3112348447	0.00338552082346355	0.00175	0.00015563717066767	questionable fit (k < n0)	39G1A08	3.2	3	0.001	2025-10-18
I10	0.0951298957259677	0.00265568105442393	0.135826565395951	26.1379553810247	5.10317829608175	2.1134999858082	2.12550013888889	0.001637075213039		39G1A08	5.9	3	0.09	2025-10-18
I11	0	0.00499794901303384	0	17.618459954823	5.01032103971416	1.87101625348522	1.884	0.00339766586244731		39G1A08	6.2	3	0.064	2025-10-18
I12	0.091465634330999	0.00428914744884854	0.103170390069438	29.1929366881484	6.71847009683137	1.81301659173819	1.82137513888889	0.00270522228854537		39G1A08	6.5	3	0.08	2025-10-18
I13	0	0.00252865572481207	0	4.14252867519863	1.87939615612421	0.617295556186114	0.618750138888888	0.00627824830687842		39G1A08	6.8	3	0.025	2025-10-18
I14	0	0.0105256188883339	0	-0.028032699274072	3.98188341293388	0.929000828888525	0.913999999999999	0.00269890066230458	questionable fit	39G1A08	7.1	3	0.024	2025-10-18
I15	0	0.02	0	-0.086823623842323	0.0499858052076161	0.675226210105736	0.53	0.00773343998575532	questionable fit (k < n0)	39G1A08	7.4	3	0.02	2025-10-18
I16	0	0.00459581941831539	0	-0.0745730051129257	1.21358568262963	0.423252234338241	0.418250277777777	0.000624132667403637	questionable fit	39G1A08	7.7	3	0.011	2025-10-18
I17	0	0.00136399889061475	0	0.896362275638078	0.269866202043088	0.709068630648425	0.6595	0.00451433620510214		39G1A08	8	3	0.02	2025-10-18
I18	0	0.00189796349480376	0	1.27000046193579	1.79185384792285	0.228503248870755	0.22375	0.000572043768781212		39G1A08	8.3	3	0.006	2025-10-18
I19	0	0.0074598586286365	0	3.67423578010312	2.54119424304784	1.20532285079468	1.20375013888889	0.000926351680261772		39G1A08	8.6	3	0.03	2025-10-18
I2	0	0.00369951889281048	0	-0.224944254758878	1.36610252887498	0.328635190299148	0.31725	0.000735387526249056	questionable fit	39G1A08	3.5	3	0.00799999999999999	2025-10-18
I20	0	0	0	0	0	0	0	0	cannot fit data	39G1A08	8.9	3	0.005	2025-10-18
I21	0	0.00700000000000001	0	-0.381257686383155	0.311894674515672	0.193826127717954	0.183124861111111	0.00127693006216234	questionable fit (k < n0)	39G1A08	9.2	3	0.00700000000000001	2025-10-18
I22	0	0	0	0	0	0	0	0	cannot fit data	39G1A08	9.5	3	0.006	2025-10-18
I23	0	0.00630171867550067	0	1.9091949017815	2.27024818766658	0.788767010459474	0.787875138888888	0.00382561090993318		39G1A08	9.8	3	0.025	2025-10-18
I24	0	0	0	0	0	0	0	0	cannot fit data	39G1A08	10.1	3	0.00700000000000001	2025-10-18
I3	0.11210528836581	0.00499700632172743	0.105996757718457	28.9159911395524	6.53932436689286	2.24287883916625	2.25537513888889	0.00185841946155887		39G1A08	3.8	3	0.096	2025-10-18
I4	0	0.00218397012511831	0	22.6442452947849	4.41180292263272	2.00907056738272	2.02075013888889	0.0014865612390466		39G1A08	4.1	3	0.078	2025-10-18
I5	0	0.00307510153317878	0	20.4969575753199	4.41265288477911	2.20361487154881	2.20462513888889	0.00229465268013551		39G1A08	4.4	3	0.083	2025-10-18
I6	0	0.0023106997101323	0	21.4428588200883	4.20898186768741	2.16644617786703	2.17250013888889	0.00215244084878688		39G1A08	4.7	3	0.084	2025-10-18
I7	0.0944171859911893	0.0021969183428574	0.187419504415781	19.9398900106938	3.69837271057036	2.6593404076148	2.66650013888889	0.002463334721498		39G1A08	5	3	0.099	2025-10-18
I8	0.0943637491298691	0.00138754569240324	0.197029369334092	21.3410168242825	3.51798913483102	2.5302668834312	2.56125013888889	0.00273055211859479		39G1A08	5.3	3	0.093	2025-10-18
I9	0	0.00298497840593411	0	18.9339259692054	4.1973884280072	2.06430337918496	2.08700013888889	0.00348391906490468		39G1A08	5.6	3	0.073	2025-10-18
J1	0	0.00599999999999999	0	-4.31139559268305	289690.925167968	0.0646684311291746	0.0532499999999999	0.000787770845867895	questionable fit (k < n0)	39G3B09	3.2	1	0.00599999999999999	2025-10-18
J10	0	0.00536672402278121	0	18.9442521050705	5.83490185934366	1.6145522730909	1.61912513888889	0.00158877151636566		39G3B09	5.9	1	0.055	2025-10-18
J11	0	0.0119053403700533	0	1.92755358884034	3.70193934502298	1.25950665296146	1.25987513888889	0.00826632473884826		39G3B09	6.2	1	0.045	2025-10-18
J12	0	0.0134134566988019	0	4620222.22107176	214118.594049901	0.646642406789662	0.645874999999999	0.00380915744797031		39G3B09	6.5	1	0.019	2025-10-18
J13	0	0.028	0	-0.0904156632646883	0.0904156632646883	0.67613193043943	0.604125277777778	0.00959977905704472	questionable fit (k < n0)	39G3B09	6.8	1	0.028	2025-10-18
J14	0	0.0116985673372713	0	10.5547185604359	6.69404715081606	1.63322224317992	1.6335	0.0029787202316436		39G3B09	7.1	1	0.048	2025-10-18
J15	0	0.0109061963391551	0	2.30044089941471	2.71259797180748	1.34903284114478	1.34949916666667	0.00653147200863297		39G3B09	7.4	1	0.043	2025-10-18
J16	0	0.00833102229169865	0	13.4107305567093	7.2441504833984	1.25172393679001	1.24812513888889	0.00148617208755795		39G3B09	7.7	1	0.039	2025-10-18
J17	0	0	0	0	0	0	0	0	cannot fit data	39G3B09	8	1	0.032	2025-10-18
J18	0	0.00513343599670959	0	5.9127534612259	5.01390146407302	0.664773694551644	0.663875	0.000762274424889331		39G3B09	8.3	1	0.018	2025-10-18
J19	0	0.00206437262021585	0	9.39497445155549	4.24355666015613	0.438030093654147	0.43912513888889	0.000966716360115225		39G3B09	8.6	1	0.013	2025-10-18
J2	0	0.0082366852594498	0	-63.9817487427568	47.4801689522153	0.337942249305374	0.29925	0.00203178357679292	questionable fit (k < n0)	39G3B09	3.5	1	0.011	2025-10-18
J20	0	0.00814624842600199	0	-6.19017367335128	9.43680633498094	0.556120246664998	0.555125138888889	0.00203851425267014	questionable fit	39G3B09	8.9	1	0.024	2025-10-18
J21	0	0.00725931111299153	0	-8.43485968815276	13.7959755734354	0.472109920276372	0.47025013888889	0.000772906349588149	questionable fit	39G3B09	9.2	1	0.012	2025-10-18
J22	0	0.00850573306141267	0	-6.90794170894581	2.75326747328445	0.475618586163376	0.462625138888889	0.00132816146507416	questionable fit	39G3B09	9.5	1	0.014	2025-10-18
J23	0	0.0111473253540816	0	-0.711314658082008	0.479277794152881	0.726239514568178	0.724248888888889	0.00448688788467605	questionable fit	39G3B09	9.8	1	0.026	2025-10-18
J24	0	0.00273795465671734	0	1.27334833667343	0.559434984656761	0.748478343208825	0.70325	0.00752047798003014		39G3B09	10.1	1	0.027	2025-10-18
J3	0	0.015196517229836	0	-5.27110772063744	21.8486239835163	0.959053901519005	0.956125138888888	0.000911909374211987	questionable fit	39G3B09	3.8	1	0.024	2025-10-18
J4	0	0.00943310989331689	0	770.136590073065	39.6333443302162	0.713832558048732	0.711999999999999	0.000920433295635518		39G3B09	4.1	1	0.022	2025-10-18
J5	0	0.0124627122546069	0	20.2389125273597	13.0744488564124	1.28504991807179	1.282625	0.000861301093776934		39G3B09	4.4	1	0.039	2025-10-18
J6	0	0.00888307904468256	0	20.5948219526504	11.3850962450651	1.05183020461417	1.04962513888889	0.000647875487897838		39G3B09	4.7	1	0.034	2025-10-18
J7	0	0.0116534826191352	0	17.9494372622252	9.17989895175426	1.62015473518615	1.61850013888889	0.000954901368656688		39G3B09	5	1	0.052	2025-10-18
J8	0	0.00688888120571714	0	14.8132924167146	6.12483164743645	1.40234326842493	1.406	0.00231776340093444		39G3B09	5.3	1	0.043	2025-10-18
J9	0	0.0100213030114522	0	4.78380235399689	4.54208327023097	1.25894494473543	1.26050013888889	0.00480986541801781		39G3B09	5.6	1	0.039	2025-10-18
K1	0	0	0	0	0	0	0	0	cannot fit data	28G1A05	3.2	1	0	2025-10-18
K10	0	0.00154174030894523	0	29.377945279867	5.37979476599216	1.34093864644335	1.34737513888889	0.000849133813255264		28G1A05	5.9	1	0.063	2025-10-18
K11	0	0.00389559008535925	0	12.6229592918338	4.86739882512951	0.946846403841048	0.957125	0.00418061764911041		28G1A05	6.2	1	0.034	2025-10-18
K12	0	0.00264306967507355	0	22.284089288096	6.65332586962631	0.758624889100679	0.767875	0.00270979197264546		28G1A05	6.5	1	0.03	2025-10-18
K13	0	0.013	0	-0.337484197312476	0.302546920763713	0.339324456068839	0.255125	0.00487236384852396	questionable fit (k < n0)	28G1A05	6.8	1	0.013	2025-10-18
K14	0	0.0112051091799616	0	-7.29205265107808	4.66832862138965	0.693630590289757	0.670625	0.00310056144639408	questionable fit	28G1A05	7.1	1	0.018	2025-10-18
K15	0	0.00827307741847961	0	-0.0554632285793759	0.0686831695351158	0.62607921636702	0.614000277777778	0.00598896826277629	questionable fit	28G1A05	7.4	1	0.021	2025-10-18
K16	0	0.00499247831186471	0	1.01561939368369	1.78909057121051	0.568274117329949	0.567999999999999	0.00289800506830965		28G1A05	7.7	1	0.019	2025-10-18
K17	0	0.00737381324519166	0	-0.228096491385177	3.26756640302358	0.648689700594243	0.649	0.00477842700285773	questionable fit	28G1A05	8	1	0.022	2025-10-18
K18	0	0.00243563053408408	0	7.34165259541674	2.61910530518002	0.784342463728335	0.787998888888889	0.004304615564178		28G1A05	8.3	1	0.03	2025-10-18
K19	0	0.00507466527768967	0	7.89134004654886	4.08325144335573	0.952187356347644	0.951500000000001	0.00194960348752691		28G1A05	8.6	1	0.026	2025-10-18
K2	0	0.005	0	-2.44996127338266	3.32439030095362	0.105198405982735	0.10125	0.000442573008542137	questionable fit (k < n0)	28G1A05	3.5	1	0.005	2025-10-18
K20	0	0.000529124960574954	0	1.04530040522271	0.251073652562114	0.471863302584411	0.471999861111111	0.00320469137076722		28G1A05	8.9	1	0.021	2025-10-18
K21	0	0.011044072582858	0	-1.80021341003846	0.97943054524019	0.676359664102766	0.674375138888888	0.00390713200815128	questionable fit	28G1A05	9.2	1	0.024	2025-10-18
K22	0	0.00659098270012268	0	1.50862986722797	1.35789708749504	0.957027162222426	0.957375138888888	0.00766760522448028		28G1A05	9.5	1	0.035	2025-10-18
K23	0	0.00746832730885136	0	4.4635055439648	2.18143364923588	1.64968494805493	1.65187486111111	0.0028290685563551		28G1A05	9.8	1	0.042	2025-10-18
K24	0	0.00479485420341925	0	0.918197599699573	0.917330254892997	0.672775236701186	0.672625	0.00469189187278508		28G1A05	10.1	1	0.025	2025-10-18
K3	0	0.00335925589182877	0	441.649516287353	15.8289664202278	0.556589694164102	0.561	0.0010343795342679		28G1A05	3.8	1	0.029	2025-10-18
K4	0	0.00007139387783232	0	33.461243072951	3.50172031240566	0.807128859431878	0.821625	0.00125309347141314		28G1A05	4.1	1	0.05	2025-10-18
K5	0	0.000244881831232522	0	26.5382565938169	3.27315405824505	1.47108692392297	1.5125	0.00319436134985337		28G1A05	4.4	1	0.071	2025-10-18
K6	0	0.00023510383753964	0	26.4466564016474	3.21615953864194	1.53551814279026	1.585875	0.00310460845142705		28G1A05	4.7	1	0.071	2025-10-18
K7	0	0.00028268722691404	0	24.0498362982521	3.01200900688915	1.73633725891068	1.7925	0.00480168862091086		28G1A05	5	1	0.079	2025-10-18
K8	0	0.000150341677476275	0	24.9882517213623	2.79489863812697	1.71890264221926	1.78862513888889	0.00581612015491842		28G1A05	5.3	1	0.08	2025-10-18
K9	0	0.00240939778344705	0	23.7495514296325	5.30558358856771	1.36885843606513	1.394125	0.00376138836157805		28G1A05	5.6	1	0.056	2025-10-18
L1	0	0.00432369164437035	0	-18.0707360077189	10.5819362178202	0.160753520134381	0.140875	0.00074948314263021	questionable fit (k < n0)	Salt-15	3.2	1	0.00499999999999999	2025-10-18
L10	0	0.00271246767524249	0	11.289527950783	2.60250877319548	2.1146869671217	2.12350027777778	0.00213847308361151		Salt-15	5.9	1	0.059	2025-10-18
L11	0	0.00717284281870941	0	5.49162496342115	2.2475856428391	1.94747115555254	1.95450013888889	0.0117989626931827		Salt-15	6.2	1	0.062	2025-10-18
L12	0	0.00533040031307418	0	12.7580024708039	3.87130019885006	2.01347049928658	2.01937513888889	0.00353206306596242		Salt-15	6.5	1	0.061	2025-10-18
L13	0	0.00440333073665111	0	7.25543000496073	2.19086706415003	1.9560753741658	1.96512527777778	0.00852367961917235		Salt-15	6.8	1	0.072	2025-10-18
L14	0	0.0134700243747081	0	9.11161781739482	4.40126110401308	2.64394816554586	2.64225013888889	0.00278094626183258		Salt-15	7.1	1	0.073	2025-10-18
L15	0	0.0106767729967438	0	3.29750636892766	1.69683714208421	2.29416673279023	2.29525013888889	0.00717727770294178		Salt-15	7.4	1	0.061	2025-10-18
L16	0	0.0127065906826156	0	9.53535176750032	6.1371831283882	1.80960763210483	1.80525013888889	0.0026611999128358		Salt-15	7.7	1	0.051	2025-10-18
L17	0	0.0109005310516266	0	10.6324012271292	6.57939070845038	1.55416126870344	1.54937513888889	0.00368212290620173		Salt-15	8	1	0.045	2025-10-18
L18	0.117088516439733	0.0113738604427075	0.0615200755431811	36.2389958264729	11.2670079553694	1.95138421508293	1.949625	0.00259900134768983		Salt-15	8.3	1	0.08	2025-10-18
L19	0	0.0103919009024498	0	10.286849650464	7.42654383340045	1.3044151171083	1.300875	0.00299518733799636		Salt-15	8.6	1	0.038	2025-10-18
L2	0	0.00616424102315757	0	-3.07456444893232	4.71689249283296	0.45249676285582	0.45125	0.000352756718439976	questionable fit	Salt-15	3.5	1	0.011	2025-10-18
L20	0	0.0218141412951572	0	1003.18374013751	54.785084011075	1.44868406712031	1.444625	0.00742419269621757		Salt-15	8.9	1	0.055	2025-10-18
L21	0	0.0142008926398691	0	7.7963658236959	8.81711751334399	1.43146450239606	1.42787513888889	0.00206408614075364		Salt-15	9.2	1	0.04	2025-10-18
L22	0	0.0069049082737125	0	3.25468472077015	1.83688394743069	1.34953539097452	1.34787541666667	0.00282567619936893		Salt-15	9.5	1	0.037	2025-10-18
L23	0	0.00909216660455958	0	1.81891997876557	2.11509873233265	1.15294266453379	1.15162513888889	0.00232435044454007		Salt-15	9.8	1	0.036	2025-10-18
L24	0	0.00570984615300841	0	0.306708514144089	1.68398806921582	0.565066962468252	0.563499444444444	0.00106692495165711		Salt-15	10.1	1	0.016	2025-10-18
L3	0	0.0100835383483879	0	17.5654467752095	6.64359191184688	2.16414572612554	2.16000013888889	0.000954871500825296		Salt-15	3.8	1	0.071	2025-10-18
L4	0	0.00273169677495319	0	13.3700651910083	3.30072832132122	1.65883232937408	1.66337513888889	0.00150801147813669		Salt-15	4.1	1	0.049	2025-10-18
L5	0	0.00287730657063307	0	10.4893811480416	2.56193677384972	1.95118709428491	1.96112513888889	0.00289167146604478		Salt-15	4.4	1	0.056	2025-10-18
L6	0	0.00281817226900144	0	10.4675207409878	2.57885655816845	1.86816566298152	1.87937513888889	0.00304540138922352		Salt-15	4.7	1	0.053	2025-10-18
L7	0	0.0036993830740611	0	8.96597604216065	2.35173184230331	2.17166077717907	2.18300027777778	0.00391071704090538		Salt-15	5	1	0.061	2025-10-18
L8	0	0.00258907809332986	0	8.59321190671589	2.04518217429512	1.98183583012566	1.99462527777778	0.00564073059628002		Salt-15	5.3	1	0.058	2025-10-18
L9	0	0.00328284446027109	0	7.94711082766875	1.98993446850525	2.22771671494896	2.24737541666667	0.0112613420299922		Salt-15	5.6	1	0.071	2025-10-18
M1	0	0.02	0	-10.0604285959175	8.73298748342065	0.611739849906284	0.587249999999999	0.00121310840266207	questionable fit (k < n0)	30G3A10	3.2	1	0.02	2025-10-18
M10	0.218958015647794	0.0244768459063915	0.194716067850492	10.6442563365874	3.55978419352718	8.0916108455188	8.06850083333333	0.00528502782853491		30G3A10	5.9	1	0.227	2025-10-18
M11	0.196326225726372	0.0233984715748711	0.248867593621732	8.03721838263294	2.78520465631013	7.78585873159532	7.78725069444444	0.00630499759663356		30G3A10	6.2	1	0.208	2025-10-18
M12	0.202057310978074	0.0266406208191312	0.181780635176403	10.3681400331786	3.8130969224929	7.48914448989349	7.47500055555555	0.00443865528238269		30G3A10	6.5	1	0.208	2025-10-18
M13	0.167681803507213	0.0189144302361759	0.291641714556869	7.07189196351788	2.37670794664316	6.82841722087878	6.83450111111112	0.00753204500765501		30G3A10	6.8	1	0.179	2025-10-18
M14	0.145568270558878	0.0280650726230555	0.214851228813061	6.66479648050132	3.22617275399921	5.90187202927844	5.90037541666667	0.00465162990652141		30G3A10	7.1	1	0.153	2025-10-18
M15	0.0978057596799307	0.0274730716126464	0.326906513424756	2.87553267041225	2.12032233098802	4.33480039747845	4.33387597222222	0.0120566269517504		30G3A10	7.4	1	0.124	2025-10-18
M16	0	0.0272763847255526	0	3.56596194683846	3.5746148281992	3.47759223297183	3.47675055555556	0.00485401082441755		30G3A10	7.7	1	0.087	2025-10-18
M17	0.0878213756375896	0.0215538558529004	0.233799702787579	4.80387759121013	2.96470513989366	3.7057582664228	3.70987541666666	0.00693072262012548		30G3A10	8	1	0.096	2025-10-18
M18	0	0.0129054148895254	0	0.213625965906445	0.210308570824141	1.86689784067011	1.75249986111111	0.00939203752780926		30G3A10	8.3	1	0.051	2025-10-18
M19	0	0.00994367749456688	0	0.23955052877989	0.187946934481096	1.62762637180451	1.60625	0.0111965170337449		30G3A10	8.6	1	0.052	2025-10-18
M2	0	0.0294576887050257	0	-62.0981633442794	25.5308215087019	1.29265221395384	1.22687486111111	0.00347886389709137	questionable fit (k < n0)	30G3A10	3.5	1	0.037	2025-10-18
M20	0	0.00677779474497885	0	0.41663309695073	0.259054003335976	1.30851921479016	1.30800013888889	0.00704773215491963		30G3A10	8.9	1	0.041	2025-10-18
M21	0	0.0177063701242912	0	-0.0499667196413702	0.255038868855408	1.59101982797568	1.58787513888889	0.00726074610469421	questionable fit	30G3A10	9.2	1	0.047	2025-10-18
M22	0	0	0	0	0	0	0	0	cannot fit data	30G3A10	9.5	1	0.037	2025-10-18
M23	0	0.047197793059674	0	-31.9993213581448	21.9700721490477	1.79813384956204	1.655625	0.00616933951172488	questionable fit (k < n0)	30G3A10	9.8	1	0.053	2025-10-18
M24	0	0.0351129421332891	0	-28.0915421789733	16.925041689059	1.35356410236511	1.22125	0.00469507915861376	questionable fit (k < n0)	30G3A10	10.1	1	0.039	2025-10-18
M3	0.107281071766722	0.0228456489563828	0.26160470708975	4.99695264696817	2.64959751019367	4.53717896441026	4.53462513888889	0.00302157348224515		30G3A10	3.8	1	0.111	2025-10-18
M4	0.109519446277933	0.0155469670629658	0.279939751570287	6.42686999464336	2.47605842568561	4.5155938833829	4.51762527777777	0.00523355741289569		30G3A10	4.1	1	0.118	2025-10-18
M5	0.128502830214995	0.0187400810223183	0.274050482195099	6.45011311973449	2.52926823922349	5.2916775770937	5.28787541666667	0.00245746691853279		30G3A10	4.4	1	0.134	2025-10-18
M6	0.140523478188844	0.0192117078500147	0.235466566450192	7.826350878273	2.94371804460217	5.58641935657954	5.5843751388889	0.00281585232008244		30G3A10	4.7	1	0.148	2025-10-18
M7	0.190791915463051	0.0309148904211818	0.151197286422138	10.8677014424294	4.58438902550605	6.90498148674261	6.88775027777778	0.00430824489427885		30G3A10	5	1	0.195	2025-10-18
M8	0.206745133755013	0.0251550367115011	0.168107105739443	11.7585379923881	4.12324736370326	7.37820021863652	7.36737541666666	0.00307951834156433		30G3A10	5.3	1	0.208	2025-10-18
M9	0.192903348245574	0.0248730396456416	0.213515257483395	8.94718214640664	3.24635901307358	7.4483991305304	7.44575055555556	0.00380530847390411		30G3A10	5.6	1	0.199	2025-10-18
N1	0	0.00942073953243756	0	7799.66136622116	489.399073793493	0.469985083887962	0.467875	0.00101907579443202		Desert-23	3.2	1	0.013	2025-10-18
N10	0.144147375413004	0.0130716636412773	0.225265124820056	10.2338446929956	3.0770283731831	5.41269604466449	5.42237527777778	0.00566559360308587		Desert-23	5.9	1	0.149	2025-10-18
N11	0.112627088592626	0.0215156976813147	0.226512765060137	6.37182650645514	3.06007999317797	4.60614464439226	4.60475013888889	0.0100716324785184		Desert-23	6.2	1	0.132	2025-10-18
N12	0.136278569965407	0.0225561352440047	0.157441502853578	10.275267735474	4.40256964013217	5.01455742300696	5.00575013888889	0.00462727111272668		Desert-23	6.5	1	0.14	2025-10-18
N13	0.136520375774418	0.0100224903634094	0.378501883703788	6.69849767473061	1.83129123104284	5.63894372850287	5.65050055555556	0.014784378702763		Desert-23	6.8	1	0.159	2025-10-18
N14	0.148990601363874	0.00868652728981029	0.422525924031556	6.58430318420293	1.64048438483073	6.17986903241109	6.19462541666666	0.00587734905341849		Desert-23	7.1	1	0.155	2025-10-18
N15	0.147685664993303	0.00693571583589601	0.494090523103719	6.09260954388399	1.40287487443761	6.20497771412565	6.22325041666666	0.0100924632923892		Desert-23	7.4	1	0.158	2025-10-18
N16	0.144522213234633	0.00659461709025877	0.439445205741933	6.91889482068027	1.57732334203004	5.95135930117948	5.95912541666667	0.00263157683369418		Desert-23	7.7	1	0.146	2025-10-18
N17	0.11801070963166	0.00789805826539148	0.399498071251162	6.59549368226765	1.73504512397049	4.88987200017045	4.90012555555556	0.00474277565113007		Desert-23	8	1	0.125	2025-10-18
N18	0.115934750782274	0.0132230711588292	0.296156112092695	6.92189907080118	2.34047906579418	4.73870865435958	4.73812527777777	0.00216188447939209		Desert-23	8.3	1	0.119	2025-10-18
N19	0.108581178501344	0.0129009890074762	0.226126204451085	8.86101325534275	3.06531117100091	4.21131561318103	4.20762541666667	0.00161536738928097		Desert-23	8.6	1	0.111	2025-10-18
N2	0	0.0208937950786979	0	-38.6443083489476	18.4543480035772	0.86831509839597	0.827375	0.00142582567637328	questionable fit (k < n0)	Desert-23	3.5	1	0.023	2025-10-18
N20	0.0995612980669419	0.0132966936764367	0.168330819381463	11.1085062506624	4.11776751938199	3.60970591948815	3.60450055555556	0.0017726397045743		Desert-23	8.9	1	0.103	2025-10-18
N21	0.111344772216461	0.018581445034144	0.138520776489671	11.6075574885732	5.00392214168415	3.93317954579878	3.92750041666667	0.00142080826178446		Desert-23	9.2	1	0.114	2025-10-18
N22	0	0.0160780268391748	0	11.3578809874873	5.54826928559361	2.90421100779599	2.90100013888889	0.00106474724353189		Desert-23	9.5	1	0.083	2025-10-18
N23	0	0.0188591505506344	0	8.26410620689349	5.01553177682778	2.95944711074258	2.95650027777778	0.000843476827897093		Desert-23	9.8	1	0.078	2025-10-18
N24	0	0.0180793585035271	0	7.86117332396399	5.99692075566306	2.35964148768395	2.35725013888889	0.00102337059602027		Desert-23	10.1	1	0.062	2025-10-18
N3	0	0.0162004778474777	0	0.415628790853529	0.981117820532742	1.78273781090196	1.779625	0.00253344287190775		Desert-23	3.8	1	0.042	2025-10-18
N4	0	0.00945327003340368	0	1.63848640010289	1.09991456528355	1.6589831164957	1.64575013888889	0.00297254140712292		Desert-23	4.1	1	0.04	2025-10-18
N5	0	0.0194739018051331	0	4.42103646911178	3.72194312027674	2.67038753893256	2.665625	0.00297063078298556		Desert-23	4.4	1	0.069	2025-10-18
N6	0	0.0198439593278291	0	3.71161433815123	3.3779864279711	2.65749729389939	2.652875	0.00347707089283163		Desert-23	4.7	1	0.07	2025-10-18
N7	0.116643537916884	0.0206402221494678	0.15427990426112	9.96332629233823	4.49278980227256	4.31544694418294	4.31200013888889	0.00153422088498362		Desert-23	5	1	0.117	2025-10-18
N8	0.11797658189047	0.0125281184294346	0.219232306844478	9.71684681806595	3.16170180634764	4.48037140564961	4.49250027777778	0.00514864941859187		Desert-23	5.3	1	0.12	2025-10-18
N9	0.114345655262641	0.0191439599349115	0.192403799796131	8.33668822355015	3.60256492488401	4.45012092942021	4.45300013888889	0.00863861349696087		Desert-23	5.6	1	0.128	2025-10-18
O1	0	0	0	0	0	0	0	0	cannot fit data	Desert-21	3.2	1	0.002	2025-10-18
O10	0	0.00199152415313151	0	17.0168581875024	3.31617135082388	2.23016273277471	2.23137527777777	0.00086428095158356		Desert-21	5.9	1	0.073	2025-10-18
O11	0	0.00362138361890432	0	11.3090892951154	2.86255580981923	2.184203954526	2.21250027777778	0.0102908127230899		Desert-21	6.2	1	0.076	2025-10-18
O12	0	0.00388415834305866	0	19.0834802495439	4.35409653306875	2.45313813868427	2.46762513888889	0.00379091086445944		Desert-21	6.5	1	0.087	2025-10-18
O13	0	0.00154290613763955	0	6.70142753845621	1.55198985105376	1.3376904286008	1.34674972222222	0.00899206232761182		Desert-21	6.8	1	0.047	2025-10-18
O14	0	0.0080751614995246	0	9.73412422583553	3.89717993562958	2.01635613416246	2.01750055555556	0.00324586665329306		Desert-21	7.1	1	0.057	2025-10-18
O15	0	0.00199733334900034	0	4.17484957025029	1.08014385854026	1.36618522410422	1.37362541666667	0.00932375756722145		Desert-21	7.4	1	0.061	2025-10-18
O16	0	0.0104043712101488	0	11.9831203215734	6.83530732123711	1.54196228517141	1.53775027777778	0.00224837567067141		Desert-21	7.7	1	0.046	2025-10-18
O17	0	0.00695465880870564	0	11.0658311697053	5.8512510164118	1.15376832568172	1.15375013888889	0.00196181195862956		Desert-21	8	1	0.034	2025-10-18
O18	0	0.00329389466313967	0	5.92606836424399	1.72427259488836	1.63878655051093	1.64562583333333	0.00698567765289971		Desert-21	8.3	1	0.058	2025-10-18
O19	0	0.0087625295676918	0	17.8651466020992	8.73479441015655	1.2891435718394	1.28587486111111	0.00195274994921778		Desert-21	8.6	1	0.043	2025-10-18
O2	0	0.0029168214520135	0	0.619344988825803	4.99736046525606	0.261493029824547	0.260875	0.000354988995116968		Desert-21	3.5	1	0.00699999999999999	2025-10-18
O20	0	0.00625541755370663	0	3.59122379680341	1.77538276651641	1.39530390951684	1.39537541666667	0.00783875176015308		Desert-21	8.9	1	0.061	2025-10-18
O21	0	0.00895514057882106	0	3.33655095895237	2.64449465336744	1.32476441144092	1.32287513888889	0.00406390235751414		Desert-21	9.2	1	0.06	2025-10-18
O22	0	0.00847627043222172	0	1.59641772630686	1.95773098712159	1.0605853782348	1.059625	0.00422835429045774		Desert-21	9.5	1	0.039	2025-10-18
O23	0	0.00885734917000511	0	0.974219698547547	1.2592172196315	1.11345258570527	1.10049972222222	0.00204513998254		Desert-21	9.8	1	0.029	2025-10-18
O24	0	0.0101135163017615	0	0.196859917069168	0.860468143196372	1.03766864926631	1.03562486111111	0.00235377609293845		Desert-21	10.1	1	0.03	2025-10-18
O3	0	0.00610889073068587	0	14.2662367755505	4.8023103335908	1.79046025296465	1.79125013888889	0.00118037051049871		Desert-21	3.8	1	0.055	2025-10-18
O4	0	0.00305806091979162	0	14.2099152984975	3.66329541021622	1.61718122847386	1.62300013888889	0.00119140741855352		Desert-21	4.1	1	0.048	2025-10-18
O5	0	0.00300920897172459	0	13.9956981803705	3.45024683604825	1.80057437264768	1.80637513888889	0.00155759828190808		Desert-21	4.4	1	0.055	2025-10-18
O6	0	0.00409110164170403	0	13.8794449522857	3.75629505310321	1.93664579105486	1.94362513888889	0.0017751384996002		Desert-21	4.7	1	0.059	2025-10-18
O7	0	0.00468513075566321	0	12.7922818019211	3.58658733826745	2.10690546222025	2.11600027777778	0.00231221093572051		Desert-21	5	1	0.062	2025-10-18
O8	0	0.00283177941983073	0	14.5017673445469	3.3584145047298	1.98530334465779	1.99812513888889	0.00289674650129603		Desert-21	5.3	1	0.061	2025-10-18
O9	0	0.00235092276560158	0	11.3304538127471	2.5672335190148	1.92515983367912	1.94662527777778	0.00678603244962926		Desert-21	5.6	1	0.063	2025-10-18
