sample	k	n0	r	t_mid	t_gen	auc_l	auc_e	sigma	note	strain	pH	replicate	max.OD	date
A1	0	0.0717176219062342	0	-28.9969291585419	7.05967935715129	3.61412915151148	3.6001625	0.000497931902299862	questionable fit	04G1A01	3.2	1	0.0767	2024-03-06
A10	0	0.000393356061335597	0	16.2849675592335	2.61541438797802	0.951133691622799	0.980075	0.00308379584234522		04G1A01	5.9	1	0.0363	2024-03-06
A11	0	0.000972526218527745	0	26.6863788187926	4.22270647344674	1.70002143586231	1.763775	0.00556691513934848		04G1A01	6.2	1	0.0755	2024-03-06
A12	0	0.0000654659245018797	0	18.5976625690476	2.05426016546543	1.03125009661114	1.0559375	0.00297258234579607		04G1A01	6.5	1	0.0389	2024-03-06
A13	0	0.00121077599859898	0	29.7214395072836	5.13799744740151	1.28664531323312	1.3141625	0.00256709987127944		04G1A01	6.8	1	0.0606	2024-03-06
A14	0	0.00390953799595241	0	12.2005148573615	7.91862065119534	0.505947597987684	0.50725	0.00256991636104554		04G1A01	7.1	1	0.0205	2024-03-06
A15	0	0.00018824677393773	0	13.998469064879	3.41020732102332	0.116281387183301	0.1170875	0.000811888243396313		04G1A01	7.4	1	0.00600000000000001	2024-03-06
A16	0	0.00210446769915132	0	38.7591996301272	18.6255268093637	0.198778260598751	0.1987875	0.00104397545660774		04G1A01	7.7	1	0.00889999999999999	2024-03-06
A17	0	0.0016038770284884	0	-7.85441052915454	11.3001717130302	0.106049015048764	0.105625	0.000622274812065772	questionable fit	04G1A01	8	1	0.00470000000000001	2024-03-06
A18	0	0.00458977888574388	0	-204.549283130636	91.7532289037035	0.227761058317183	0.2266	0.000354535141481425	questionable fit	04G1A01	8.3	1	0.00660000000000001	2024-03-06
A19	0	0.00258609521534471	0	-5.48290825111892	10.2395795602014	0.178457476581172	0.1777	0.000884051761457748	questionable fit	04G1A01	8.6	1	0.00609999999999999	2024-03-06
A2	0	0.0659847287214697	0	46732.5203157798	4538.83292305654	3.19217033055487	3.179275	0.000691139613581718		04G1A01	3.5	1	0.0679	2024-03-06
A20	0	0.0025	0	-1.80360500167295	1.22366974520266	0.078380143307999	0.0761374999999998	0.000235811582322348	questionable fit (k < n0)	04G1A01	8.9	1	0.0025	2024-03-06
A21	0	0.00409999999999999	0	-1.63954062654286	0.924940953863499	0.141119208163743	0.136925	0.000249309029966578	questionable fit (k < n0)	04G1A01	9.2	1	0.00409999999999999	2024-03-06
A22	0	0.00176154591605959	0	2134.90959588133	124.198085675561	0.0974225932025152	0.0969375000000001	0.00100063755738825		04G1A01	9.5	1	0.005	2024-03-06
A23	0	0.00212966803906978	0	-1.53339929135426	2.73402407541536	0.164940790930274	0.1643875	0.000719095345823751	questionable fit	04G1A01	9.8	1	0.0062	2024-03-06
A24	0	0.00286648629103938	0	-2.65670151767787	7.80442661342921	0.214289119434668	0.2138	0.0005345863890132	questionable fit	04G1A01	10.1	1	0.0057	2024-03-06
A3	0	0.0383831888482006	0	-50.4874308092977	13.3981110005307	1.93424929396307	1.92685	0.000313134846536871	questionable fit	04G1A01	3.8	1	0.0414	2024-03-06
A4	0	0	0	0	0	0	0	0	cannot fit data	04G1A01	4.1	1	0.0603	2024-03-06
A5	0	0	0	0	0	0	0	0	cannot fit data	04G1A01	4.4	1	0.0614	2024-03-06
A6	0	0.0525807294359459	0	2543.79680494863	120.326994852004	2.92117431266364	2.9093875	0.00304699847109346		04G1A01	4.7	1	0.0787	2024-03-06
A7	0.0874868554060067	0.00426488463098065	0.0840070780345042	35.3672133812801	8.25105689636353	1.37562950415632	1.398425	0.00417516246910201		04G1A01	5	1	0.0587	2024-03-06
A8	0	0.0000213820398367641	0	26.1111834688424	2.45116165734719	0.760889962409033	0.80145	0.00186354645294323		04G1A01	5.3	1	0.0344	2024-03-06
A9	0	0.00365399256566909	0	32.7105593244832	7.43726758461834	1.39339581553988	1.40205	0.00290471558536616		04G1A01	5.6	1	0.0621	2024-03-06
B1	0	0.00480135956933699	0	-3.49747560705597	1.17815266756124	0.259882052983653	0.259	0.000150585800011934	questionable fit	04G1A01	3.2	2	0.00570000000000001	2024-03-06
B10	0	0.0000191922090604302	0	17.8884404255131	1.7210793953282	0.783161329196849	0.811075	0.001907202068204		04G1A01	5.9	2	0.0302	2024-03-06
B11	0	0.00175983169968721	0	20.0955791535092	4.14985700083037	1.4605548011747	1.478075	0.00542028925857755		04G1A01	6.2	2	0.0567	2024-03-06
B12	0	0.0000178465464389815	0	17.1436168501069	1.58920105151884	0.980191033815667	1.0078875	0.0029718796036309		04G1A01	6.5	2	0.0379	2024-03-06
B13	0	0.00125245101676073	0	30.5077853014849	5.49436162981521	1.10061509079933	1.1000375	0.00214637218435845		04G1A01	6.8	2	0.052	2024-03-06
B14	0	0.000801880135355863	0	12.1883809160396	3.29332115386652	0.400479310134973	0.4076625	0.00302544962607384		04G1A01	7.1	2	0.0175	2024-03-06
B15	0	0.0013627957359534	0	3.12050973201587	3.2859568082929	0.172186852550305	0.1719875	0.00121954545899818		04G1A01	7.4	2	0.0072	2024-03-06
B16	0	0.00165256863737477	0	37.5690105905525	14.8043107107041	0.195505553569515	0.1955125	0.00113204170223593		04G1A01	7.7	2	0.0078	2024-03-06
B17	0	0.00234765884307799	0	1260.05417746613	63.3184836485954	0.149032744523969	0.1485875	0.000607668797042165		04G1A01	8	2	0.0059	2024-03-06
B18	0	0.00306428089797019	0	909.207693932266	40.2292375520829	0.230207023461006	0.2298125	0.000816248370184538		04G1A01	8.3	2	0.00789999999999999	2024-03-06
B19	0	0	0	0	0	0	0	0	cannot fit data	04G1A01	8.6	2	0.0044	2024-03-06
B2	0	0.00159252821806723	0	20.0063756780017	13.8566361245753	0.155827937874386	0.1555375	0.000254698628584601		04G1A01	3.5	2	0.005	2024-03-06
B20	0	0.000241554837896695	0	400.969706089047	16.8559106011458	0.0367585099254891	0.0377874999999998	0.000393779323739661		04G1A01	8.9	2	0.0019	2024-03-06
B21	0	0	0	0	0	0	0	0	cannot fit data	04G1A01	9.2	2	0.000699999999999992	2024-03-06
B22	0	0.00424931856685792	0	-1.21140098318592	6.02739259305899	0.339983667283232	0.3392125	0.000585906363847061	questionable fit	04G1A01	9.5	2	0.00910000000000001	2024-03-06
B23	0	0	0	0	0	0	0	0	cannot fit data	04G1A01	9.8	2	0.002	2024-03-06
B24	0	0.00219999999999999	0	-0.241529849856837	0.15445840992506	0.0703026001929651	0.0699374999999999	0.000333371565903309	questionable fit (k < n0)	04G1A01	10.1	2	0.00219999999999999	2024-03-06
B3	0	0.00400726386584082	0	13121.4941770125	972.207651785731	0.196505794211191	0.1955	0.000258024245581192		04G1A01	3.8	2	0.0057	2024-03-06
B4	0	0.0018	0	-0.973759055270623	192792.535391719	0.00687439437771021	0.00517499999999998	0.000109987295686435	questionable fit (k < n0)	04G1A01	4.1	2	0.0018	2024-03-06
B5	0	0	0	0	0	0	0	0	cannot fit data	04G1A01	4.4	2	0.005	2024-03-06
B6	0	0.000164651568385024	0	236.219004139689	7.02907157108969	0.191910123588347	0.201	0.000481372390891463		04G1A01	4.7	2	0.0192	2024-03-06
B7	0	0.000000153579536178881	0	32.9873458307779	1.81930974595954	0.671386067998339	0.6646875	0.000588482473928146		04G1A01	5	2	0.0449	2024-03-06
B8	0	0.00000647715824979631	0	26.9318114269047	2.14643279011999	0.824770763409016	0.8425875	0.000953034754942096		04G1A01	5.3	2	0.0393	2024-03-06
B9	0	0.00259941388366599	0	663.121148516354	34.0556190037155	0.212924094120842	0.21245	0.00124972990309477		04G1A01	5.6	2	0.0084	2024-03-06
C1	0	0	0	0	0	0	0	0	cannot fit data	16G2A12	3.2	1	0.0174	2024-03-06
C10	0.118986130674911	0.0075931046306604	0.155348001626757	17.2890809315455	4.46189956292659	3.63369602801506	3.6330875	0.00322894681107827		16G2A12	5.9	1	0.1245	2024-03-06
C11	0.169024527112342	0.0108848433745516	0.184350686782215	14.516395127079	3.75993815189201	5.63411845329938	5.65015	0.00779766212969356		16G2A12	6.2	1	0.1854	2024-03-06
C12	0.14840872358188	0.00626720122489069	0.168011033415379	18.5790971865188	4.1256051252673	4.36391816728203	4.370075	0.0033680954381638		16G2A12	6.5	1	0.1486	2024-03-06
C13	0.175938018925125	0.0100662650364985	0.116275067440429	24.0982460525534	5.96127093983466	4.24033346100373	4.2394625	0.00338523158604761		16G2A12	6.8	1	0.1688	2024-03-06
C14	0.165995998961123	0.00901156965977496	0.130480988583629	21.9007947863258	5.31224654322487	4.33499591244759	4.357275	0.00459816374699398		16G2A12	7.1	1	0.1565	2024-03-06
C15	0.141516752429085	0.0118824460017505	0.110754636103424	21.5761195910554	6.25840330433372	3.72089541221739	3.7296375	0.00450259573284712		16G2A12	7.4	1	0.1324	2024-03-06
C16	0.139987667878426	0.0154065247869482	0.0752804964274197	27.7650420412311	9.20752669621713	3.00552148425387	3.0042125	0.00455628446179979		16G2A12	7.7	1	0.1108	2024-03-06
C17	0.156574978521627	0.0135452819145546	0.0772362825049815	30.5169269200118	8.97437264041339	3.04601300093891	3.047375	0.00448409666236406		16G2A12	8	1	0.1211	2024-03-06
C18	0.194787777742159	0.0179281556895653	0.050474645673072	45.3491821689453	13.7325814043255	2.58992692600627	2.579125	0.00539302080916085		16G2A12	8.3	1	0.1084	2024-03-06
C19	0	0.0185564105707695	0	35.2119057172437	21.2053788425185	1.54245419929695	1.5386625	0.00524786584818279		16G2A12	8.6	1	0.0524	2024-03-06
C2	0	0.0144310954001963	0	-5.53066508498966	1.99472181362559	0.790860313675391	0.7875625	0.000348491640689122	questionable fit	16G2A12	3.5	1	0.0176	2024-03-06
C20	0	0.000513271821791444	0	1.27859537126037	0.242012665064819	0.961701609693275	0.856325	0.00597408194282696		16G2A12	8.9	1	0.0255	2024-03-06
C21	0	0.00735809709307043	0	-0.0541187803086648	0.999178577482866	0.682202342078225	0.6811375	0.00324883194122332	questionable fit	16G2A12	9.2	1	0.0212	2024-03-06
C22	0	0.0122491721638111	0	-18.9309141623515	32.6613090402396	0.699608142738395	0.697525	0.00133175825620754	questionable fit	16G2A12	9.5	1	0.0173	2024-03-06
C23	0	0.00735036947910768	0	2.26957267969396	2.6156466866462	0.919405212445286	0.91905	0.00283757110662977		16G2A12	9.8	1	0.0259	2024-03-06
C24	0	0.00879226486514192	0	-0.246216415349043	0.748925830694514	0.751216998323349	0.749525	0.00287689507563091	questionable fit	16G2A12	10.1	1	0.0222	2024-03-06
C3	0	0.0191264143597079	0	-13.8587814145019	7.67516517573373	1.11807329892097	1.1142625	0.000227275293341775	questionable fit	16G2A12	3.8	1	0.0247	2024-03-06
C4	0	0.00903484474363762	0	744.910868439388	28.4063711757819	0.83005485470954	0.8312	0.00172224361119734		16G2A12	4.1	1	0.0334	2024-03-06
C5	0.112984727697925	0.0125888693099678	0.0874646954677922	23.7388115141036	7.92487959687905	2.75486986601441	2.7482875	0.00296893514908323		16G2A12	4.4	1	0.1044	2024-03-06
C6	0.091318760092859	0.00952589561988135	0.122705664946477	17.5230382756463	5.64886047324945	2.73642825892325	2.7285375	0.00323822828342716		16G2A12	4.7	1	0.0941	2024-03-06
C7	0	0.00521873042053414	0	16.5043451187162	4.41597559513161	2.34037995681575	2.322	0.00382349638827197		16G2A12	5	1	0.0799	2024-03-06
C8	0	0.00871850830284395	0	16.6023454200058	5.27587556684355	2.65571106865637	2.649375	0.00232560004678757		16G2A12	5.3	1	0.0885	2024-03-06
C9	0.152196872829658	0.012940154194819	0.158474114384561	14.9928834147809	4.37388265744095	4.973605453996	4.9746375	0.00755579502078421		16G2A12	5.6	1	0.1607	2024-03-06
D1	0	0.0169675371261893	0	16200.0451311315	1175.70868481623	0.82956051088975	0.826325	0.000280708021404049		16G2A12	3.2	2	0.0183	2024-03-06
D10	0.108874399477365	0.00552771319907912	0.176195094390466	16.6197306969264	3.93397547734139	3.40841912870568	3.4119	0.00357408543246149		16G2A12	5.9	2	0.1156	2024-03-06
D11	0.182584345162235	0.0182955612268855	0.112558479239223	19.50068353152	6.15810719232253	5.13163128473139	5.130525	0.00246221687979937		16G2A12	6.2	2	0.1743	2024-03-06
D12	0.117864461506706	0.00831323193288895	0.131323081292666	19.6351152461086	5.27818243173263	3.3219436120625	3.31625	0.00281653330575316		16G2A12	6.5	2	0.1176	2024-03-06
D13	0.174524070128513	0.00720435085452282	0.157463392114088	19.9743019485384	4.40195763125524	4.89223137658633	4.9207625	0.00555718848663089		16G2A12	6.8	2	0.1728	2024-03-06
D14	0.165907449304146	0.0100481303555282	0.120573790236663	22.7376713501873	5.74873842150466	4.20081066813094	4.2209125	0.0040745974438171		16G2A12	7.1	2	0.1536	2024-03-06
D15	0.175391911872621	0.00870023383308235	0.12597483296346	23.4395703856464	5.50226711363053	4.33210538532461	4.3655375	0.00682216917221548		16G2A12	7.4	2	0.1636	2024-03-06
D16	0.135876526563679	0.0128970747159962	0.0826553544162402	27.2821619330475	8.38599247992281	2.9468220658985	2.946075	0.00402900320343564		16G2A12	7.7	2	0.112	2024-03-06
D17	0.150235691630043	0.0103128122041479	0.0846050794387566	30.8220783118512	8.19273718738951	2.85187812056607	2.860125	0.00413576507155041		16G2A12	8	2	0.1187	2024-03-06
D18	0	0.0134496103528721	0	429.679203472415	16.2598180141807	2.14688989764127	2.1551625	0.00518280377805348		16G2A12	8.3	2	0.1039	2024-03-06
D19	0	0.0168379095494622	0	736.980530241896	30.8138467835327	1.46500705491176	1.4633875	0.00544110538371378		16G2A12	8.6	2	0.0525	2024-03-06
D2	0	0.0138358305428575	0	-20.2799154210868	7.19583883933736	0.739912671268408	0.73685	0.000285156248884302	questionable fit	16G2A12	3.5	2	0.0161	2024-03-06
D20	0	0.00604992437612113	0	0.89729964601992	1.08192103768428	0.782973099383239	0.7469125	0.00382493294512231		16G2A12	8.9	2	0.0219	2024-03-06
D21	0	0.00870444782084031	0	-0.80315635211677	0.958710284219938	0.645954921882067	0.644625	0.00473469621552006	questionable fit	16G2A12	9.2	2	0.0234	2024-03-06
D22	0	0.00920464392710676	0	-45.830272304868	21.5288328102442	0.388518954499722	0.3821375	0.00261353180531107	questionable fit (k < n0)	16G2A12	9.5	2	0.0169	2024-03-06
D23	0	0.00731061430085049	0	0.69039259733859	2.45890493619543	0.734768940668365	0.7337375	0.00245271469195117		16G2A12	9.8	2	0.0208	2024-03-06
D24	0	0	0	0	0	0	0	0	cannot fit data	16G2A12	10.1	2	0.0216	2024-03-06
D3	0	0.0157520971709252	0	-21.8681751318276	12.7144280923287	0.898044216255726	0.8949125	0.000170129372168283	questionable fit	16G2A12	3.8	2	0.0203	2024-03-06
D4	0	0.00940579517720243	0	2757.66190536128	135.716272692778	0.514033655363772	0.5118125	0.000379444164858433		16G2A12	4.1	2	0.0131	2024-03-06
D5	0.11455615632603	0.0116532966472734	0.0868548898629621	25.0785686648892	7.98051994140547	2.67330308414796	2.66745	0.00265426638588185		16G2A12	4.4	2	0.1043	2024-03-06
D6	0.087107201612276	0.00708848350879169	0.119723584870661	20.2448762298463	5.78956252695541	2.39847947797119	2.3908625	0.00253898358768478		16G2A12	4.7	2	0.0892	2024-03-06
D7	0	0.0048807721691202	0	15.373355946504	3.99555483408704	2.43911122447777	2.4280125	0.00275241079957256		16G2A12	5	2	0.0776	2024-03-06
D8	0	0.00723713386253882	0	16.6479006671434	4.93970230854553	2.54247927292376	2.5371875	0.00211676176707133		16G2A12	5.3	2	0.0854	2024-03-06
D9	0.19183235768599	0.0168219179332768	0.117915395486295	19.8630801620242	5.87834334695087	5.34315672338366	5.319325	0.00638766609065308		16G2A12	5.6	2	0.1902	2024-03-06
E1	0	0.0189767949871306	0	2995.75807886185	169.002587996124	1.01134927523525	1.0076625	0.0005085945600369		18G1A07	3.2	1	0.0234	2024-03-06
E10	0.201348295272089	0.000648758542095779	0.216321473067982	26.5091742570935	3.20424584175292	4.37284469785188	4.4416875	0.0050639662306789		18G1A07	5.9	1	0.204	2024-03-06
E11	0.30820472713995	0.00370078105160579	0.114934120701365	38.3710261756194	6.03082162485901	3.7477300240039	3.8323875	0.00821388587108715		18G1A07	6.2	1	0.2261	2024-03-06
E12	0.219782908742949	0.000429655191287667	0.21594979594377	28.8745618195449	3.20976075726615	4.26090420503736	4.425975	0.00771008953269294		18G1A07	6.5	1	0.2137	2024-03-06
E13	0	0.00586466659647047	0	268.170438955746	10.0326683496855	2.28684784800252	2.3279625	0.00691756562866338		18G1A07	6.8	1	0.1488	2024-03-06
E14	0.201659713367488	0.000130025721206084	0.229412245541046	32.0207828449073	3.0214044543491	3.28329606395977	3.503975	0.00930043537165271		18G1A07	7.1	1	0.1896	2024-03-06
E15	0	0.00952536225099262	0	362.137843991875	12.7717645158295	2.22537939017515	2.2688625	0.00562293749524685		18G1A07	7.4	1	0.1278	2024-03-06
E16	0	0.00787870028759412	0	-4.50120287771843	4.28802161199112	0.534721414521024	0.5330375	0.00102133001208562	questionable fit	18G1A07	7.7	1	0.0144	2024-03-06
E17	0	0.00902713455736824	0	-1.60637050103938	2.18620199501816	0.675115900767208	0.6732625	0.00100460318502514	questionable fit	18G1A07	8	1	0.0177	2024-03-06
E18	0	0.00872796555171508	0	-8.01396953416761	4.5811284549575	0.526339887328001	0.5243625	0.000602856193348105	questionable fit	18G1A07	8.3	1	0.0123	2024-03-06
E19	0	0.00962126621771374	0	-3.13873644406731	2.66889987927859	0.649396265766881	0.6474375	0.000790142236199291	questionable fit	18G1A07	8.6	1	0.0154	2024-03-06
E2	0	0.009484895653092	0	-29.4538412141675	21.9393127245022	0.532833621149959	0.530875	0.000511162362775096	questionable fit	18G1A07	3.5	1	0.0127	2024-03-06
E20	0	0.0112384998573255	0	-27.8374039690647	7.43422091281375	0.509833082072849	0.5006	0.000461601742497359	questionable fit (k < n0)	18G1A07	8.9	1	0.0121	2024-03-06
E21	0	0.00816173550310892	0	-5.02981147993829	2.87990387799081	0.499151190206275	0.4974625	0.00102544689847943	questionable fit	18G1A07	9.2	1	0.0124	2024-03-06
E22	0	0.00737460779361681	0	-1.03992296193363	0.59025792368939	0.252185671420797	0.2369375	0.00133064114635412	questionable fit (k < n0)	18G1A07	9.5	1	0.00989999999999999	2024-03-06
E23	0	0.00674045736421163	0	-3.46308780492762	1.75527051956963	0.402786661004079	0.401575	0.00130993000383549	questionable fit	18G1A07	9.8	1	0.0111	2024-03-06
E24	0	0.00813276712653892	0	-16.8240474035705	9.02135528594768	0.308502448137043	0.280975	0.00108036814936077	questionable fit (k < n0)	18G1A07	10.1	1	0.00890000000000001	2024-03-06
E3	0	0.0103838886736163	0	-7.8663475004631	2.94168282242118	0.571500148527534	0.56965	0.000337269369110352	questionable fit	18G1A07	3.8	1	0.0125	2024-03-06
E4	0	0	0	0	0	0	0	0	cannot fit data	18G1A07	4.1	1	0.0088	2024-03-06
E5	0	0.0131	0	-21.7184035293137	9.75639681890974	0.530306895864363	0.486225	0.00199866457424286	questionable fit (k < n0)	18G1A07	4.4	1	0.0131	2024-03-06
E6	0	0.010466137598835	0	2.23928271912455	43.9439167479485	0.600192795905488	0.5981125	0.000521050314357877		18G1A07	4.7	1	0.0151	2024-03-06
E7	0.604161042681879	0.00259613169672211	0.0746817654849702	72.9162183195558	9.28134432895057	1.15110676199625	1.1632375	0.00207628090392693		18G1A07	5	1	0.0808	2024-03-06
E8	0.153553885557424	0.0019113517695336	0.114505969407752	38.1963953310734	6.05337157656535	1.88961211038189	1.953325	0.00531531426214667		18G1A07	5.3	1	0.1074	2024-03-06
E9	0	0.00598600608420625	0	311.88752783605	10.9363983464392	1.90960172475238	1.919775	0.00187918402119046		18G1A07	5.6	1	0.1241	2024-03-06
F1	0	0.016783153662113	0	12.2291096633373	46.0821081838839	0.969077988714961	0.9657375	0.000583985875164755		18G1A07	3.2	2	0.0234	2024-03-06
F10	0.200128684429746	0.000723688412966641	0.196848741222086	28.5433994936584	3.52121723642587	3.95111284219779	4.0276375	0.00502652215090156		18G1A07	5.9	2	0.2021	2024-03-06
F11	0.331673705061074	0.00363503712854791	0.114971704238446	39.1619155007177	6.02885018667191	3.83961911620935	3.9337875	0.00799152663055079		18G1A07	6.2	2	0.2286	2024-03-06
F12	0.214684968294063	0.000379161281714586	0.210733701179249	30.0720652806448	3.28920897170765	3.9120298040022	4.06305	0.00684833818306631		18G1A07	6.5	2	0.2053	2024-03-06
F13	0	0.00870725800370651	0	429.000110945621	16.1506773048293	1.40270374257933	1.420375	0.0057782721562425		18G1A07	6.8	2	0.0765	2024-03-06
F14	0	0.00734448894523346	0	4.24097330773415	4.41723216565934	0.893908293852905	0.8945375	0.002277111295518		18G1A07	7.1	2	0.0259	2024-03-06
F15	0	0.00813996980942426	0	-0.888914361634492	2.02701709829634	0.658985645032648	0.6573125	0.00298486761780755	questionable fit	18G1A07	7.4	2	0.0198	2024-03-06
F16	0	0.00596197503392953	0	0.902659690355084	3.18895102979245	0.588622587817844	0.587625	0.00148549526425579		18G1A07	7.7	2	0.0165	2024-03-06
F17	0	0.00806241503793128	0	-2.64944604937894	2.22569987484632	0.545357999547068	0.54365	0.000755498715168333	questionable fit	18G1A07	8	2	0.0133	2024-03-06
F18	0	0.008474158071542	0	-20.1934314903913	13.5330021898981	0.492089558706291	0.489925	0.000827496834893252	questionable fit	18G1A07	8.3	2	0.0131	2024-03-06
F19	0	0.00848592032179849	0	-3.7034490004358	2.71285653767434	0.552675396800032	0.5509875	0.000549937408896477	questionable fit	18G1A07	8.6	2	0.0133	2024-03-06
F2	0	0.00752327990578325	0	-21.8641183113063	25.4860209857631	0.433615015325384	0.4320875	0.000448394824444302	questionable fit	18G1A07	3.5	2	0.0106	2024-03-06
F20	0	0.00600975863819777	0	-3.53348549615838	3.36424694351354	0.412500018446783	0.4108125	0.000590472205842774	questionable fit	18G1A07	8.9	2	0.0103	2024-03-06
F21	0	0.00710029033787573	0	-1.58601440346763	2.69047536991616	0.546294628698992	0.5450875	0.000962488019139495	questionable fit	18G1A07	9.2	2	0.0134	2024-03-06
F22	0	0.00591439928268485	0	-5.53295145354793	2.61928482228724	0.345274381595354	0.344225	0.000686221857974396	questionable fit	18G1A07	9.5	2	0.0088	2024-03-06
F23	0	0.00624058324014169	0	-0.414663148545143	0.153496435504246	0.346809984564894	0.3235875	0.00153208592556278	questionable fit	18G1A07	9.8	2	0.00929999999999999	2024-03-06
F24	0	0.00750000000000001	0	-16.1592007161104	8.79890528809563	0.282364888517692	0.256675	0.00106132229194777	questionable fit (k < n0)	18G1A07	10.1	2	0.00750000000000001	2024-03-06
F3	0	0.00954861286779843	0	-8.04212315101887	2.98637765965005	0.524585512839037	0.52275	0.000222670579668552	questionable fit	18G1A07	3.8	2	0.0117	2024-03-06
F4	0	0.0061581458998501	0	-74.8690073408304	36.0231011394653	0.268519680126209	0.2336375	0.00130006187962831	questionable fit (k < n0)	18G1A07	4.1	2	0.00949999999999999	2024-03-06
F5	0	0.0148434179467161	0	-10.3425071946891	6.28408896544749	0.521928580879654	0.463875	0.00234380013069702	questionable fit (k < n0)	18G1A07	4.4	2	0.0169	2024-03-06
F6	0	0.0126156929354045	0	-8.40956548461539	2.49145094973926	0.553628870625663	0.5384125	0.000590111635440912	questionable fit (k < n0)	18G1A07	4.7	2	0.0128	2024-03-06
F7	0.174644272482621	0.00129844526987933	0.0831563046550907	58.8544791423365	8.33547358116655	0.709351045881179	0.7142375	0.000779854880002547		18G1A07	5	2	0.0513	2024-03-06
F8	0.358872786794005	0.00419236903330602	0.0719851524035879	61.6509242292576	9.62902984040078	1.54615940908033	1.5652875	0.00290402443328042		18G1A07	5.3	2	0.0906	2024-03-06
F9	0	0.00698434767132006	0	353.376462916329	11.4976152363151	2.00187833403728	2.016975	0.00196725113049118		18G1A07	5.6	2	0.1277	2024-03-06
G1	0	0.00460000000000001	0	-4.41266785318699	1.71458961523151	0.186214482099191	0.18535	0.000135482727441278	questionable fit (k < n0)	18G4B09	3.2	1	0.00460000000000001	2024-03-06
G10	0	0.00108101682195742	0	22.5107205722714	4.55383362733717	0.879397843104367	0.9087375	0.00309418103918549		18G4B09	5.9	1	0.033	2024-03-06
G11	0	0.0031428300382185	0	39.3225266936842	9.85031278296068	0.749680509495235	0.7556375	0.00220199340997131		18G4B09	6.2	1	0.034	2024-03-06
G12	0	0.0000597664088861913	0	24.7561505081533	2.88298571216264	0.54028456661082	0.5537375	0.00155159184361264		18G4B09	6.5	1	0.0289	2024-03-06
G13	0	0.00528572036792071	0	456.573966894831	19.8329773541565	0.66394137270181	0.6626875	0.00162112617048793		18G4B09	6.8	1	0.0344	2024-03-06
G14	0	0.00183718629091083	0	10.3240051622932	5.81318420935498	0.291164814296055	0.2943	0.00209736302325913		18G4B09	7.1	1	0.0129	2024-03-06
G15	0	0.00000000618292922770206	0	19.5796396768825	1.02449872054183	0.100226087564808	0.1038375	0.00122447649671597		18G4B09	7.4	1	0.0072	2024-03-06
G16	0	0.0015686259172057	0	11.7624946692397	10.0476987413298	0.164407418605439	0.1645375	0.00120411277499065		18G4B09	7.7	1	0.00849999999999999	2024-03-06
G17	0	0.000889074279963817	0	34.084192035206	10.5164258048601	0.163912992548879	0.164875	0.000561567480528483		18G4B09	8	1	0.0069	2024-03-06
G18	0	0.0024067537732317	0	4257.97625818302	277.063300313837	0.123288676189512	0.1225625	0.000417951629172478		18G4B09	8.3	1	0.0039	2024-03-06
G19	0	0.00215660050623209	0	-4.18457417748379	8.16756388401607	0.154362192365199	0.1539	0.000373733427129322	questionable fit	18G4B09	8.6	1	0.0043	2024-03-06
G2	0	0	0	0	0	0	0	0	cannot fit data	18G4B09	3.5	1	0	2024-03-06
G20	0	0	0	0	0	0	0	0	cannot fit data	18G4B09	8.9	1	0.00219999999999999	2024-03-06
G21	0	0.00319999999999999	0	-0.126769660517361	0.138919998272792	0.0725273655843093	0.0674249999999999	0.000656673379480466	questionable fit (k < n0)	18G4B09	9.2	1	0.00319999999999999	2024-03-06
G22	0	0	0	0	0	0	0	0	cannot fit data	18G4B09	9.5	1	0.0035	2024-03-06
G23	0	0.00182837119093519	0	-1.0898807311306	1.10158827857099	0.0447480043349701	0.04465	0.000840346933603271	questionable fit (k < n0)	18G4B09	9.8	1	0.0043	2024-03-06
G24	0	0	0	0	0	0	0	0	cannot fit data	18G4B09	10.1	1	0.0025	2024-03-06
G3	0	0.00188726816737785	0	5437.79261886577	359.215447712668	0.0953301479984004	0.0949125000000002	0.00047113416731855		18G4B09	3.8	1	0.0057	2024-03-06
G4	0	0.0000000245405933105967	0	40.5960910800835	1.88657745128085	0.572428445196989	0.5667625	0.000713362030268227		18G4B09	4.1	1	0.0724	2024-03-06
G5	0.156174537496956	0.0000000115257110087929	0.352200917589617	46.6265236580569	1.96804478904736	0.447008703550307	0.4553625	0.00116698892724547		18G4B09	4.4	1	0.0998	2024-03-06
G6	0	0.0000000855790767177035	0	38.7171248475895	1.97540637081324	0.651528162558422	0.667225	0.000883273608895644		18G4B09	4.7	1	0.0668	2024-03-06
G7	0	0.00000794553959393773	0	33.1848071629964	2.57255865588619	0.915575179031033	0.9042375	0.000839604003381752		18G4B09	5	1	0.0621	2024-03-06
G8	0	0.0000156500945805991	0	36.2234054387615	2.99798030533722	0.830939545678922	0.826225	0.00134014349228602		18G4B09	5.3	1	0.0652	2024-03-06
G9	0	0.00000414352793024297	0	40.8301670306963	3.0755241665676	0.334586223834593	0.3591125	0.00127558093014134		18G4B09	5.6	1	0.0347	2024-03-06
H1	0	0	0	0	0	0	0	0	cannot fit data	19G3B07	3.2	1	0.0185	2024-03-06
H10	0.152932346822026	0.00666958538446789	0.264951614682322	11.6543809214148	2.61612740647394	5.56326254644311	5.576775	0.00679429436567178		19G3B07	5.9	1	0.1696	2024-03-06
H11	0.228656456308666	0.0184472181498049	0.165477867561981	14.7040197059089	4.18876065284272	7.54817575257088	7.5796125	0.0083841024623654		19G3B07	6.2	1	0.2275	2024-03-06
H12	0.167410085397633	0.0227013747457072	0.0859349860038949	21.5546360316198	8.06594860594414	4.36473302160735	4.3427875	0.00650620014329593		19G3B07	6.5	1	0.159	2024-03-06
H13	0.133625204081668	0.0224199480023251	0.0770857324038937	20.7746167711289	8.99189978410238	3.54391729285832	3.5303	0.00613754450502301		19G3B07	6.8	1	0.127	2024-03-06
H14	0	0.0226617970525943	0	0.783031363118374	9.15664798985935	1.82185366872426	1.819875	0.00336913835178926		19G3B07	7.1	1	0.0465	2024-03-06
H15	0	0.0278329973928389	0	-24.1656247623727	9.6807328471165	1.16436511828535	1.13115	0.00395625927972578	questionable fit (k < n0)	19G3B07	7.4	1	0.0396	2024-03-06
H16	0	0.00708650919609767	0	0.307544286341175	0.294809331785653	1.03514699310101	1.0341125	0.00454840185315156		19G3B07	7.7	1	0.037	2024-03-06
H17	0	0.00792271587911803	0	0.425887345589315	0.326322032999272	1.30938101746181	1.294325	0.00402605471907911		19G3B07	8	1	0.0408	2024-03-06
H18	0	0.00563873874066524	0	0.396902523551709	0.279766025473145	0.987508977094649	0.987025	0.00616987152052237		19G3B07	8.3	1	0.0405	2024-03-06
H19	0	0.00956153001208022	0	0.445254476858957	0.477909400262998	1.31949505655951	1.271475	0.00601296302601056		19G3B07	8.6	1	0.0398	2024-03-06
H2	0	0.0111076992259532	0	-152.910767791378	29.5542828334257	0.529355835357753	0.5211375	0.000419161384107545	questionable fit (k < n0)	19G3B07	3.5	1	0.0122	2024-03-06
H20	0	0.0331751645068449	0	-18.9747254845127	23.1038988566407	1.02599920461223	0.96955	0.00732753454387129	questionable fit (k < n0)	19G3B07	8.9	1	0.041	2024-03-06
H21	0	0.00735937659648151	0	0.404336238949524	0.322683050076546	1.18604395170064	1.1590375	0.00625767962761269		19G3B07	9.2	1	0.0388	2024-03-06
H22	0	0	0	0	0	0	0	0	cannot fit data	19G3B07	9.5	1	0.0344	2024-03-06
H23	0	0.00591907777847267	0	0.410419190670381	0.245248216590766	1.18278192888136	1.14945	0.00615630811597066		19G3B07	9.8	1	0.0391	2024-03-06
H24	0	0	0	0	0	0	0	0	cannot fit data	19G3B07	10.1	1	0.038	2024-03-06
H3	0.102276756207031	0.0131895568860793	0.153104376816942	12.476392419076	4.52728520876121	3.56424391736046	3.559225	0.00232656922019724		19G3B07	3.8	1	0.1092	2024-03-06
H4	0.130670786230579	0.0167770842633276	0.129751374420723	14.7609353638359	5.34211821381094	4.24414389806897	4.225375	0.00591562474058708		19G3B07	4.1	1	0.1315	2024-03-06
H5	0.14734320783132	0.0186648648052224	0.162417674512294	11.8870865641191	4.26768319791132	5.23003005485475	5.2145875	0.00402530836719267		19G3B07	4.4	1	0.1504	2024-03-06
H6	0.15570860555791	0.0193879255372933	0.127100185200919	15.3450569020285	5.45354972901276	4.97152390322106	4.94565	0.00764007126138643		19G3B07	4.7	1	0.1593	2024-03-06
H7	0.143064558293129	0.00999221112832903	0.205684935545168	12.58763571952	3.36994626622878	5.04492552882477	5.0162875	0.00635330441753749		19G3B07	5	1	0.1594	2024-03-06
H8	0.159354074257502	0.0175774061000337	0.154224347501168	13.5363758113764	4.49440825518614	5.40789685302629	5.3700375	0.0101923530954493		19G3B07	5.3	1	0.1729	2024-03-06
H9	0.210538696623274	0.0247449976971458	0.170921136553245	11.7949926961149	4.05536257561696	7.51303282204642	7.5128625	0.0142362254080699		19G3B07	5.6	1	0.2318	2024-03-06
I1	0	0.0231711067957345	0	-0.194042994063208	0.0596329496630782	1.23369333757626	1.21175	0.00171435596369213	questionable fit	23G1B04	3.2	1	0.029	2024-03-06
I10	0.244638776142197	0.0201583156782844	0.205072696992122	11.7527677303764	3.38000714247481	8.81442964015698	8.779625	0.00956170762387249		23G1B04	5.9	1	0.2505	2024-03-06
I11	0.429438310110584	0.0153730843150596	0.247962424816766	13.2818724673499	2.79537184342406	14.9322285990751	14.909225	0.0112105927967539		23G1B04	6.2	1	0.4412	2024-03-06
I12	0.248402140825588	0.0180259195953728	0.162314575897224	15.6973149410768	4.27039393553193	7.96618400893419	7.9324125	0.0133717133233865		23G1B04	6.5	1	0.2568	2024-03-06
I13	0.23467878610331	0.0254934912948621	0.111924428572964	18.8055216167564	6.19299280235397	6.73377142922624	6.7101125	0.0122123183311681		23G1B04	6.8	1	0.2496	2024-03-06
I14	0.227940013088498	0.0156760917005304	0.122908288988712	21.2003088156028	5.63954787966825	6.0880699318391	6.0792875	0.0105258821342872		23G1B04	7.1	1	0.2306	2024-03-06
I15	0.173635420567629	0.0158735728352822	0.103416646959123	22.205621918829	6.70247199983112	4.46298937509316	4.4990625	0.0136712457996083		23G1B04	7.4	1	0.1579	2024-03-06
I16	0	0.0099112973382483	0	3.24804573809042	1.87804415996871	1.89239685153505	1.8899625	0.00350984709865043		23G1B04	7.7	1	0.0536	2024-03-06
I17	0	0.013083458091075	0	1.98717978977728	1.70635980120167	1.92146382712269	1.9187625	0.00238380950534642		23G1B04	8	1	0.0515	2024-03-06
I18	0	0.010489151862909	0	1.83481819000674	1.46706577520023	1.61723594934659	1.615775	0.00315566060443879		23G1B04	8.3	1	0.0454	2024-03-06
I19	0	0.0115980615642943	0	2.36739798408249	1.64116073542613	1.9443451572477	1.9431125	0.00397843546948981		23G1B04	8.6	1	0.0549	2024-03-06
I2	0	0.0194324943001009	0	-45.5834524726619	16.1061986073532	0.85682225633284	0.830675	0.00137389270449841	questionable fit (k < n0)	23G1B04	3.5	1	0.0208	2024-03-06
I20	0	0.00995218252815617	0	3.11205267214128	2.01004737754643	1.72774574020375	1.726825	0.00297459183574265		23G1B04	8.9	1	0.046	2024-03-06
I21	0	0.0123570469228067	0	2.111185608097	1.89366464402397	1.76238158522003	1.7609375	0.00353507005711479		23G1B04	9.2	1	0.0455	2024-03-06
I22	0	0.0113151988950235	0	2.30685671033218	2.34987147121701	1.49801286814688	1.4953625	0.00177215025047325		23G1B04	9.5	1	0.0372	2024-03-06
I23	0	0.014168410040481	0	1.27934217380916	2.69905719649902	1.51666913171773	1.5147375	0.00247617519335534		23G1B04	9.8	1	0.0418	2024-03-06
I24	0	0.0145915854580768	0	2.26189793847367	10.0501329817087	1.18903208017334	1.1863125	0.00140354949451306		23G1B04	10.1	1	0.0322	2024-03-06
I3	0.114756038678039	0.0234075809367325	0.124831200021392	10.9077014234702	5.55267577689841	4.07847260978543	4.0680625	0.00335106862571201		23G1B04	3.8	1	0.1181	2024-03-06
I4	0.143311775612843	0.0114245824464951	0.247085388203447	9.90013852705654	2.80529409529152	5.44064180849915	5.4411125	0.00253912833636809		23G1B04	4.1	1	0.1465	2024-03-06
I5	0.15090862353079	0.00891797604008887	0.366222276514172	7.55741076027358	1.89269529739577	6.10817496823189	6.12365	0.00446210468327694		23G1B04	4.4	1	0.1558	2024-03-06
I6	0.159997538979408	0.00903939764711413	0.330164875790647	8.52728516834372	2.09939709334636	6.31931102745323	6.3229375	0.00254461062690339		23G1B04	4.7	1	0.1622	2024-03-06
I7	0.161881195308667	0.00864926019816814	0.321919185009042	8.92919413350063	2.15317139467931	6.32954944846749	6.317675	0.00476468488265094		23G1B04	5	1	0.1677	2024-03-06
I8	0.189522353800505	0.0147057710154076	0.263295952205116	9.4019573880873	2.63257818722546	7.29493147449067	7.2727875	0.00796010241668874		23G1B04	5.3	1	0.1977	2024-03-06
I9	0.3744221374708	0.0095212096930752	0.346247240288935	10.5303481223962	2.0018850691244	14.0763959407949	14.0769875	0.00913030887585198		23G1B04	5.6	1	0.3849	2024-03-06
J1	0	0.0170786855965955	0	-17.7458042253617	11.5334991821028	0.614890381726709	0.5978625	0.00111352522020972	questionable fit (k < n0)	23G4A04	3.2	1	0.0175	2024-03-06
J10	0.273337044413465	0.0103594602001792	0.0828276665531324	39.0469610066641	8.36854651839437	3.64243150949356	3.6535	0.00414901665854832		23G4A04	5.9	1	0.1763	2024-03-06
J11	0.24519457435551	0.00449671474362524	0.123441799139641	32.2434978018785	5.61517399609378	4.13501221598805	4.205375	0.00635502079516577		23G4A04	6.2	1	0.2092	2024-03-06
J12	0.289373569820641	0.0104642916187856	0.0682992863853242	48.066650061204	10.1486738331264	2.80000432245146	2.803725	0.00253009346489914		23G4A04	6.5	1	0.1386	2024-03-06
J13	0.178663288730535	0.00691862474938107	0.0697417309850144	46.0526545942252	9.9387722497006	1.87349281879289	1.885475	0.00313139439344073		23G4A04	6.8	1	0.0903	2024-03-06
J14	0	0.00908801024427627	0	10.1570767924038	9.9810530217841	0.914051838048194	0.9138875	0.00190882452705767		23G4A04	7.1	1	0.0268	2024-03-06
J15	0	0.00709605520384974	0	-0.464626581193553	1.26036324742763	0.593800184013523	0.5925375	0.00334312768759572	questionable fit	23G4A04	7.4	1	0.0194	2024-03-06
J16	0	0.00580776023478934	0	-0.139690102077818	1.32830598565733	0.526067259940929	0.5250875	0.00198637251028727	questionable fit	23G4A04	7.7	1	0.0153	2024-03-06
J17	0	0.000936505474854644	0	0.765026181201663	0.195732763550497	0.711247371748202	0.6807375	0.00388726138344433		23G4A04	8	1	0.0223	2024-03-06
J18	0	0.00719291547763249	0	0.125281475234057	1.55114713678272	0.689458854784092	0.6846375	0.00186574796361024		23G4A04	8.3	1	0.0184	2024-03-06
J19	0	0.00615321313833089	0	1.41282957031287	1.2961425705896	0.886879947913678	0.886	0.00169347827856468		23G4A04	8.6	1	0.0234	2024-03-06
J2	0	0.00833906010224591	0	44066.5321218245	4319.69932707556	0.403497413653066	0.4020625	0.000375196209821968		23G4A04	3.5	1	0.00910000000000001	2024-03-06
J20	0	0.00654591258971206	0	-0.781289719863222	2.68225831979664	0.545846525763957	0.5449125	0.00210605027915614	questionable fit	23G4A04	8.9	1	0.017	2024-03-06
J21	0	0.00506729822465283	0	2.49349279315059	1.9935943345062	0.765472114814305	0.7646	0.00148502747987815		23G4A04	9.2	1	0.0202	2024-03-06
J22	0	0.00627188658580966	0	1.07031367188092	2.98510291035174	0.639037445657859	0.6375625	0.00172835087834862		23G4A04	9.5	1	0.0178	2024-03-06
J23	0	0.0046847792235663	0	0.471970686391423	2.60328238187361	0.453388541297839	0.452475	0.00147976211283587		23G4A04	9.8	1	0.0149	2024-03-06
J24	0	0.00667806022076307	0	-26.9988196760066	9.22394107837873	0.290167061776397	0.2803625	0.000843981333786432	questionable fit (k < n0)	23G4A04	10.1	1	0.00810000000000001	2024-03-06
J3	0	0.00772849825034397	0	-0.395509891857402	0.726405371392302	0.620791855298835	0.619275	0.000552086295445342	questionable fit	23G4A04	3.8	1	0.0141	2024-03-06
J4	0	0.00634092503526554	0	0.392423263877284	2.3420768437024	0.614651819227102	0.613575	0.000506097243518734		23G4A04	4.1	1	0.0143	2024-03-06
J5	0	0.0112925935282727	0	8.72111822986837	8.04189260033279	1.24664109716589	1.24435	0.000537277091833466		23G4A04	4.4	1	0.0347	2024-03-06
J6	0	0.0076765144439575	0	15.0227949407071	6.49220701456679	1.45466352769213	1.4554	0.00101371040296031		23G4A04	4.7	1	0.0435	2024-03-06
J7	0	0.00254940806808499	0	24.4237438487361	4.92505997299642	1.94776155451841	1.9420875	0.000879487980483249		23G4A04	5	1	0.081	2024-03-06
J8	0.0906087760353329	0.00811124019612115	0.106096653453878	21.8623073442317	6.533167239448	2.35700307558992	2.3557125	0.000942649144957677		23G4A04	5.3	1	0.0869	2024-03-06
J9	0.148388758791202	0.0111678128376841	0.0759002033919199	33.0507228143981	9.13234944814042	2.63285663576929	2.6409	0.00348470472064299		23G4A04	5.6	1	0.1093	2024-03-06
K1	0	0.0156303714440857	0	-107.44102631523	31.1433165708896	0.725377661832239	0.7013625	0.000996078870098978	questionable fit (k < n0)	35G4A01	3.2	1	0.0179	2024-03-06
K10	0	0.0110685891681291	0	634.126118017055	21.9222532365006	1.25693479480038	1.2563625	0.00088566163703806		35G4A01	5.9	1	0.0541	2024-03-06
K11	0	0.00425811234127824	0	255.372375345816	8.61996632078433	2.50061555113451	2.7461875	0.0145841410568351		35G4A01	6.2	1	0.2339	2024-03-06
K12	0	0.00133945095953327	0	210.506958353286	6.75592113008417	1.82122935355587	2.0720875	0.0112703631021869		35G4A01	6.5	1	0.1908	2024-03-06
K13	0.304766884543349	0.000011568971583702	0.259472716538022	39.2293184987033	2.67136826487256	2.84314687764382	3.1198875	0.00895793852361173		35G4A01	6.8	1	0.2709	2024-03-06
K14	0	0.00124259147325335	0	191.034507226946	6.33968194511025	2.19796010931739	2.477325	0.0139863441309089		35G4A01	7.1	1	0.2168	2024-03-06
K15	0.40645480476035	0.000812325271864599	0.146368645489128	42.4498470721908	4.73562611885637	3.32672370078648	3.6956875	0.0180724154394939		35G4A01	7.4	1	0.257	2024-03-06
K16	0	0.0155343429112191	0	-1.3053515677652	2.3214856690635	1.21069770736736	1.208075	0.00180548220900018	questionable fit	35G4A01	7.7	1	0.0291	2024-03-06
K17	0	0.0103890426243303	0	0.290585030363665	1.1647614485863	1.06609634294975	1.064775	0.00141666884184613		35G4A01	8	1	0.0273	2024-03-06
K18	0	0.012756950599334	0	0.107996934365238	1.76493736586291	1.20897498729204	1.2064	0.0009026000697744		35G4A01	8.3	1	0.0279	2024-03-06
K19	0	0.0127036540490332	0	0.0171476306096886	1.54901763938635	1.18961458722863	1.1871625	0.00059912313061505		35G4A01	8.6	1	0.0267	2024-03-06
K2	0	0.00800000000000001	0	-16.154700514657	11.0350302393493	0.28093357808658	0.269175	0.000503411039047638	questionable fit (k < n0)	35G4A01	3.5	1	0.00800000000000001	2024-03-06
K20	0	0.00793775106691924	0	0.0594437795118575	1.03382716672222	0.763518762335037	0.761525	0.000841316465762283		35G4A01	8.9	1	0.0179	2024-03-06
K21	0	0.00672698675074073	0	0.684547949546517	1.09562254912497	0.79899841843813	0.79145	0.00125320887181481		35G4A01	9.2	1	0.018	2024-03-06
K22	0	0.00713932593096875	0	-0.131122326912261	1.06556490808813	0.64637874273434	0.64455	0.00106738203073445	questionable fit	35G4A01	9.5	1	0.0165	2024-03-06
K23	0	0.00282258959633984	0	0.630264142342251	0.263896312838278	0.836051184177138	0.7584875	0.0037554838783377		35G4A01	9.8	1	0.0195	2024-03-06
K24	0	0.00704347798434292	0	-0.225480057441825	0.621739610592546	0.597066007373004	0.59565	0.00149984264558561	questionable fit	35G4A01	10.1	1	0.0153	2024-03-06
K3	0	0.00915065575625527	0	-7.88400539122721	4.21806156817876	0.544641055901665	0.54285	0.000374791799312402	questionable fit	35G4A01	3.8	1	0.0121	2024-03-06
K4	0	0.00723941322947542	0	-7.02087027175912	8.97277988945505	0.485949374256734	0.4847	0.000363615678766124	questionable fit	35G4A01	4.1	1	0.0118	2024-03-06
K5	0	0.0103932740456158	0	-6.83014651057812	6.66782245996285	0.688092258294609	0.68605	0.000541257037727394	questionable fit	35G4A01	4.4	1	0.0161	2024-03-06
K6	0	0.00925570037839256	0	5.68150232554164	11.4152363479472	0.779142270251498	0.7768625	0.000478419327500816		35G4A01	4.7	1	0.0211	2024-03-06
K7	0	0.00202713272085651	0	27.9430355329882	8.11234182840175	0.509318667607617	0.5067875	0.000639155344702576		35G4A01	5	1	0.0218	2024-03-06
K8	0	0.0110590774836516	0	54.9789820307081	20.489294760961	1.06857953024604	1.066275	0.000296077407282971		35G4A01	5.3	1	0.0368	2024-03-06
K9	0	0.0134337798213739	0	20.1820416636004	16.120997589248	1.17939313697722	1.177275	0.00175831045972148		35G4A01	5.6	1	0.0392	2024-03-06
L1	0	0.0181435565555334	0	-28.7505496317134	16.5534065316941	0.707986408869777	0.6863875	0.00209218917672166	questionable fit (k < n0)	36G4B07	3.2	1	0.0226	2024-03-06
L10	0.195643813470392	0.00615998042421488	0.178150229104782	19.2322520420347	3.89080151085442	5.63845679116264	5.6322875	0.00343959055768079		36G4B07	5.9	1	0.1933	2024-03-06
L11	0.535533131052522	0.00446238776757399	0.23778341919776	20.0990096717072	2.91503580400393	15.0328385033615	14.9971625	0.00865695930727213		36G4B07	6.2	1	0.5445	2024-03-06
L12	0.22076609347038	0.00617618877257324	0.188432719015887	18.829147227948	3.67848632753373	6.45540037460019	6.451625	0.00527981035661744		36G4B07	6.5	1	0.219	2024-03-06
L13	0.238972218629397	0.00497806946798421	0.221396875432955	17.3907330222485	3.13079025710934	7.34094673389931	7.349375	0.00385337942741365		36G4B07	6.8	1	0.2377	2024-03-06
L14	0.269600485449909	0.000845259975604287	0.343288122078428	16.7844783661592	2.01914117028957	8.46711515079414	8.5126375	0.00496455938505479		36G4B07	7.1	1	0.2733	2024-03-06
L15	0.285446028029502	0.000929838747830601	0.375093920562448	15.2589363351778	1.84792965857879	9.40033677170574	9.45555	0.00559828786359516		36G4B07	7.4	1	0.2897	2024-03-06
L16	0.264388257729271	0.000465449555868288	0.394897419457779	16.0558360432766	1.75525882522019	8.49728842138399	8.5462	0.00518799046209933		36G4B07	7.7	1	0.2698	2024-03-06
L17	0.231300472133667	0.00135791422448976	0.331107383072717	15.4991399402179	2.09342109537835	7.5595607707796	7.5893375	0.00397592615592018		36G4B07	8	1	0.2347	2024-03-06
L18	0.172594734875362	0.00267671511118272	0.252772432417709	16.4208007432022	2.74217870172849	5.47442374747893	5.47295	0.00567077935717645		36G4B07	8.3	1	0.1744	2024-03-06
L19	0.114533707707112	0.00205311445829189	0.267726862424444	14.9533848708618	2.58900871688048	3.80014631607485	3.8212875	0.00708883843284277		36G4B07	8.6	1	0.1226	2024-03-06
L2	0	0.00536731314932964	0	-33.2800997615239	9.66821896359916	0.275545736384413	0.2746	0.000184326007422542	questionable fit	36G4B07	3.5	1	0.00620000000000001	2024-03-06
L20	0	0.0035997911893471	0	7.70642183897138	3.70766940321421	0.740123925381572	0.7418375	0.0017469795622058		36G4B07	8.9	1	0.0255	2024-03-06
L21	0	0.00674975773365227	0	7.60311527718422	4.61593097290829	1.08123053051421	1.0827	0.0023075158409501		36G4B07	9.2	1	0.035	2024-03-06
L22	0	0.00344223321231511	0	15.2918323945273	6.47362783229243	0.666331296370856	0.6692125	0.00232745440155856		36G4B07	9.5	1	0.026	2024-03-06
L23	0	0.0044808680701665	0	15.4458407470326	6.41501281861586	0.887914637859653	0.8917	0.00189369823188792		36G4B07	9.8	1	0.0294	2024-03-06
L24	0.288938162463037	0.00650509191938716	0.0146860684709925	256.764182265409	47.1975996795215	0.450871311372086	0.4495875	0.000745771040184554		36G4B07	10.1	1	0.0142	2024-03-06
L3	0	0.0106142255985482	0	-2.00106723485755	26.1362692269282	0.659444539786392	0.6573	0.00015105953072449	questionable fit	36G4B07	3.8	1	0.0163	2024-03-06
L4	0	0.00548535190086908	0	918.49252448298	37.665584398973	0.425602656007919	0.42475	0.000478087905966186		36G4B07	4.1	1	0.0144	2024-03-06
L5	0.150455651809251	0.00879699057809137	0.0561298056081474	49.5104277729106	12.3490037610131	1.5996945452266	1.60195	0.00169617768802484		36G4B07	4.4	1	0.0714	2024-03-06
L6	0.0875425262741108	0.00481187839198239	0.0999848512370752	28.4493357072848	6.93252199692148	1.79329820488327	1.8009375	0.00197762847052037		36G4B07	4.7	1	0.0788	2024-03-06
L7	0.174729187894178	0.00220578904493974	0.163854640040134	26.6055790871059	4.23025664937025	3.79012920623623	3.7797	0.00272499238252683		36G4B07	5	1	0.1682	2024-03-06
L8	0.19545006393707	0.00300638143221238	0.181233829889932	22.9486204725838	3.82460151606857	4.92965510551107	4.9544625	0.00338163967101742		36G4B07	5.3	1	0.1897	2024-03-06
L9	0.422944188580812	0.00288598825798738	0.219701915147231	22.6694695802027	3.1549437340837	10.7917327344378	10.8034625	0.00326795036361812		36G4B07	5.6	1	0.4198	2024-03-06
M1	0	0	0	0	0	0	0	0	cannot fit data	36G1B07	3.2	1	0.0102	2024-03-06
M10	0.141928685653977	0.000280771343890697	0.252720657570845	24.6262384145767	2.74274049150745	3.34609210671612	3.3761875	0.0051691485790223		36G1B07	5.9	1	0.1447	2024-03-06
M11	0.260713229850559	0.000719685173309784	0.247745468638517	23.7727787991394	2.79781981228206	6.36799260259713	6.3983375	0.00677702147331055		36G1B07	6.2	1	0.2599	2024-03-06
M12	0.204313138681252	0.0000115623248588185	0.394969931873673	24.760367187687	1.75493657775863	4.78898824775769	4.8712625	0.00452519851725042		36G1B07	6.5	1	0.2077	2024-03-06
M13	0.209535521462511	0.0000561854051926498	0.325470049471195	25.2672200197144	2.12968038590995	4.80537023236102	4.9095375	0.00647989328677994		36G1B07	6.8	1	0.2111	2024-03-06
M14	0.230956497043554	0.000125058973225647	0.27513946603011	27.3339834320301	2.51925756257771	4.82131482975086	4.95595	0.00838424368424024		36G1B07	7.1	1	0.2291	2024-03-06
M15	0.226146599048379	0.000616832119874387	0.200485891470877	29.4365378736455	3.45733645133146	4.26606725527999	4.2926125	0.00406944332751308		36G1B07	7.4	1	0.221	2024-03-06
M16	0.219861888667251	0.000768569837353852	0.177228445787375	31.89511465026	3.91103796842823	3.64753882899875	3.7156125	0.00595373157494278		36G1B07	7.7	1	0.2032	2024-03-06
M17	0.153594597601417	0.00359310193054143	0.126629389367744	29.4689045480438	5.47382549991598	2.9564423916369	2.9602625	0.00500435921971284		36G1B07	8	1	0.1441	2024-03-06
M18	0.111310741072539	0.00106916939599327	0.167562201708732	27.666096143137	4.13665596113867	2.30015399866634	2.338925	0.00549449946050314		36G1B07	8.3	1	0.1217	2024-03-06
M19	0.115922810800859	0.00117449055053789	0.135894294404037	33.7166968710538	5.10063489861538	1.78178383966766	1.843125	0.00579705127991108		36G1B07	8.6	1	0.1105	2024-03-06
M2	0	0.00221837505215253	0	-76.7812498116535	15.9998764271289	0.109129726045329	0.108725	0.000214614511490256	questionable fit	36G1B07	3.5	1	0.003	2024-03-06
M20	0.273519952081904	0.00101476721400076	0.100396157409657	55.709287535387	6.90412062019092	1.04043575539632	1.0652875	0.00412881164569198		36G1B07	8.9	1	0.0957	2024-03-06
M21	0	0.00137184667929012	0	272.603672858374	8.75390774726596	0.770042205600608	0.799625	0.00220642543997431		36G1B07	9.2	1	0.0683	2024-03-06
M22	0	0.00144344209356667	0	338.103183360318	11.8482985010932	0.389175013269439	0.4022125	0.00150469023010553		36G1B07	9.5	1	0.0253	2024-03-06
M23	0	0.00337352698781814	0	983.423841464324	40.389051709562	0.252966602915932	0.2528375	0.000735265725090337		36G1B07	9.8	1	0.00949999999999999	2024-03-06
M24	0	0.00704659432263782	0	-8.85330695981492	5.59565196728161	0.431274777835869	0.426425	0.00147461696392538	questionable fit	36G1B07	10.1	1	0.011	2024-03-06
M3	0	0.00354007299287307	0	135.92026661545	46.1013871200592	0.236394885600096	0.235625	0.000169921755424058		36G1B07	3.8	1	0.00660000000000001	2024-03-06
M4	0	0.00181853476311811	0	455.050044730787	16.889397537908	0.276023273140687	0.282025	0.00112558065942336		36G1B07	4.1	1	0.0155	2024-03-06
M5	0.30863446428279	0.00261096183831095	0.0718664033135197	66.2888778463138	9.64494045341418	0.998537207992813	1.0147875	0.00224876914842823		36G1B07	4.4	1	0.0616	2024-03-06
M6	0.100993288166967	0.00141795843259999	0.115680661740298	36.7537344871743	5.99190193185491	1.34957259459393	1.384875	0.00271310157447323		36G1B07	4.7	1	0.0762	2024-03-06
M7	0.107940791669389	0.000107456603960644	0.241186780583983	28.6551983554207	2.8739020392479	2.11320211806548	2.089825	0.00278373926173977		36G1B07	5	1	0.11	2024-03-06
M8	0.115612240593456	0.000874175053015038	0.191801308969082	25.42801454084	3.6138813873876	2.63570884902005	2.63705	0.00321497855073105		36G1B07	5.3	1	0.1159	2024-03-06
M9	0.251430232046043	0.000809671263664482	0.20853957319257	27.5010970749462	3.3238160505866	5.21635663562669	5.2230125	0.00347104498152834		36G1B07	5.6	1	0.2463	2024-03-06
N1	0	0.0184706247350509	0	-9.44893057851201	26.4415510643385	1.11152150280649	1.108125	0.00143831151719468	questionable fit	36G1B08	3.2	1	0.0275	2024-03-06
N10	0.196989653123053	0.00623121608022605	0.17477629311352	19.5760896853339	3.96591075489704	5.60987911374579	5.612075	0.00539402336584029		36G1B08	5.9	1	0.1971	2024-03-06
N11	0.498033968839434	0.00391865238183264	0.23065033393502	20.9712295967546	3.00518611325844	13.5476977963379	13.5288	0.00703036708500382		36G1B08	6.2	1	0.503	2024-03-06
N12	0.213744456147729	0.00270369766991271	0.232532485137254	18.7390202144245	2.98086170691725	6.28633316666037	6.3289625	0.00689525800584439		36G1B08	6.5	1	0.2177	2024-03-06
N13	0.236620249351984	0.00155093260123354	0.275685505477947	18.2128690394223	2.51426776811591	7.09007287061344	7.1755	0.0103893267487114		36G1B08	6.8	1	0.2465	2024-03-06
N14	0.267294452591893	0.000206774718109633	0.383909379816485	18.659878500872	1.80549686202322	7.89530581735966	8.057625	0.0103802455828852		36G1B08	7.1	1	0.2783	2024-03-06
N15	0.305385666375844	0.00108064167940562	0.328507475082401	17.1700067262254	2.10998906611206	9.47276973948539	9.55635	0.00884228590612513		36G1B08	7.4	1	0.3172	2024-03-06
N16	0.264512741493754	0.000491606306818306	0.377095789338572	16.6697863179537	1.83811965064826	8.33876971983046	8.427675	0.0118266138707212		36G1B08	7.7	1	0.285	2024-03-06
N17	0.260546815504125	0.00109907234333063	0.315299460876667	17.3298387262393	2.19837730972549	8.03960564575665	8.108325	0.0107136618409551		36G1B08	8	1	0.2709	2024-03-06
N18	0.213802218202603	0.00186264294158987	0.274937798533938	17.219548644994	2.5211054436896	6.61698081393471	6.6505125	0.00408782032672568		36G1B08	8.3	1	0.2176	2024-03-06
N19	0.169195934804809	0.00230084228097135	0.249272295620928	17.1863870826772	2.78068278239	5.23833464259416	5.271625	0.00439221091477611		36G1B08	8.6	1	0.1728	2024-03-06
N2	0	0.0106375804729868	0	-60.1700486681209	12.0876917031221	0.501890018440506	0.498475	0.000238213463320245	questionable fit (k < n0)	36G1B08	3.5	1	0.011	2024-03-06
N20	0.0959415587498814	0.00447446447806799	0.134902366036039	22.3687152120786	5.13813953696538	2.46578091992098	2.4725375	0.00304480782981768		36G1B08	8.9	1	0.1018	2024-03-06
N21	0	0.00699623531672134	0	26.1930338880375	8.0291561710128	1.66577953214908	1.6626625	0.00310207549235317		36G1B08	9.2	1	0.0717	2024-03-06
N22	0	0.00471731531494706	0	30.2530328476414	7.49110814139262	1.5780036683757	1.5836875	0.00314142718010834		36G1B08	9.5	1	0.0717	2024-03-06
N23	0	0.0070531244511509	0	25.3264222155509	9.98508824857434	1.11588285061746	1.1166875	0.00164284821449609		36G1B08	9.8	1	0.0439	2024-03-06
N24	0	0.00842230081319198	0	1000.38958627347	55.797421684436	0.55585678886196	0.55435	0.00131976603452403		36G1B08	10.1	1	0.0185	2024-03-06
N3	0	0.0119645718443477	0	1228.16188086646	56.1815521900852	0.787867372686072	0.785575	0.000171255846747154		36G1B08	3.8	1	0.0216	2024-03-06
N4	0	0.00713994798528939	0	569.151303817772	21.4993665893629	0.826099003349533	0.8306875	0.00172433977109027		36G1B08	4.1	1	0.0351	2024-03-06
N5	0	0.0115873981338929	0	518.076561731958	19.0610374288083	1.52010539563666	1.525775	0.00232055688647946		36G1B08	4.4	1	0.0653	2024-03-06
N6	0.118842854025845	0.00798216406803483	0.071297728478212	36.9025053483198	9.72186906027118	1.84245211705146	1.8498	0.00250093935009085		36G1B08	4.7	1	0.0808	2024-03-06
N7	0.142966116150747	0.00288170494763302	0.13761119688934	28.2234523874579	5.03699696120904	2.89921887819543	2.89935	0.00187611734299317		36G1B08	5	1	0.1355	2024-03-06
N8	0.163070117856482	0.00325120412127017	0.154779096731464	25.1649999308585	4.47829968773193	3.76444745117342	3.8032375	0.00471149188421332		36G1B08	5.3	1	0.154	2024-03-06
N9	0.433284762563715	0.00359105950526775	0.188298172383391	25.4098342541704	3.68111475425603	9.88664202195525	9.9045	0.00411381058265658		36G1B08	5.6	1	0.4334	2024-03-06
O1	0	0.00383129353401885	0	-213.473315078921	49.2483901712166	0.187095796075524	0.186325	0.000177905832403202	questionable fit	35D04	3.2	1	0.0043	2024-03-06
O10	0	0.00330534048426522	0	29.3998147028344	7.15051050741341	1.19467882417908	1.197325	0.00354982134707401		35D04	5.9	1	0.0567	2024-03-06
O11	0.176487735281972	0.00101958093993303	0.147691873191142	34.8567985414028	4.69319784212417	2.50385086054479	2.581025	0.00528227093751382		35D04	6.2	1	0.149	2024-03-06
O12	0	0.00126257685504133	0	228.774676591027	7.85581938823056	0.991710219669229	1.0194375	0.00467927093314115		35D04	6.5	1	0.0886	2024-03-06
O13	0	0.000595292658826048	0	200.400799515663	6.59850925297756	0.890246472754919	0.8759375	0.00371273704286236		35D04	6.8	1	0.0909	2024-03-06
O14	0.240458059810352	0.0000307986813762735	0.237153627349846	37.7928058609323	2.92277705513407	2.58478100442975	2.6739625	0.00553895185653284		35D04	7.1	1	0.2111	2024-03-06
O15	0	0.00235188065512568	0	720.881410737276	34.9919458557443	0.189740118776334	0.189375	0.000506629443634684		35D04	7.4	1	0.0068	2024-03-06
O16	0	0.000407879758969851	0	22.2920256579101	7.45720489518017	0.0932089899789103	0.0929125	0.000569021620901135		35D04	7.7	1	0.0043	2024-03-06
O17	0	0.000918236398231621	0	5.79875894074495	2.57024272734912	0.221184926008763	0.220725	0.000459675239270501		35D04	8	1	0.00650000000000001	2024-03-06
O18	0	0.00165437518738451	0	1.70303251856955	4.12065443239752	0.166526809357186	0.166225	0.000498589590555289		35D04	8.3	1	0.0054	2024-03-06
O19	0	0.00275800690870701	0	-16.2485455049302	7.04843128043463	0.111056835848958	0.1056625	0.000353267978996236	questionable fit (k < n0)	35D04	8.6	1	0.00360000000000001	2024-03-06
O2	0	0.000630951926926621	0	-16.3906908716004	7.22536605507493	0.0253016574960217	0.0244875	0.000145710095635036	questionable fit (k < n0)	35D04	3.5	1	0.0014	2024-03-06
O20	0	0.000343735294620132	0	1.57122399304833	1.19892830847478	0.0550810857401846	0.0551249999999998	0.000591033298324997		35D04	8.9	1	0.003	2024-03-06
O21	0	0	0	0	0	0	0	0	cannot fit data	35D04	9.2	1	0.000600000000000003	2024-03-06
O22	0	0	0	0	0	0	0	0	cannot fit data	35D04	9.5	1	0.00320000000000001	2024-03-06
O23	0	0	0	0	0	0	0	0	cannot fit data	35D04	9.8	1	0.0016	2024-03-06
O24	0	0	0	0	0	0	0	0	cannot fit data	35D04	10.1	1	0.00270000000000001	2024-03-06
O3	0	0	0	0	0	0	0	0	cannot fit data	35D04	3.8	1	0.000100000000000003	2024-03-06
O4	0	0	0	0	0	0	0	0	cannot fit data	35D04	4.1	1	0	2024-03-06
O5	0	0.0000000000192528138218609	0	45.2365241065244	1.53550635392284	0.0494828886796297	0.0559249999999999	0.00039083172854853		35D04	4.4	1	0.0117	2024-03-06
O6	0	0.000000732461703898952	0	38.3458763304335	2.5293993795347	0.270625417066082	0.27425	0.000286174931312845		35D04	4.7	1	0.0252	2024-03-06
O7	0	0.00000000531036458963559	0	32.4709069634141	1.48419626353062	0.321902316250026	0.317275	0.000888346341042858		35D04	5	1	0.0225	2024-03-06
O8	0	0.000000147974000601453	0	25.3037615857123	1.44962252421864	0.608906258989368	0.6239	0.00203166307502747		35D04	5.3	1	0.0334	2024-03-06
O9	0	0.000542150696118168	0	28.4953153977644	4.04553615529524	1.43103463214915	1.45805	0.00248712830460788		35D04	5.6	1	0.068	2024-03-06
