sample	k	n0	r	t_mid	t_gen	auc_l	auc_e	sigma	note	strain	pH	max.OD	date
A1	0	0.0212042639415897	0	1.58573433378869	2.22763578653976	2.52370581025567	2.51925	0.00355554248503783		25G2A02	3.2	0.065	2023-02-06
A10	0.339	0.000397038146796924	0.139930218189136	164.856129212061	4.95352032984796	2.41971752897357	2.89025	0.0243061139249086		28D03	3.2	0.339	2023-02-06
A11	0.442832697728219	0.00454407391198634	0.292904041263975	15.5991487348472	2.36646506333198	14.4372267092835	14.481375	0.0112608812037493		28D03	5.6	0.459	2023-02-06
A12	0.23128262516314	0.00319006089182945	0.260987493972971	16.3598318840952	2.65586358184553	7.36033741059072	7.43125	0.0123318259292259		28D03	8	0.251	2023-02-06
A2	0.556262040335826	0.00875862713590369	0.462914627974938	8.93324443190726	1.49735423914379	21.8436216756553	21.881375	0.0190332366133992		25G2A02	5.6	0.598	2023-02-06
A3	0.448221765420089	0.0163054999905491	0.252059847349717	12.999806594561	2.74993097015665	15.7280306468721	15.742	0.0211578122923461		25G2A02	8	0.469	2023-02-06
A4	0.098	0.00286326550622335	0.0654046676634407	294.558452038143	10.5978243651774	0.982805399641768	1.1295	0.0124415581331515		35G3B04	3.2	0.098	2023-02-06
A5	0.334630657931189	0.00190482373560437	0.376614689135799	13.7087838101137	1.84046772618051	11.5488320505676	11.66725	0.0141869072913741		35G3B04	5.6	0.359	2023-02-06
A6	0.485427138529837	0.0586224255236124	0.10681940776808	18.5847243680802	6.4889629613456	13.9961823656474	13.872375	0.0996832089039588		35G3B04	8	0.564	2023-02-06
B1	0.390838796130704	0.0303396556274712	0.0805314976609906	30.7337379909593	8.60715621455163	7.50909770670044	7.505	0.00880262706280123		25G2A02	3.5	0.313	2023-02-06
B10	0.390044678050468	0.000779025787534961	0.341186774812825	18.2128195177801	2.0315769300853	11.7081802193613	11.839125	0.0116562514470033		28D03	3.5	0.409	2023-02-06
B11	0.436678503349528	0.00341836609417792	0.304231312450821	15.9160988420462	2.27835581740783	14.1022513258201	14.1665	0.0103837002100314		28D03	5.9	0.452	2023-02-06
B12	0.259936918537283	0.00893951020519386	0.158570917962541	21.0313584342284	4.37121251151291	7.03594199277291	7.05525	0.00611268271951811		28D03	8.3	0.263	2023-02-06
B2	0.550203302134842	0.00741359400018738	0.492694871305756	8.71412891657541	1.40684878396023	21.7299757914032	21.754875	0.0202875202654212		25G2A02	5.9	0.577	2023-02-06
B3	0.455596418818734	0.0262639409166623	0.214694272090931	13.0140160131705	3.22853131482881	15.9221637199216	15.889	0.0117847781984951		25G2A02	8.3	0.476	2023-02-06
B4	0.462567304760797	0.00331371103563212	0.11612482696907	42.4675235935686	5.96898353824514	4.28597528091257	4.49975	0.0145428032025187		35G3B04	3.5	0.277	2023-02-06
B5	0.400326698232969	0.00196275497040932	0.450156802101553	11.8025916958021	1.53979052926445	14.580939718246	14.700625	0.0153426319216751		35G3B04	5.9	0.428	2023-02-06
B6	0.369711880533775	0.025862756956555	0.219094903066515	11.8094896420975	3.16368464468346	13.3455559456316	13.32525	0.0250625147139345		35G3B04	8.3	0.404	2023-02-06
C1	0.213924755288972	0.0146587741963988	0.329640992580636	7.9164955269168	2.10273356821782	8.57929913105604	8.6015	0.0265050719345269		25G2A02	3.8	0.293	2023-02-06
C10	0.417441311832924	0.00128464259657323	0.350139325968026	16.5093744823541	1.97963247528283	13.2403938159291	13.38825	0.0130416516984976		28D03	3.8	0.436	2023-02-06
C11	0.442170615220127	0.00597222168551719	0.265911755526879	16.1368502215694	2.60668122470381	14.1710639510446	14.189375	0.0111657578978636		28D03	6.2	0.455	2023-02-06
C12	0.273111166653453	0.00623025678405988	0.170539064773638	22.0324005185535	4.06444811621303	7.13782092070146	7.207	0.0104640492363872		28D03	8.6	0.287	2023-02-06
C2	0.589010804614701	0.00521718724169985	0.537213130588694	8.78159680536874	1.29026477778079	23.2293803735255	23.26175	0.0234100424225017		25G2A02	6.2	0.629	2023-02-06
C3	0.402634680961901	0.0124490147282412	0.269944602069542	12.7618081088086	2.56773862209469	14.2364432213923	14.23975	0.0100359670684049		25G2A02	8.6	0.424	2023-02-06
C4	0.425956499586156	0.00282238903271635	0.231904914462002	21.6041367024247	2.98892838113406	11.3356654951498	11.49375	0.0108325419691111		35G3B04	3.8	0.431	2023-02-06
C5	0.395347821745512	0.0203123674698858	0.319165030913062	9.13568326199675	2.1717516438972	15.3929382991764	15.357	0.0174757408816162		35G3B04	6.2	0.427	2023-02-06
C6	0.336104991722368	0.0223413500402828	0.216764255305835	12.1892825083034	3.19770055991001	12.0094927861621	11.94775	0.0264094463624246		35G3B04	8.6	0.369	2023-02-06
D1	0.609275861669748	0.0377321667862582	0.200782920939468	13.5361511976215	3.45222181905062	20.950709888702	20.8565	0.0383192948936759		25G2A02	4.1	0.658	2023-02-06
D10	0.44000133153009	0.00175896701630282	0.346490400592998	15.9255361110868	2.00048018465639	14.2116267700107	14.32275	0.0114928534022886		28D03	4.1	0.456	2023-02-06
D11	0.458081127243105	0.0108297212731581	0.218227470966983	17.0502206956525	3.17625997079358	14.2377695099774	14.199	0.0116979196681072		28D03	6.5	0.47	2023-02-06
D12	0.520291251400005	0.0190998639600058	0.0686789803881338	47.573607063125	10.0925665559197	5.14204536261239	5.12025	0.00852587794190339		28D03	8.9	0.256	2023-02-06
D2	0.546940924342691	0.00641836898085171	0.458313933859784	9.67322179542539	1.51238513462261	21.0775352277094	21.140375	0.0231387271620025		25G2A02	6.5	0.572	2023-02-06
D3	0.436706385029157	0.0144238817408447	0.213996228530508	15.7796670774567	3.23906260086788	14.1073596679509	14.143	0.0155138640208748		25G2A02	8.9	0.458	2023-02-06
D4	0.482354934627186	0.0020485492473471	0.223337409114452	24.4351914280003	3.10358745231406	11.4818864764272	11.71	0.013204678326402		35G3B04	4.1	0.48	2023-02-06
D5	0.389236949063433	0.0237146631803763	0.195843742954789	13.9664083893217	3.53928683195133	13.2165159957065	13.221375	0.0316645227446514		35G3B04	6.5	0.419	2023-02-06
D6	0.337464291330404	0.014258063624496	0.254941582841382	12.2418945764447	2.71884708973194	12.0897570771677	12.068625	0.0171829294741871		35G3B04	8.9	0.369	2023-02-06
E1	0.52083525959138	0.0192881099767281	0.291619748155996	11.1727988179101	2.37688697333748	19.2365188973862	19.245375	0.0262391603179115		25G2A02	4.4	0.561	2023-02-06
E10	0.436675014823026	0.00180978333049651	0.347949608157586	15.7546636372097	1.99209070597953	14.1786399673104	14.298375	0.0115545996405924		28D03	4.4	0.452	2023-02-06
E11	0.41434595654638	0.0154614596320143	0.185606595491123	17.51188546294	3.73449649634404	12.6529998941486	12.629875	0.00904176106750589		28D03	6.8	0.422	2023-02-06
E12	0.0881089400503704	0.00701248337412454	0.122821007745803	19.9310151768187	5.64355555520696	2.45627949244348	2.4695	0.00372512025006481		28D03	9.2	0.087	2023-02-06
E2	0.58041027229714	0.0100012135663787	0.417881142519567	9.67654889543414	1.65871849679718	22.3562243920588	22.398375	0.0275881776574362		25G2A02	6.8	0.615	2023-02-06
E3	0.41656828960252	0.00925954517290152	0.181344949633874	20.8658502002341	3.82225797828599	11.3659443051748	11.4725	0.0168613152061164		25G2A02	9.2	0.407	2023-02-06
E4	0.54850616007715	0.0232384055423243	0.149462340380819	20.8621236090521	4.63760422052712	14.916769946529	14.995625	0.0180540087392337		35G3B04	4.4	0.533	2023-02-06
E5	0.390443503353938	0.0256727337254549	0.21830510477282	12.1565624700822	3.17513042712067	13.9660593782205	13.98575	0.0530120418019709		35G3B04	6.8	0.447	2023-02-06
E6	0.35918028223883	0.022169844167255	0.220799603312932	12.3251168386841	3.13925917510626	12.795467195205	12.761125	0.0107784459674895		35G3B04	9.2	0.379	2023-02-06
F1	0.529597021436788	0.0124860026314613	0.325156605711404	11.4518644100243	2.13173335059093	19.4419780216985	19.48475	0.022381982478703		25G2A02	4.7	0.572	2023-02-06
F10	0.454053986375214	0.00269136113549987	0.31314802619727	16.3571971433441	2.21348091820094	14.4661948482057	14.5665	0.00962907471949907		28D03	4.7	0.467	2023-02-06
F11	0.273705333766112	0.0166705701680495	0.15155796072865	18.0496387658823	4.57347919718292	8.16722887966532	8.128	0.0105699234858474		28D03	7.1	0.285	2023-02-06
F12	0	0.00581487519626211	0	28.3794407078354	8.02241875386319	1.52646455607227	1.5345	0.00266526730049633		28D03	9.5	0.063	2023-02-06
F2	0.504518052497988	0.0111658109994565	0.335030674216293	11.3075224925797	2.06890662230066	18.5974439287923	18.6685	0.0211469771431611		25G2A02	7.1	0.524	2023-02-06
F3	0.405224718314077	0.00877993753794645	0.181026276209172	21.0470410761725	3.82898657076185	10.9848974825358	11.070125	0.0114783426359412		25G2A02	9.5	0.395	2023-02-06
F4	0.546081808911444	0.0202771811821459	0.177101669785011	18.3817213209836	3.91383763575677	16.2018140510515	16.228625	0.0108668451318641		35G3B04	4.7	0.547	2023-02-06
F5	0.370851894372515	0.0122188543402627	0.279545391677621	12.0886253080962	2.47955144744186	13.3609718005125	13.38525	0.0403085020851294		35G3B04	7.1	0.42	2023-02-06
F6	0.38172089875997	0.0197656710974353	0.199930764531297	14.5429037922267	3.46693607752118	12.7621522836063	12.715	0.011817842305612		35G3B04	9.5	0.402	2023-02-06
G1	0.548007659211203	0.0145995257838957	0.308975134642514	11.6459138902339	2.24337528442838	20.003837873348	20.06375	0.0244176349818274		25G2A02	5	0.579	2023-02-06
G10	0.465130659319919	0.00404003591395481	0.284660401232452	16.6420794803097	2.43499685084026	14.6813012291242	14.730375	0.0110273364809812		28D03	5	0.485	2023-02-06
G11	0.234066030917977	0.0119624621659299	0.17255369384053	16.9302096056054	4.01699416067289	7.26258877348372	7.251	0.00923550720386903		28D03	7.4	0.255	2023-02-06
G12	0.05	0.0110389207440286	0.0314712227754864	533.09087677235	22.0247934281045	1.24987681048931	1.2495	0.00256476655575495		28D03	9.8	0.05	2023-02-06
G2	0.502751199749911	0.0182036785870127	0.278994843352378	11.7621952297056	2.48444441564277	18.2709156542034	18.275125	0.00979332367130575		25G2A02	7.4	0.513	2023-02-06
G3	0.403250400103237	0.0139621390245746	0.140609712791289	23.6681429989717	4.92958250749581	9.89521744600293	9.897625	0.0159004733832611		25G2A02	9.8	0.405	2023-02-06
G4	0.428982296990333	0.000141607701244282	0.518142496749602	15.4702234587747	1.33775396711943	14.0557124392086	14.363125	0.0240078625454477		35G3B04	5	0.45	2023-02-06
G5	0.392588311227138	0.0270476968088693	0.166170299728047	15.6693196164885	4.17130607391539	12.6272158148148	12.582375	0.0451260724346833		35G3B04	7.4	0.446	2023-02-06
G6	0.334348949934978	0.019358700557928	0.187039237090184	14.9134468667072	3.70589182966851	11.0382876190719	11.012625	0.0116146438833945		35G3B04	9.8	0.346	2023-02-06
H1	0.482411701533916	0.0134119482305166	0.365945377316796	9.71307876559027	1.89412743957111	18.5467933240896	18.62525	0.121880006066923		25G2A02	5.3	0.643	2023-02-06
H10	0.445356351674481	0.00303252407906228	0.299926088333262	16.6129161387609	2.3110599828507	14.0735581205741	14.16475	0.0121083871307617		28D03	5.3	0.464	2023-02-06
H11	0.350872050067651	0.0170032150651954	0.111886696930823	26.6103642371027	6.19508127037212	7.69933586472512	7.704625	0.0105255978433799		28D03	7.7	0.314	2023-02-06
H12	0	0.0111374754002186	0	0.565103455216345	9.11525594130554	0.891918318829736	0.889125	0.00317506111268545		28D03	10.1	0.029	2023-02-06
H2	0.476605597635892	0.0256239825425972	0.238798499188609	12.0096979362974	2.90264462680932	17.1557644723309	17.0795	0.0367636385100024		25G2A02	7.7	0.543	2023-02-06
H3	0.314582896744871	0.0110333420108224	0.0981770355635697	33.761694631462	7.06017630885924	5.13204049615337	5.20825	0.0172680282563226		25G2A02	10.1	0.233	2023-02-06
H4	0.432812369537538	0.00692027474169366	0.288433818835101	14.2831050839413	2.40314115508148	14.6711782952646	14.700125	0.0233617089366597		35G3B04	5.3	0.473	2023-02-06
H5	0.393936392097107	0.0404932432441355	0.16954093841031	12.7791407927157	4.08837645384764	13.7214504069946	13.64725	0.0265597006390323		35G3B04	7.7	0.429	2023-02-06
H6	0.409530725171982	0.0257288044393637	0.0704683623658321	38.350762494813	9.83628904218768	6.0209624166119	6.026	0.0122377581964843		35G3B04	10.1	0.259	2023-02-06
