sample	k	n0	r	t_mid	t_gen	auc_l	auc_e	sigma	note	strain	pH	replicate	max.OD	date
A1	0	0.0304147492416881	0	-29.1957099031253	12.0410216149164	1.82464581431197	1.78995	0.00186921711552333	questionable fit (k < n0)	33D06	3.2	1	0.0309	2024-03-15
A10	0.218302617010336	0.0191059750030316	0.183570664803253	12.7705119802871	3.77591474815894	12.4280595385555	12.5047625	0.0104293018920132		33D06	5.9	1	0.2371	2024-03-15
A11	0.409050975950952	0.00867343168964535	0.178136751683279	21.5123684582744	3.89109588004803	19.8667891768586	20.119725	0.0123515678883292		33D06	6.2	1	0.4259	2024-03-15
A12	0.234403342894228	0.0189132362480973	0.195319089004762	12.4568110803561	3.54879384340691	13.4341837890303	13.2732625	0.0122881342192272		33D06	6.5	1	0.2609	2024-03-15
A13	0.207285354677218	0.0228376895905693	0.136422662861113	15.3123645146144	5.08088000939854	11.2008312422061	11.21365	0.00994097906794777		33D06	6.8	1	0.2267	2024-03-15
A14	0.210187838306488	0.0252466909659769	0.127697428167939	15.5942260096498	5.42804338743899	11.2683260113758	11.309925	0.0079539509315887		33D06	7.1	1	0.2228	2024-03-15
A15	0.175244663721637	0.0280901791502688	0.0956016236479853	17.3225398104438	7.2503703819109	8.95785750990187	9.0951375	0.00959187046031655		33D06	7.4	1	0.1826	2024-03-15
A16	0.129546284409587	0.0148637289101515	0.229914197824681	8.88698479671749	3.01480807674391	7.87416932572945	7.7058375	0.00528297665283967		33D06	7.7	1	0.1386	2024-03-15
A17	0.11803096534961	0.012500724404533	0.253459380473387	8.41638197369065	2.73474660620313	7.24021474319456	7.0881375	0.00635111640020704		33D06	8	1	0.1289	2024-03-15
A18	0.139901746660729	0.0230962199239721	0.0987067305562603	16.4207791465658	7.02228892248507	7.27503480470064	7.3001875	0.00658436260467115		33D06	8.3	1	0.148	2024-03-15
A19	0.122836577979067	0.0168903895759869	0.122604940283733	14.9764479991699	5.65350122887267	6.63638349087175	6.6498375	0.00639789339507614		33D06	8.6	1	0.1332	2024-03-15
A2	0	0.0182559784900856	0	-20.0711347726202	18.4994602655728	0.832723456490081	0.8407625	0.00374264426812151	questionable fit (k < n0)	33D06	3.5	1	0.0204	2024-03-15
A20	0.128347068322918	0.0188950887790072	0.076488044639713	22.965469741438	9.06216368616723	5.83981632319497	5.8281	0.00273497938221143		33D06	8.9	1	0.1253	2024-03-15
A21	0	0.0148431515068958	0	12.4077809781762	5.78709078120956	4.51301952958944	4.4242625	0.00680021167163444		33D06	9.2	1	0.0903	2024-03-15
A22	0	0.0140186184494322	0	7.69527156276089	5.8148491760193	2.93076376041335	2.840075	0.0045785512950794		33D06	9.5	1	0.0558	2024-03-15
A23	0	0.0168795970495349	0	2.62170803983722	4.98225112347008	2.62735151918926	2.5674	0.00646253115910527		33D06	9.8	1	0.0514	2024-03-15
A24	0	0.0133541511721528	0	3.14254510149045	5.16943775466273	2.13347541377636	1.9901875	0.0108185242870493		33D06	10.1	1	0.0525	2024-03-15
A3	0	0.0202514038833923	0	-68.1509519605239	38.8401972977784	1.21034906212342	1.1471	0.00323971575588052	questionable fit (k < n0)	33D06	3.8	1	0.0256	2024-03-15
A4	0	0.0144458795992454	0	4.12424796682811	4.14020484937507	2.75346442789509	2.6541	0.00790292699997015		33D06	4.1	1	0.061	2024-03-15
A5	0.196918936386564	0.0179182199903057	0.13843509129309	16.6256381588874	5.00701934809607	10.4149002185575	10.302475	0.00653372174923198		33D06	4.4	1	0.1992	2024-03-15
A6	0.258279556709067	0.0136693698759019	0.199333567531886	14.4707604982557	3.47732290723722	14.3232142423836	14.17905	0.00889908273818141		33D06	4.7	1	0.2736	2024-03-15
A7	0.250236845994729	0.0147531316870273	0.243579664034915	11.372814681981	2.84566933494329	14.6582335464957	14.4359125	0.00666346590630807		33D06	5	1	0.2592	2024-03-15
A8	0.200243961036538	0.00806851645837796	0.307395066193458	10.3138906445932	2.25490665528026	11.9649846362734	11.7587	0.0066758143851799		33D06	5.3	1	0.219	2024-03-15
A9	0.472192096755896	0.0220414842200504	0.153830778670587	19.6102231506331	4.50590698786131	23.7425056352818	23.9061125	0.0127774000980995		33D06	5.6	1	0.4884	2024-03-15
B1	0	0.0228514731794015	0	-10.3585100262364	23.5735466405998	0.674020258024219	0.579562499999999	0.00588831873154996	questionable fit (k < n0)	37G2B01	3.2	1	0.0276	2024-03-15
B10	0.232559216166679	0.0141375996635295	0.119605471146125	22.8884958054065	5.79527988074318	10.887482861811	10.7542	0.00787916319590704		37G2B01	5.9	1	0.2385	2024-03-15
B11	0.427901396145306	0.0163695358548492	0.15074541838559	21.3901320440454	4.59813099451521	20.7767788051502	20.8778625	0.00885289874532336		37G2B01	6.2	1	0.4335	2024-03-15
B12	0.205417440591686	0.0119903934028799	0.12097435944015	22.9866449198083	5.72970325090141	9.60187078078156	9.6448125	0.00916273558831491		37G2B01	6.5	1	0.2199	2024-03-15
B13	0.218827803405922	0.0141695925994222	0.106248002947479	25.1321713999787	6.52386079108313	9.74123382765091	9.735825	0.0126781356684709		37G2B01	6.8	1	0.2308	2024-03-15
B14	0.194657612066595	0.0116847697976658	0.101617506578091	27.0726134151515	6.82113942667225	8.30022241292422	8.287725	0.00668691732936404		37G2B01	7.1	1	0.1899	2024-03-15
B15	0.166855588123671	0.0230622032323	0.0997416270356465	18.3492333415284	6.94942724678256	8.41216814850062	8.2830875	0.00491793566132906		37G2B01	7.4	1	0.1663	2024-03-15
B16	0.149666982693065	0.0191495526938011	0.0835834328002023	22.9618162287812	8.29287763541423	6.85901467492368	6.747075	0.00790404048989605		37G2B01	7.7	1	0.1598	2024-03-15
B17	0.128279685024237	0.026346701937015	0.0632718517317415	21.3834814105485	10.9550639279333	5.88636002461167	5.775325	0.00404925414452097		37G2B01	8	1	0.1337	2024-03-15
B18	0.117248689696939	0.0208776403962485	0.0625051699105918	24.4704092710427	11.0894375865458	5.09850274374327	4.9866	0.00489101663265121		37G2B01	8.3	1	0.1107	2024-03-15
B19	0.330129908486637	0.014851357794479	0.15622455420468	19.557522545025	4.43686451267966	16.6220102049801	16.6163125	0.0114761961229506		37G2B01	8.6	1	0.3673	2024-03-15
B2	0	0.0228941465098747	0	-13.2900930288531	24.6038461237151	0.771905766591733	0.698399999999999	0.00606347572117772	questionable fit (k < n0)	37G2B01	3.5	1	0.0269	2024-03-15
B20	0	0.0260269521134358	0	1484.63468345069	76.0510226419521	2.55903110839115	2.558175	0.0107082101488918		37G2B01	8.9	1	0.0972	2024-03-15
B21	0	0.0387559836717934	0	1054.96192644669	61.7217066652222	4.14048008817604	3.948675	0.0402382535118004		37G2B01	9.2	1	0.1729	2024-03-15
B22	0	0.0106122161439917	0	0.500457821525812	0.515987993334306	2.17880773095609	2.241975	0.0205613189735417		37G2B01	9.5	1	0.0832	2024-03-15
B23	0.202859309995561	0.0213748622979885	0.0242104985143089	88.3482175532221	28.6300251170078	3.23473112659039	3.2565375	0.0217712124502564		37G2B01	9.8	1	0.1166	2024-03-15
B24	0	0	0	0	0	0	0	0	cannot fit data	37G2B01	10.1	1	0.0475	2024-03-15
B3	0	0.0155985595764972	0	18.185082672329	11.7069809904047	2.93530086662876	2.867875	0.00883974864204893		37G2B01	3.8	1	0.0741	2024-03-15
B4	0	0.0119111918470555	0	20.2651111805877	9.22955278276924	3.16529532283033	3.0836125	0.00849187688814948		37G2B01	4.1	1	0.0792	2024-03-15
B5	0.11186467325107	0.000100688458363995	0.233832735749703	29.9877322421465	2.96428632345942	4.49790978508566	4.9170875	0.0103520012825145		37G2B01	4.4	1	0.1247	2024-03-15
B6	0.129897268934505	0.0124177324872482	0.0757831435704752	29.6522229651076	9.14645589906609	5.17234394975901	5.1196625	0.00596103117842991		37G2B01	4.7	1	0.1232	2024-03-15
B7	0.156461679907856	0.0153218364340022	0.0834687879022295	26.6024249730339	8.30426795429038	6.67674354516968	6.50665	0.00594014852582979		37G2B01	5	1	0.1566	2024-03-15
B8	0.163954073443152	0.00934147019790729	0.0880583977586508	31.8704300473167	7.87144892710532	6.23764980048256	6.187825	0.00607372748369162		37G2B01	5.3	1	0.158	2024-03-15
B9	0.344851200526792	0.0136212352008517	0.174350649828115	18.3032464160539	3.97559275657011	17.8170842535599	17.708325	0.0103629607657061		37G2B01	5.6	1	0.3513	2024-03-15
C1	0	0.00785418594662159	0	-16.6858026842291	27.4565267572705	0.291093143227733	0.222375	0.00182382670927145	questionable fit (k < n0)	35G2B08	3.2	1	0.00800000000000001	2024-03-15
C10	0	0.000000238066476670183	0	14.576971458729	0.950607028572301	0.547104081000782	0.540075	0.000732903908542115		35G2B08	5.9	1	0.0131	2024-03-15
C11	0.142202932688148	0.00053886108289359	0.158368734843264	35.1821717840616	4.37679306616894	4.97968823769825	5.0947	0.00738324468347296		35G2B08	6.2	1	0.1557	2024-03-15
C12	0.225096786346239	0.0000911059624368598	0.234754667320157	33.2766873805254	2.95264493981129	8.31103325264355	8.4683625	0.0034204340076698		35G2B08	6.5	1	0.2312	2024-03-15
C13	0.221832158996029	0.000096329261556835	0.216083825262683	35.8262348223313	3.20776985374689	7.62530930673945	7.6901125	0.00284491963687669		35G2B08	6.8	1	0.2268	2024-03-15
C14	0.253518016512588	0.000112625659182896	0.198465680557655	38.8917430471057	3.49252917991826	7.93912407690213	8.0556875	0.00208006417583837		35G2B08	7.1	1	0.2545	2024-03-15
C15	0.233155279270715	0.000213473415548812	0.168951149316496	41.4026874738244	4.10264850735921	6.72351511181851	6.805875	0.00278831483113469		35G2B08	7.4	1	0.2271	2024-03-15
C16	0	0.00136606424144248	0	19.6279101056011	5.42429908159188	0.906710252003761	0.8700125	0.00210738309054827		35G2B08	7.7	1	0.0234	2024-03-15
C17	0.118545115058841	0.0000460569909782771	0.158488197334429	49.5480474814623	4.37349400282042	2.47568210594814	2.5805875	0.00336306920311888		35G2B08	8	1	0.1105	2024-03-15
C18	0.115139820711929	0.0000498808926787608	0.151823644147588	51.0054360331016	4.56547584832133	2.24976313582394	2.3548125	0.00338814942593132		35G2B08	8.3	1	0.1098	2024-03-15
C19	0.15729342461846	0.0000616826073456468	0.171200813483639	45.8144672310878	4.04873765758238	3.84930172868736	3.81665	0.00590300241505101		35G2B08	8.6	1	0.153	2024-03-15
C2	0	0.0039	0	-5.40022861541429	551600.692285723	0.0555807354342737	0.051025	0.000708629198076517	questionable fit (k < n0)	35G2B08	3.5	1	0.0039	2024-03-15
C20	0	0.0000017256247931517	0	186.358968250795	5.22331560911013	0.144469675204006	0.190975	0.00135801514822912		35G2B08	8.9	1	0.0225	2024-03-15
C21	0	0.0000731441482099484	0	278.418077485169	9.52241225950738	0.165455174549084	0.1864625	0.00170833156226776		35G2B08	9.2	1	0.0142	2024-03-15
C22	0	0.00303566956527729	0	-17.4378079808574	9.37007621238718	0.16396938536731	0.156875	0.000616309770465516	questionable fit (k < n0)	35G2B08	9.5	1	0.00470000000000001	2024-03-15
C23	0	0.00009511022943609	0	36.4114010626456	3.90724149574509	2.05600823635373	2.0733125	0.00425372122307313		35G2B08	9.8	1	0.076	2024-03-15
C24	0	0	0	0	0	0	0	0	cannot fit data	35G2B08	10.1	1	0.0043	2024-03-15
C3	0	0.00470000000000001	0	-6.80247932503597	239568.144469852	0.0775831972668781	0.0717625	0.000999892887586914	questionable fit (k < n0)	35G2B08	3.8	1	0.00470000000000001	2024-03-15
C4	0	0	0	0	0	0	0	0	cannot fit data	35G2B08	4.1	1	0.00990000000000001	2024-03-15
C5	0	0.00118303619172203	0	21.1483541252725	5.18412317485818	1.03018539130319	1.0421875	0.00632924787139581		35G2B08	4.4	1	0.0346	2024-03-15
C6	0	0.00110848661364247	0	23.5685290284704	5.34229959430409	1.14355686647991	1.1765125	0.00147564866558612		35G2B08	4.7	1	0.0264	2024-03-15
C7	0.127586667354527	0.00111288294417561	0.0707201182082382	66.9269406419718	9.80127293507833	1.45554176081887	1.5061375	0.00122167965171348		35G2B08	5	1	0.0717	2024-03-15
C8	0	0.000126040545168983	0	39.6111878147313	4.42373899878838	1.91867460056778	1.9410125	0.000963049834580189		35G2B08	5.3	1	0.0649	2024-03-15
C9	0.128881508769162	0.00111083318165914	0.0930423445289715	50.9996468412123	7.44980346388534	2.67713122604432	2.806675	0.00653466778647715		35G2B08	5.6	1	0.1027	2024-03-15
D1	0	0.0245	0	-11.9575238518392	26.883838441934	0.758511146738165	0.7106375	0.00432019045968636	questionable fit (k < n0)	26G1B04	3.2	1	0.0245	2024-03-15
D10	0.332897126256079	0.0125212490813957	0.260189716192208	12.4603994443333	2.66400682818649	19.1722030828941	18.72275	0.0196595758019805		26G1B04	5.9	1	0.3697	2024-03-15
D11	0.495730487160824	0.0131971744049387	0.23912872241716	15.0506688512812	2.89863623889877	27.2831344890351	26.9551125	0.0122729962474798		26G1B04	6.2	1	0.509	2024-03-15
D12	0.343527795344827	0.0169027035340671	0.244542744458292	12.1097006166552	2.8344622617833	19.8846599980537	19.3616	0.0172499790969239		26G1B04	6.5	1	0.3728	2024-03-15
D13	0.356741535307864	0.0216570726691108	0.22093176548293	12.3977217040901	3.1373812590725	20.5192512593994	20.0744875	0.0130815621135694		26G1B04	6.8	1	0.375	2024-03-15
D14	0.332165656074995	0.0200126368363998	0.207511919781782	13.238418308213	3.34027645876368	18.8211322805848	18.520875	0.0153942356187849		26G1B04	7.1	1	0.3578	2024-03-15
D15	0.319878851751216	0.0232258485422548	0.220006621912918	11.5782755741207	3.15057417150973	18.6421669915692	18.188575	0.0123929129416865		26G1B04	7.4	1	0.3337	2024-03-15
D16	0.278816036741653	0.0237433205231386	0.189289989769619	12.5429105852059	3.66182692176994	15.9445721396766	15.772625	0.0161162684276789		26G1B04	7.7	1	0.3056	2024-03-15
D17	0.249736521131825	0.0354490488816458	0.155557230744414	11.566302707126	4.45589817485766	14.3973094270958	14.33195	0.0130001450974299		26G1B04	8	1	0.2766	2024-03-15
D18	0.23852279987431	0.0194800632874213	0.203874047851647	11.8694622167974	3.39987942489046	13.8134273365608	13.4852375	0.0124805544134211		26G1B04	8.3	1	0.2633	2024-03-15
D19	0.188911660944704	0.0302496180895379	0.146720787953924	11.2955559148994	4.72426021033652	10.9032280659693	10.8321875	0.00675816936289706		26G1B04	8.6	1	0.2002	2024-03-15
D2	0	0	0	0	0	0	0	0	cannot fit data	26G1B04	3.5	1	0.0181	2024-03-15
D20	0.145441110983291	0.0265434230161185	0.112002108840651	13.3879743650777	6.1886975855616	8.00333118433962	7.9569375	0.00800084365260984		26G1B04	8.9	1	0.1577	2024-03-15
D21	0.104457888111031	0.0258057593794509	0.11373279917675	9.79873004366011	6.09452317693106	6.04970423211325	5.939225	0.00829716671220937		26G1B04	9.2	1	0.1381	2024-03-15
D22	0	0.0186003873233668	0	8.48160605200123	5.30569066970634	4.46112776106228	4.4617375	0.00135778753011051		26G1B04	9.5	1	0.0773	2024-03-15
D23	0	0.0196589540300469	0	5.90837072207311	5.14084614602503	3.89277766889795	3.9096	0.00973162576885436		26G1B04	9.8	1	0.0928	2024-03-15
D24	0	0.0138177440049743	0	1.81247131323588	2.1644604595784	2.57996227698416	2.602975	0.00578045493469739		26G1B04	10.1	1	0.0511	2024-03-15
D3	0	0	0	0	0	0	0	0	cannot fit data	26G1B04	3.8	1	0.0332	2024-03-15
D4	0.0887576682289938	0.0188723356777897	0.0854164856848921	15.326768046583	8.11491101515248	4.63152085472209	4.5847625	0.00782042846886647		26G1B04	4.1	1	0.1014	2024-03-15
D5	0.211738380040022	0.0136759480080534	0.264118954959527	10.1202264132038	2.62437499295029	12.6676078447986	12.5014125	0.0125505461005772		26G1B04	4.4	1	0.2375	2024-03-15
D6	0.256985439420706	0.0212857492729752	0.18925374527417	12.7052740291493	3.66252820812498	14.657857290741	14.6126625	0.00587281431120895		26G1B04	4.7	1	0.2693	2024-03-15
D7	0.26605614350147	0.0203906912428673	0.227876176149182	10.9221254155109	3.04177115955363	15.6780740555587	15.55645	0.00657429345254237		26G1B04	5	1	0.2772	2024-03-15
D8	0.272462074484109	0.0132731902940427	0.265052006766456	11.2121801350434	2.6151365123249	16.0205296628262	15.6990875	0.0147121135780891		26G1B04	5.3	1	0.296	2024-03-15
D9	0.417743183104851	0.0143437213337087	0.26854631127364	12.4247284080201	2.58110855171513	24.080759098164	23.4540375	0.0236278086691943		26G1B04	5.6	1	0.4551	2024-03-15
E1	0	0.199357931583375	0	-6.51100680180401	330.967769916077	3.27604596869276	1.7917375	0.0440653016296189	questionable fit (k < n0)	28G1A08	3.2	1	0.2343	2024-03-15
E10	0	0.0111880473907412	0	22.4923784395975	8.98803417468119	3.4252339505905	3.5246625	0.00290340757870399		28G1A08	5.9	1	0.0784	2024-03-15
E11	0.0963386357909519	0.00854727796446954	0.140018871449855	16.6359732507764	4.95038399740412	5.09671563087713	5.2248875	0.00946909493691824		28G1A08	6.2	1	0.1071	2024-03-15
E12	0	0.0134224948185842	0	9.63250122553803	5.72408451290386	3.29674281749363	3.3275625	0.00270981491281018		28G1A08	6.5	1	0.0599	2024-03-15
E13	0.0893056537671357	0.0101586386684715	0.0649513674112792	31.6079970543295	10.6717873416099	3.38820757957601	3.4468375	0.00226312200603907		28G1A08	6.8	1	0.0859	2024-03-15
E14	0.215900087204709	0.0113139328222011	0.0348640610975165	83.0354849416122	19.8814239861839	2.72719448754527	2.75175	0.00356402963675695		28G1A08	7.1	1	0.0779	2024-03-15
E15	0.134750816913168	0.00783251754688082	0.075694942022131	36.7958480296665	9.15711356720888	4.53123456645298	4.6059875	0.00356240518427759		28G1A08	7.4	1	0.1192	2024-03-15
E16	0	0.0109385720328047	0	3.46992295021948	5.81356317902614	1.71698789773219	1.7829875	0.00170303590042188		28G1A08	7.7	1	0.0316	2024-03-15
E17	0.163131690548733	0.00509901460035176	0.0930812701023555	36.8898545563928	7.44668803721453	5.45542604687556	5.6366	0.00461569622807517		28G1A08	8	1	0.1562	2024-03-15
E18	0	0.0114607411654151	0	-1.5725428818431	2.72774313329767	1.30539118099366	1.3424875	0.00281324899208381	questionable fit	28G1A08	8.3	1	0.0289	2024-03-15
E19	0	0.00778386838121109	0	6.4250860381427	8.16845014375274	1.23953234278231	1.2161375	0.00194150730401142		28G1A08	8.6	1	0.0267	2024-03-15
E2	0	0	0	0	0	0	0	0	cannot fit data	28G1A08	3.5	1	0.00900000000000001	2024-03-15
E20	0.0911715131091416	0.00618397967743582	0.0651968500976565	40.1943123223487	10.6316053539657	2.82234777857422	2.8452875	0.00245445885753071		28G1A08	8.9	1	0.0789	2024-03-15
E21	0	0.00849350241211754	0	48.8725563700072	16.7786727852369	1.93460144702036	1.9054875	0.00131121994744184		28G1A08	9.2	1	0.0518	2024-03-15
E22	0	0.00604309727716475	0	34.7520261924727	17.1539814298295	1.08242624005014	1.0609	0.00462029061989805		28G1A08	9.5	1	0.0355	2024-03-15
E23	0	0.00589668797772559	0	54.8930364616251	20.3662851693893	1.09280870230722	1.1170875	0.00313467815722418		28G1A08	9.8	1	0.0293	2024-03-15
E24	0	0.00720775365348209	0	-13.435341132257	34.619523875317	0.224371208769631	0.19765	0.00168681254045473	questionable fit (k < n0)	28G1A08	10.1	1	0.0098	2024-03-15
E3	0	0.0125065319387052	0	-20.1419118449803	45.5748774701716	0.457427235462199	0.380175	0.00254117112805721	questionable fit (k < n0)	28G1A08	3.8	1	0.0133	2024-03-15
E4	0	0.00858035787749219	0	-2.48354065443101	0.793609456449607	0.669986254126579	0.64545	0.00210737971923054	questionable fit	28G1A08	4.1	1	0.0149	2024-03-15
E5	0	0.00687773083027365	0	14.9863374733409	5.08376468119591	3.25655337354999	3.2050375	0.00693039561739118		28G1A08	4.4	1	0.0856	2024-03-15
E6	0.0999265903984824	0.0131960670907704	0.0640536514816488	29.3954676642602	10.8213531083162	3.9667856957193	3.9799625	0.00678746717957901		28G1A08	4.7	1	0.1062	2024-03-15
E7	0	0.0153200763278713	0	14.3967653031569	7.39252295077789	3.97355064467135	4.0531	0.00232262507793094		28G1A08	5	1	0.0773	2024-03-15
E8	0	0.00858633236536703	0	20.2189461609614	7.1283942603138	3.40563183793784	3.4652625	0.00212759186248463		28G1A08	5.3	1	0.0745	2024-03-15
E9	0.0987287814451851	0.0154031752829989	0.0920503713807693	18.3397654799694	7.53008564943991	4.94716719412509	5.1009875	0.00538141871248559		28G1A08	5.6	1	0.1017	2024-03-15
F1	0	0.0139869232792581	0	-2.01688741924955	0.571787731846867	1.0659929005405	1.1095875	0.00413267405260521	questionable fit	37G2A11	3.2	1	0.0254	2024-03-15
F10	0.235503082895352	0.0107276636145435	0.214529296646529	14.1811679109265	3.23101409175836	13.1413685350894	13.07775	0.00810964975986304		37G2A11	5.9	1	0.254	2024-03-15
F11	0.409971402858568	0.0187711037906561	0.167121593468577	18.1718052385734	4.14756206049624	21.2153960997423	21.4400375	0.00632573911677204		37G2A11	6.2	1	0.4147	2024-03-15
F12	0.217366208148771	0.0142790633535912	0.20348360466906	13.0469519285032	3.40640309418177	12.3505063559602	12.225925	0.0117738013922379		37G2A11	6.5	1	0.2417	2024-03-15
F13	0.224923617064643	0.0213577013609972	0.168327930061258	13.3939594432759	4.11783820015902	12.6437353492715	12.545775	0.00671517749407215		37G2A11	6.8	1	0.2374	2024-03-15
F14	0.220795699909466	0.0223928573366477	0.126931814957125	17.1868454245073	5.4607836561234	11.5210765442521	11.509875	0.0129565485437483		37G2A11	7.1	1	0.2446	2024-03-15
F15	0.19108241110339	0.0234620917424496	0.142147615207501	13.8329117497556	4.87624909885488	10.5950496164763	10.538625	0.0119336494989172		37G2A11	7.4	1	0.2168	2024-03-15
F16	0.178304186581238	0.029599557455559	0.0975894258416745	16.5407528459544	7.10268735143991	9.24564167244741	9.335775	0.00905716472696184		37G2A11	7.7	1	0.1931	2024-03-15
F17	0.159415887380953	0.0278097581494802	0.0930627601148121	16.7029928933858	7.44816916782616	8.21159476094649	8.2949375	0.00562434064141154		37G2A11	8	1	0.1641	2024-03-15
F18	0.153065248414446	0.0256725523149429	0.0828776188385829	19.3279200779848	8.36350259905461	7.47468877059519	7.3836375	0.00765504444953213		37G2A11	8.3	1	0.1584	2024-03-15
F19	0.118407770745938	0.0222004608840606	0.0771369154102158	19.0102531825489	8.98593334817413	5.77182972713084	5.783175	0.00359463855312392		37G2A11	8.6	1	0.1172	2024-03-15
F2	0	0.0108905104685536	0	-0.171583765486536	0.265602068050624	1.24968541018441	1.2376625	0.00298222004582446	questionable fit	37G2A11	3.5	1	0.0212	2024-03-15
F20	0.112347126622371	0.0295998393446663	0.0198368493864544	51.8238696972234	34.9424027503712	3.31953881322219	3.455525	0.00558610293519892		37G2A11	8.9	1	0.071	2024-03-15
F21	0	0.033068518226146	0	4031.77550743674	258.27382990136	2.55447602637824	2.616625	0.00400232380125118		37G2A11	9.2	1	0.0426	2024-03-15
F22	0	0	0	0	0	0	0	0	cannot fit data	37G2A11	9.5	1	0.037	2024-03-15
F23	0	0.00851284159648525	0	0.904505588735632	0.969076977344353	1.70186410006749	1.804325	0.00655989304164021		37G2A11	9.8	1	0.0387	2024-03-15
F24	0	0.00425268986716073	0	0.812650554674643	0.377004594003537	1.60722493039189	1.507275	0.00995447311269014		37G2A11	10.1	1	0.0476	2024-03-15
F3	0	0.0142654135252149	0	17.5039333201771	7.60514246280401	4.29392246491236	4.25575	0.00242881345126085		37G2A11	3.8	1	0.0859	2024-03-15
F4	0.112984521638182	0.0165380312102018	0.0753038719596084	23.4161359150375	9.20466853194132	5.09200434075196	5.105075	0.0017632927473794		37G2A11	4.1	1	0.1121	2024-03-15
F5	0.162256882039421	0.017475658537561	0.114512900565302	18.4644246822354	6.05300518228228	8.23672204135586	8.2584625	0.00254105056735814		37G2A11	4.4	1	0.1662	2024-03-15
F6	0.191712212128259	0.0173520591315406	0.126816931517036	18.1948245865889	5.46573057925497	9.8286183409308	9.808125	0.0047958915093222		37G2A11	4.7	1	0.2021	2024-03-15
F7	0.208995847131404	0.0151205745202127	0.180811605052655	14.1094851708939	3.83353258967028	11.635866585411	11.543575	0.0024689767602461		37G2A11	5	1	0.2136	2024-03-15
F8	0.2068577174312	0.0130711250214753	0.165950331968977	16.247945285216	4.17683515504822	11.079138703201	11.039525	0.00283104215510467		37G2A11	5.3	1	0.2106	2024-03-15
F9	0.394101108503964	0.02699304900674	0.157417075232154	16.5806463641139	4.40325282081191	20.9542479422045	21.03325	0.00696892606831438		37G2A11	5.6	1	0.3996	2024-03-15
G1	0	0.0101	0	-7.01677494930499	161.299095142677	0.178277165357326	0.1679375	0.00165100147082389	questionable fit (k < n0)	35D04	3.2	1	0.0101	2024-03-15
G10	0.138097981362458	0.00903907103437287	0.0489998344078784	54.2596234052412	14.1459086328769	3.0730513434605	3.0621625	0.00271372954255314		35D04	5.9	1	0.0966	2024-03-15
G11	0.255798518895311	0.0133868451847507	0.0834468284301196	34.7091069158164	8.30645326611068	9.06830196769464	8.9486625	0.00730417025170709		35D04	6.2	1	0.2622	2024-03-15
G12	0	0.00757589541915523	0	10.5835495962081	5.46026816903934	2.11586099712064	2.06935	0.00291198647559423		35D04	6.5	1	0.04	2024-03-15
G13	0	0.00563194455229541	0	22.8380824554401	6.84096214847053	2.91163156297735	2.9300875	0.00265182093470914		35D04	6.8	1	0.0634	2024-03-15
G14	0	0.0073658241196602	0	22.1495750249916	9.11187926069157	2.17284865352904	2.156275	0.00198565988052164		35D04	7.1	1	0.0458	2024-03-15
G15	0	0.00869530857541855	0	1676.04710126725	88.7842289749871	0.812925395785409	0.8597	0.00356062348883483		35D04	7.4	1	0.0191	2024-03-15
G16	0	0.0035540877002173	0	1.27779764149567	1.08228706251805	0.793588199843639	0.81525	0.00302209682999591		35D04	7.7	1	0.0305	2024-03-15
G17	0	0.00471870200936067	0	0.172838089490029	1.17915857820059	0.685323082014505	0.813625	0.00475020386764849		35D04	8	1	0.0237	2024-03-15
G18	0	0.00307870402826624	0	0.231777200631661	0.335198799432964	0.561404973923103	0.63565	0.00388769250533881		35D04	8.3	1	0.0191	2024-03-15
G19	0	0.00195166498268795	0	0.21867066532821	0.686311671682335	0.304355828785617	0.33295	0.00369420110713596		35D04	8.6	1	0.0167	2024-03-15
G2	0	0	0	0	0	0	0	0	cannot fit data	35D04	3.5	1	0.0563	2024-03-15
G20	0	0.00213842673749896	0	2.97970712702169	3.06312423731658	0.41433044624227	0.421175	0.00385835092709262		35D04	8.9	1	0.0212	2024-03-15
G21	0	0.00324585135847225	0	0.0856467711795696	0.899785562366819	0.464923753872233	0.4659875	0.00387741780470726		35D04	9.2	1	0.0197	2024-03-15
G22	0	0.00506079347744812	0	3492.36825461878	289.941138692982	0.386808864431591	0.3892375	0.00356773119851816		35D04	9.5	1	0.0168	2024-03-15
G23	0	0.00218797071281651	0	0.111030271491385	0.557494295468933	0.32703639043907	0.32515	0.00433282834654563		35D04	9.8	1	0.0172	2024-03-15
G24	0	0.00171421924237727	0	0.0262384196357547	0.367570677060869	0.245440558356138	0.27465	0.0034388646339444		35D04	10.1	1	0.0139	2024-03-15
G3	0	0.0104150119541589	0	-13.1404874624371	21.4757219080029	0.363366380555077	0.3262125	0.0015509609387719	questionable fit (k < n0)	35D04	3.8	1	0.0109	2024-03-15
G4	0	0	0	0	0	0	0	0	cannot fit data	35D04	4.1	1	0.0107	2024-03-15
G5	0	0.00628516655879198	0	1.52503146198838	2.22604229873181	1.10015104080481	1.1057125	0.00178091324206273		35D04	4.4	1	0.02	2024-03-15
G6	0	0.0100818322152911	0	6.75880076494549	5.60504504009682	2.01800096909118	2.0120125	0.00111872642634388		35D04	4.7	1	0.0349	2024-03-15
G7	0	0.013326012750006	0	10.6496801007024	10.1778265588222	2.20598655496029	2.248075	0.00188870896070637		35D04	5	1	0.0435	2024-03-15
G8	0	0.00614935581269661	0	19.5390009804765	8.22920024562523	1.85347878763197	1.89375	0.00227742232346797		35D04	5.3	1	0.0382	2024-03-15
G9	0.186864000238553	0.0170704277564274	0.0562544131872211	40.8365440876958	12.3216498277757	5.75128585320201	5.8503375	0.00446591324074509		35D04	5.6	1	0.1613	2024-03-15
H1	0	0	0	0	0	0	0	0	cannot fit data	35G3A04	3.2	1	0.0138	2024-03-15
H10	0.230578774650048	0.0245923668825765	0.0422671318577275	50.2843222623433	16.3992007523269	5.93163876051459	6.0851375	0.0113115838985314		35G3A04	5.9	1	0.1541	2024-03-15
H11	0.104706234917065	0.00651937661719522	0.188916204830921	14.3560666087773	3.66907212210995	5.81156296464319	5.864375	0.00717700186549006		35G3A04	6.2	1	0.1204	2024-03-15
H12	0.14952135667703	0.0211895827503005	0.0650912625800228	27.6705219982897	10.6488513678436	6.14782410062473	6.2617625	0.0101700131602953		35G3A04	6.5	1	0.1442	2024-03-15
H13	0.179826482252634	0.00885936886426593	0.0789284654682718	37.5022581939379	8.78196701845902	5.93105453376713	6.206675	0.0117781111026649		35G3A04	6.8	1	0.166	2024-03-15
H14	0.298872209598528	0.0138274855520097	0.0452115532874936	66.9295247872081	15.3311959036737	4.77566001291696	5.003425	0.0116114136477455		35G3A04	7.1	1	0.152	2024-03-15
H15	0	0.0211104116984505	0	22.9295886657463	17.337346992327	3.13204092947411	3.2466625	0.00690423281625989		35G3A04	7.4	1	0.0677	2024-03-15
H16	0	0.0059656201482061	0	3.04804390486146	1.42857033440071	2.14492396935722	2.2187125	0.00742687761546218		35G3A04	7.7	1	0.0563	2024-03-15
H17	0	0.00908297492297254	0	2.68999415148075	1.96246780934741	2.16874563799049	2.255375	0.00536930660158554		35G3A04	8	1	0.0453	2024-03-15
H18	0	0.00840152943765502	0	3.03214730186944	2.15522215984432	2.0301318653314	2.0892125	0.00736804843102406		35G3A04	8.3	1	0.048	2024-03-15
H19	0	0.00631691686761296	0	3.96664099432237	2.58359733024459	1.60389105809871	1.6398	0.00391901240567708		35G3A04	8.6	1	0.0375	2024-03-15
H2	0	0	0	0	0	0	0	0	cannot fit data	35G3A04	3.5	1	0.0079	2024-03-15
H20	0	0.00718426411977695	0	0.955051817612056	4.00927648091394	1.0286455276773	1.0023	0.00290097601013019		35G3A04	8.9	1	0.0316	2024-03-15
H21	0	0.0107627625874446	0	-18.1262980135364	7.53530796733471	0.874139044291621	0.864625	0.00108067337053573	questionable fit	35G3A04	9.2	1	0.02	2024-03-15
H22	0	0.00961738489259139	0	-8.66401541956338	1.92767752025839	0.703875667936627	0.6986875	0.00161572164288899	questionable fit	35G3A04	9.5	1	0.0164	2024-03-15
H23	0	0.00949409810464598	0	5975.8297724612	421.858426739272	0.706439484688602	0.683725	0.00206127577981499		35G3A04	9.8	1	0.0213	2024-03-15
H24	0	0.00860436590763289	0	-2.28020822507527	1.06357522522671	0.737391838819683	0.74465	0.00292424029951707	questionable fit	35G3A04	10.1	1	0.0167	2024-03-15
H3	0	0.0141	0	-8.10088319060346	53.6956467948456	0.29970302950429	0.2866	0.00252109141703155	questionable fit (k < n0)	35G3A04	3.8	1	0.0141	2024-03-15
H4	0	0.0134	0	-8.95556917260154	44.3557903594866	0.312416171065288	0.298325	0.00234325154266589	questionable fit (k < n0)	35G3A04	4.1	1	0.0134	2024-03-15
H5	0	0.0161053959088294	0	2882.29464806441	157.735223015354	1.32438295011004	1.3211875	0.00153195620816928		35G3A04	4.4	1	0.0232	2024-03-15
H6	0	0.0138295575570447	0	22.2220480647739	18.1363258918478	1.9638029915914	1.9377	0.0025751709553105		35G3A04	4.7	1	0.0419	2024-03-15
H7	0.307027554810713	0.0162041227070156	0.0428996586972954	67.3070767977761	16.1574054807957	5.03054279097161	5.08035	0.00427620578005474		35G3A04	5	1	0.1587	2024-03-15
H8	0.156171477855839	0.0122165664693518	0.0678088188058127	36.3773804156183	10.2220801477894	5.31591632584734	5.3673	0.00468260267513686		35G3A04	5.3	1	0.1374	2024-03-15
H9	0.104535581259837	0.0119418821658107	0.150893281987272	13.5736285747962	4.59362518616577	5.83553798482447	5.9284625	0.0051837513765458		35G3A04	5.6	1	0.1093	2024-03-15
I1	0	0.0218110338407038	0	-8.52394232360564	15.5354222322496	0.657680124135859	0.61345	0.00277251101826902	questionable fit (k < n0)	30G3A09	3.2	1	0.0228	2024-03-15
I10	0.244377290801912	0.0044976619731817	0.452441706202906	8.78915337869599	1.53201433700078	14.9973149585931	14.96315	0.0233290744819524		30G3A09	5.9	1	0.2852	2024-03-15
I11	0.324154295188642	0.00511360383549176	0.446319227386138	9.26111624352686	1.55303006912642	19.7419622613006	19.350475	0.0212560156355446		30G3A09	6.2	1	0.3664	2024-03-15
I12	0.232853619309439	0.00461213957353076	0.473413168822373	8.24166411500893	1.46414849904612	14.417317985578	14.5836625	0.0461069297523439		30G3A09	6.5	1	0.3058	2024-03-15
I13	0.225032884722206	0.00558923713523723	0.503091669777757	7.29539541383467	1.37777510978495	14.144292047365	14.2123875	0.0323450861774435		30G3A09	6.8	1	0.2784	2024-03-15
I14	0.227857340814185	0.00424190595926857	0.42336583244027	9.36522217198543	1.63722985524047	13.8514734923709	13.7540875	0.0366573391392796		30G3A09	7.1	1	0.2909	2024-03-15
I15	0.228004302840043	0.00643825106071147	0.41765371558586	8.47224311993173	1.65962172654837	14.0584937240123	13.96865	0.0256063825601343		30G3A09	7.4	1	0.2753	2024-03-15
I16	0.218594921298235	0.00390397031975466	0.358979565038119	11.1627676920511	1.93088200016718	12.8942049573928	12.5812125	0.0213788758988487		30G3A09	7.7	1	0.269	2024-03-15
I17	0.225390279799497	0.00830797255235279	0.335975398043949	9.71220212684002	2.06308909698583	13.6081036928523	13.287525	0.0159677605672238		30G3A09	8	1	0.281	2024-03-15
I18	0.20821030671707	0.00330441300190579	0.349911223042423	11.7952546202509	1.9809229739279	12.1508927981899	11.7937	0.01991217932108		30G3A09	8.3	1	0.2646	2024-03-15
I19	0.184210497438165	0.00963431456051809	0.202385869822862	14.3143889849851	3.42487932169683	10.2457824570832	10.16505	0.00541099559385015		30G3A09	8.6	1	0.1938	2024-03-15
I2	0	0	0	0	0	0	0	0	cannot fit data	30G3A09	3.5	1	0.0105	2024-03-15
I20	0.140600226944799	0.00776662021051553	0.140414241323801	20.2206140246921	4.9364450074656	6.97107196234307	7.036525	0.00511828637489284		30G3A09	8.9	1	0.1492	2024-03-15
I21	0	0.0106545504394489	0	12.963473860484	4.86056650668772	4.40291596812115	4.4208125	0.00276792660098923		30G3A09	9.2	1	0.083	2024-03-15
I22	0	0.00495571155405537	0	9.14275517775079	3.6946689583556	1.95568237801951	1.9331625	0.00211080260011442		30G3A09	9.5	1	0.039	2024-03-15
I23	0	0.00702900340858512	0	10.6536730269248	4.60011455364095	2.45164258433793	2.4379625	0.00227141745525764		30G3A09	9.8	1	0.046	2024-03-15
I24	0	0.00556839568316886	0	6.1498684110843	5.89508977510859	1.03439330254572	1.08025	0.00373323324222504		30G3A09	10.1	1	0.0252	2024-03-15
I3	0	0.0225	0	-13.7533066694436	10.9223239671823	1.03026732736456	1.0370375	0.00180937880014323	questionable fit (k < n0)	30G3A09	3.8	1	0.0225	2024-03-15
I4	0	0.00868901903535634	0	18.0659873404298	6.41416314322905	3.56071205353886	3.4676	0.0039631250087734		30G3A09	4.1	1	0.0739	2024-03-15
I5	0.131151003710378	0.00966149844369575	0.270734532093912	9.35114966115972	2.56024665637964	7.94328236230029	7.950575	0.00568727431229145		30G3A09	4.4	1	0.1438	2024-03-15
I6	0.144124728593331	0.00645698315342986	0.309747844562272	9.87797329182442	2.23777886667616	8.6725283660965	8.660575	0.00507267376177219		30G3A09	4.7	1	0.1565	2024-03-15
I7	0.209123622612977	0.00833502743898252	0.377807415765235	8.42171341343548	1.8346574250164	12.8967277302632	12.7617	0.00648584101594163		30G3A09	5	1	0.2233	2024-03-15
I8	0.21708368294983	0.00329701190576538	0.469869261034924	8.87898490992895	1.47519158634305	13.3046607951639	13.0804	0.00917086094224548		30G3A09	5.3	1	0.2384	2024-03-15
I9	0.320418580799478	0.00944419779705751	0.384076424274268	9.09795487295216	1.8047116062114	19.5531825442998	19.0610375	0.00917270141750731		30G3A09	5.6	1	0.3383	2024-03-15
J1	0	0.0152558691942212	0	-64.7917301798682	46.0738352583861	0.877178206116768	0.809375	0.00387918499989505	questionable fit (k < n0)	32G4B12	3.2	1	0.0252	2024-03-15
J10	0.247421640800044	0.00797858203036086	0.435173559196923	7.8165478141169	1.59280628593127	15.4163109933484	15.2049625	0.0129587830190327		32G4B12	5.9	1	0.2708	2024-03-15
J11	0.35533898813588	0.00521763484386794	0.460431163428299	9.13542772081208	1.50543063896648	21.6871085356885	21.24385	0.0171978416524989		32G4B12	6.2	1	0.3805	2024-03-15
J12	0.240517240447104	0.00972667307129472	0.425700239853939	7.43865860339339	1.6282517970809	15.0717943321742	14.9745625	0.020307190097461		32G4B12	6.5	1	0.2818	2024-03-15
J13	0.246978611313874	0.00986996259341713	0.400217452575305	7.94323782118735	1.73192642174824	15.3508522565058	15.1451125	0.0116967186511545		32G4B12	6.8	1	0.2728	2024-03-15
J14	0.232103072933489	0.0122143731493101	0.362119818701555	7.98218703782736	1.91413765489375	14.4062309679383	14.1878625	0.0131896988428662		32G4B12	7.1	1	0.2583	2024-03-15
J15	0.22382840035962	0.0165774821370155	0.295052604818264	8.56079528378391	2.34923254104768	13.738168173048	13.436025	0.0073442232013961		32G4B12	7.4	1	0.2376	2024-03-15
J16	0.2108	0.0215283931325805	0.235598562668401	9.22675570469532	2.94206880003564	12.7567141693634	12.4433125	0.00656669999595861		32G4B12	7.7	1	0.2225	2024-03-15
J17	0.185547202443016	0.0191755589302839	0.245938571968091	8.78507014681899	2.81837523497484	11.3130182658541	11.054325	0.00626081154490498		32G4B12	8	1	0.1953	2024-03-15
J18	0.178972556001268	0.0190753192397768	0.215434328776436	9.8690679320421	3.21744071382072	10.7039065618721	10.5264625	0.00483490044369862		32G4B12	8.3	1	0.1846	2024-03-15
J19	0.142037361308396	0.0182756995563648	0.197797203235589	9.67043677958069	3.50433256497749	8.49851937905748	8.43055	0.00414967221297066		32G4B12	8.6	1	0.1492	2024-03-15
J2	0	0	0	0	0	0	0	0	cannot fit data	32G4B12	3.5	1	0.0144	2024-03-15
J20	0.151691944373723	0.027721549989955	0.0908889356480386	16.4798133320339	7.62630979907292	7.82466132619386	7.8877375	0.00742166874111917		32G4B12	8.9	1	0.1561	2024-03-15
J21	0	0.0313259246589027	0	820.966891565295	33.6354571421529	4.93862927007028	5.157225	0.00712551220120712		32G4B12	9.2	1	0.1378	2024-03-15
J22	0	0.0129449034174081	0	4.40156708054702	2.74857909112825	3.37728963824996	3.3776875	0.0037648195815238		32G4B12	9.5	1	0.0614	2024-03-15
J23	0	0.0109928783994738	0	4.34436836081903	2.43670303672267	3.17133749529859	3.1614	0.00429681483878607		32G4B12	9.8	1	0.0605	2024-03-15
J24	0	0.0143293439230675	0	14.1406561627279	8.48272080093021	3.16116121245131	3.205175	0.0048790052006523		32G4B12	10.1	1	0.0648	2024-03-15
J3	0	0.0120079387101274	0	-0.0604983492617782	0.822382470431287	1.62544224827563	1.625025	0.00309335627187153	questionable fit	32G4B12	3.8	1	0.0301	2024-03-15
J4	0	0.0131257406996104	0	4.90446303459104	3.13754181532026	3.32112837298476	3.288275	0.00350256462502488		32G4B12	4.1	1	0.0576	2024-03-15
J5	0.129933412371005	0.00727121885196544	0.419655077671436	6.73293473804208	1.65170688367707	8.22862591991954	8.3401625	0.0103905387458932		32G4B12	4.4	1	0.1545	2024-03-15
J6	0.1879	0.00989696053076672	0.364534166052295	7.92675475169245	1.90146012393392	11.6731998319087	11.422625	0.00515014688061189		32G4B12	4.7	1	0.1926	2024-03-15
J7	0.249410761845925	0.0115546927399836	0.364711995631448	8.29304800232256	1.90053299277929	15.4077517340584	15.0073125	0.00844899712584758		32G4B12	5	1	0.2711	2024-03-15
J8	0.258667424310385	0.00807448513159391	0.39259548465014	8.74977144268581	1.76555056708724	15.8742057201117	15.36525	0.00854728108123188		32G4B12	5.3	1	0.2708	2024-03-15
J9	0.354796498044242	0.0122626896849395	0.378633005320579	8.79429163096133	1.83065705001885	21.753472071539	21.1431	0.0170222628705219		32G4B12	5.6	1	0.3776	2024-03-15
K1	0	0.0105725545326341	0	-8.68141091450743	42.3631172184575	0.243745167185358	0.2266125	0.00223218314449853	questionable fit (k < n0)	19G3B07	3.2	1	0.011	2024-03-15
K10	0.468270374324926	0.0143749817191017	0.0389849679358402	88.5566316084595	17.7798576543836	4.40636147200237	4.464325	0.0056757613324743		19G3B07	5.9	1	0.1463	2024-03-15
K11	0.1250957298822	0.00727541050771636	0.203909133428463	13.6563794927905	3.39929442544133	7.03657748088781	6.8287	0.0111975885806828		19G3B07	6.2	1	0.1432	2024-03-15
K12	0.471993749220019	0.0112633790582667	0.0398333727198834	93.1695226001955	17.4011672432134	3.7052288831518	3.7403875	0.00756133017475296		19G3B07	6.5	1	0.1244	2024-03-15
K13	0	0.011388155481746	0	34.853287755578	17.9070001068576	1.94830316363063	1.88925	0.0037268696857165		19G3B07	6.8	1	0.0472	2024-03-15
K14	0.129420272247662	0.000283695232376404	0.135249952095393	45.2549167558929	5.1249347583581	3.25849764797517	3.4533625	0.00610918614001141		19G3B07	7.1	1	0.1259	2024-03-15
K15	0	0.014725132498134	0	-15.4626825672557	17.4778780108885	0.600815275401922	0.56005	0.00550207514669297	questionable fit (k < n0)	19G3B07	7.4	1	0.0347	2024-03-15
K16	0	0.0155221845597586	0	-18.7599861933489	24.9749809765321	0.62686285862907	0.6130125	0.0036717481620886	questionable fit (k < n0)	19G3B07	7.7	1	0.0312	2024-03-15
K17	0	0.0162055301568057	0	-18.367651490184	85.1737178607636	0.519625965636138	0.502425	0.00425088341155747	questionable fit (k < n0)	19G3B07	8	1	0.0251	2024-03-15
K18	0	0	0	0	0	0	0	0	cannot fit data	19G3B07	8.3	1	0.0343	2024-03-15
K19	0	0.00000000799726981721031	0	0.526040235340317	0.0267247659500311	0.469215306431179	0.529825	0.00404278248440613		19G3B07	8.6	1	0.0183	2024-03-15
K2	0	0.00160457690546286	0	-6.23337901269512	68023.7649957987	0.025072606881587	0.0236625	0.000378059473894874	questionable fit (k < n0)	19G3B07	3.5	1	0.0019	2024-03-15
K20	0	0.00230859619775093	0	0.282139768283567	0.32099137249371	0.456937888569028	0.534925	0.00445686640571287		19G3B07	8.9	1	0.0218	2024-03-15
K21	0	0.0121164181523006	0	-2.41809724355012	0.742171631015068	0.762949503523581	0.842637499999999	0.0056690172105709	questionable fit (k < n0)	19G3B07	9.2	1	0.0239	2024-03-15
K22	0	0	0	0	0	0	0	0	cannot fit data	19G3B07	9.5	1	0.0181	2024-03-15
K23	0	0.00295965665539033	0	0.555976592207802	0.597597356420782	0.5958086498345	0.608525	0.00328947336992613		19G3B07	9.8	1	0.017	2024-03-15
K24	0	0.00819856142198131	0	2053.62438542862	111.249517631495	0.72194760319012	0.796925	0.00788848647525359		19G3B07	10.1	1	0.0364	2024-03-15
K3	0	0.00777392662556577	0	-3.05793368167988	16.8221672069122	0.819382089244278	0.8279375	0.000950626428139626	questionable fit	19G3B07	3.8	1	0.0146	2024-03-15
K4	0.107474473578477	0.0130011031870646	0.037779377938768	52.4964648385201	18.3472364654437	2.71257591633994	2.7474625	0.00516923388311648		19G3B07	4.1	1	0.0749	2024-03-15
K5	0.117423561688934	0.0162100426764847	0.0484179200289264	37.8289973102272	14.3159222896365	3.90030051627518	3.988	0.00288945665152854		19G3B07	4.4	1	0.0954	2024-03-15
K6	0.624385001530464	0.0197995472605099	0.0327712536631073	104.325699192312	21.1510730619459	4.77386937727484	4.870725	0.00625683207956757		19G3B07	4.7	1	0.157	2024-03-15
K7	0.165026912780669	0.0218671652333374	0.0478439942632219	39.2729525215115	14.4876528649861	5.32107865047608	5.401125	0.00411783814223478		19G3B07	5	1	0.1299	2024-03-15
K8	0.160593487465997	0.0116121459377336	0.0607810860119044	41.9829527073699	11.4039946641326	4.77033773581652	4.8697	0.00737236570668902		19G3B07	5.3	1	0.1407	2024-03-15
K9	0.144956398431709	0.0165686646407161	0.123249570615692	16.6129715991972	5.62393180842203	7.6265786288965	7.6225	0.00601266965805621		19G3B07	5.6	1	0.1564	2024-03-15
L1	0	0.015069545067329	0	-17.5382995271639	28.723981792252	0.56668546900317	0.45855	0.00308546030210158	questionable fit (k < n0)	36G4B07	3.2	1	0.0175	2024-03-15
L10	0.259678583318144	0.00608470787246317	0.398941380389079	9.34963264705197	1.73746624098993	15.7860313874724	15.49795	0.0130782837667567		36G4B07	5.9	1	0.2863	2024-03-15
L11	0.349431751926421	0.0105298649711998	0.304865549662084	11.3869709040972	2.27361596391667	20.5159722683762	19.973	0.0146309154958158		36G4B07	6.2	1	0.3717	2024-03-15
L12	0.248807541802284	0.00800602863698353	0.415628483202508	8.18947280415651	1.66770856323199	15.4090385377187	15.25895	0.0166529674218376		36G4B07	6.5	1	0.2742	2024-03-15
L13	0.22503565293938	0.00778642499885543	0.444164749256564	7.49420881153381	1.56056324082477	14.0931351972681	14.0200625	0.00550711585003705		36G4B07	6.8	1	0.2392	2024-03-15
L14	0.207044823201706	0.00792098324398966	0.427456027190809	7.54325917127831	1.62156370823738	12.9538020206293	12.9565125	0.00478350911290356		36G4B07	7.1	1	0.2214	2024-03-15
L15	0.211280906853111	0.00724186734354273	0.472734637073943	7.06195821153113	1.4662500400865	13.3242162441975	13.3202	0.00475021604241054		36G4B07	7.4	1	0.2233	2024-03-15
L16	0.201424853938756	0.00775748244330153	0.448649214981705	7.17149199414544	1.54496465704996	12.6778195520894	12.6408375	0.00431366237700166		36G4B07	7.7	1	0.2143	2024-03-15
L17	0.193317329449127	0.00771860172409982	0.459775037072387	6.91632534431752	1.50757897813146	12.2166451633084	12.2958	0.00576788869480457		36G4B07	8	1	0.2135	2024-03-15
L18	0.187268305211172	0.00939871276856933	0.403035165979899	7.29583461415547	1.71981811779302	11.7559790491011	11.769975	0.00547549664893996		36G4B07	8.3	1	0.2036	2024-03-15
L19	0.15477377129121	0.00846264124141329	0.38196380367319	7.4616338675295	1.81469336595309	9.68742619531472	9.4878	0.00790470575338766		36G4B07	8.6	1	0.165	2024-03-15
L2	0	0	0	0	0	0	0	0	cannot fit data	36G4B07	3.5	1	0.0135	2024-03-15
L20	0.126321902081946	0.0345173567990274	0.0558011867142792	17.5300844611806	12.4217283067669	6.04752384048416	6.3211	0.011859511591998		36G4B07	8.9	1	0.1279	2024-03-15
L21	0.094440340048577	0.0267644229148351	0.0656970489394057	14.1202215318637	10.5506593028137	4.85279172975857	4.96395	0.00757581725085169		36G4B07	9.2	1	0.1049	2024-03-15
L22	0	0.0219846801595236	0	13.2194491577393	13.6152664783368	3.24956753941419	3.29455	0.00483229290768549		36G4B07	9.5	1	0.0703	2024-03-15
L23	0	0.0221612433958075	0	10.5461230225519	16.6080675032948	2.80912890214872	2.87055	0.0033396050134541		36G4B07	9.8	1	0.0598	2024-03-15
L24	0	0.0170161159782744	0	8.81471905227317	14.2198784673193	2.24923710328247	2.2515625	0.00178686902603455		36G4B07	10.1	1	0.0441	2024-03-15
L3	0	0.0167432197855593	0	4208.71534647859	221.349363270465	1.31456895566316	1.31245	0.00255940851401055		36G4B07	3.8	1	0.0228	2024-03-15
L4	0	0.0167513122123078	0	540.938574722019	54.15709198287	1.90408084802454	1.8784375	0.00285603939579456		36G4B07	4.1	1	0.0394	2024-03-15
L5	0.0873153552712011	0.0186754246185342	0.0559702842058734	23.2563760451002	12.3841997659038	3.83229721907073	3.7795875	0.00461159966550626		36G4B07	4.4	1	0.0787	2024-03-15
L6	0.118368353280691	0.0188655743349861	0.0998622760675549	16.6514007183875	6.94103126681235	6.13826602102799	6.0940125	0.00225402914839164		36G4B07	4.7	1	0.1184	2024-03-15
L7	0.180018720623412	0.0165821082821913	0.166380057829559	13.7522546459834	4.16604723908684	10.0571340072545	10.0295125	0.00157133795240336		36G4B07	5	1	0.1805	2024-03-15
L8	0.215819471986328	0.0136548676065167	0.223202763090501	12.0741613685719	3.1054596769436	12.4814320894322	12.37345	0.00727389480103327		36G4B07	5.3	1	0.2254	2024-03-15
L9	0.334408123334317	0.0248523886956329	0.165645294805718	15.2264166995072	4.1845268310997	18.227842557498	18.3203125	0.00866672661104265		36G4B07	5.6	1	0.343	2024-03-15
M1	0	0.0158927439832539	0	-20.3272368994361	18.0873922197752	0.734430118574884	0.724475	0.00249944695878089	questionable fit (k < n0)	16G2A12	3.2	1	0.0177	2024-03-15
M10	0	0.000346405385053546	0	28.1073150889176	3.83372981172639	2.36144683683957	2.3708	0.0015541578774902		16G2A12	5.9	1	0.0565	2024-03-15
M11	0.226633360224928	0.0106816310122162	0.0510191926943017	58.929379507934	13.5860084010573	4.32281315337409	4.1115125	0.0123756654701593		16G2A12	6.2	1	0.1601	2024-03-15
M12	0	0.000555609864965718	0	26.8318988669115	4.01386092146638	2.4999892805477	2.54785	0.00344849640345501		16G2A12	6.5	1	0.0635	2024-03-15
M13	0	0.000336349394891337	0	29.609441338959	4.02555097883749	2.24762797193627	2.266225	0.00327557772980467		16G2A12	6.8	1	0.0581	2024-03-15
M14	0	0.0000132782019344314	0	27.0591337422637	2.41444282153487	1.35486630268997	1.3984125	0.00205013196399312		16G2A12	7.1	1	0.0331	2024-03-15
M15	0	0.000000737059032283124	0	26.7747441315196	1.74780120704919	1.30846151332775	1.4091875	0.00387583928600698		16G2A12	7.4	1	0.0352	2024-03-15
M16	0	0.00094539354332918	0	16.8305488435443	3.78437624952596	1.14595468676159	1.114075	0.0036112164273685		16G2A12	7.7	1	0.0277	2024-03-15
M17	0	0.000120840117181891	0	30.3936507610818	3.33642377817503	2.66159561291505	2.8064	0.00489886284126339		16G2A12	8	1	0.0749	2024-03-15
M18	0	0.000864344522421541	0	14.9424833763875	3.76911507213743	0.788499234074251	0.7533	0.00408347225828733		16G2A12	8.3	1	0.027	2024-03-15
M19	0	0.00000000768503288598025	0	29.3459835480467	1.3506814864733	1.08967127708745	1.1702	0.00344070647959612		16G2A12	8.6	1	0.0375	2024-03-15
M2	0	0.00365148641268074	0	-18.7238437250915	20.7142685910174	0.155518745781015	0.1570875	0.00123681505137704	questionable fit (k < n0)	16G2A12	3.5	1	0.0058	2024-03-15
M20	0	0.000600923560520556	0	-1.98145451232007	380009.744317971	0.00428105926521691	0.00566250000000001	0.000127389192820294	questionable fit (k < n0)	16G2A12	8.9	1	0.00130000000000001	2024-03-15
M21	0	0.00751899908379514	0	-13.309458041638	20.7374740263012	0.267157134851486	0.2653125	0.00136367627836968	questionable fit (k < n0)	16G2A12	9.2	1	0.0091	2024-03-15
M22	0	0.00116912508901721	0	-9.58198086737405	35.4003826311632	0.0296717258670006	0.0253874999999999	0.000265642046507797	questionable fit (k < n0)	16G2A12	9.5	1	0.00209999999999999	2024-03-15
M23	0	0.00920365277179592	0	-12.8335103880972	50.0012330954559	0.260453987396503	0.248625	0.00158964427346551	questionable fit (k < n0)	16G2A12	9.8	1	0.0104	2024-03-15
M24	0	0	0	0	0	0	0	0	cannot fit data	16G2A12	10.1	1	0.0108	2024-03-15
M3	0	0.00784023888994215	0	-12.8124169033426	36.3366822120058	0.235096671568145	0.227675	0.00211366115648826	questionable fit (k < n0)	16G2A12	3.8	1	0.0102	2024-03-15
M4	0	0	0	0	0	0	0	0	cannot fit data	16G2A12	4.1	1	0.0097	2024-03-15
M5	0	0	0	0	0	0	0	0	cannot fit data	16G2A12	4.4	1	0.0141	2024-03-15
M6	0	0.00688289600782225	0	2177.81171820964	97.1106615835162	0.627256470760725	0.6379375	0.00165924612660895		16G2A12	4.7	1	0.0138	2024-03-15
M7	0	0.0000146717950539445	0	38.530239873562	3.4190312729949	1.14760743288028	1.281875	0.0034272596809902		16G2A12	5	1	0.0404	2024-03-15
M8	0	0.000000311693899112136	0	29.3512579964995	1.83870988944493	0.813281870522052	0.80995	0.00125555724636435		16G2A12	5.3	1	0.0274	2024-03-15
M9	0.0883575753036837	0.00107839520384197	0.143837266936711	30.5458941723171	4.81896795817826	3.49821703684016	3.49045	0.00531132508697995		16G2A12	5.6	1	0.0969	2024-03-15
N1	0	0.0137427427271258	0	-7.95525172152434	41.7585454540431	0.300685925450625	0.2706625	0.00269806470263177	questionable fit (k < n0)	36G1B07	3.2	1	0.0152	2024-03-15
N10	0.21307956269754	0.0109574752687245	0.195913501646124	14.8782497748214	3.53802660222963	11.7304769715743	11.6026375	0.00781679967798127		36G1B07	5.9	1	0.2397	2024-03-15
N11	0.23331451348523	0.00739722430651586	0.231130536500579	14.7927840727424	2.99894246365931	12.8947227207731	12.8054	0.00489557012256192		36G1B07	6.2	1	0.2363	2024-03-15
N12	0.206342686317772	0.0151325733782395	0.179170231535166	14.1570576295347	3.86865147530884	11.4763276798063	11.4323625	0.0100816444663687		36G1B07	6.5	1	0.2181	2024-03-15
N13	0.193492782849619	0.0178103927222807	0.152527865317741	15.0064095550403	4.5443970458513	10.5572911085802	10.52375	0.0073343186106438		36G1B07	6.8	1	0.205	2024-03-15
N14	0.198095982167948	0.0256093330743169	0.0962155553615835	19.8238525100141	7.20410725641045	9.71034716457087	9.8511875	0.00935983459144349		36G1B07	7.1	1	0.2127	2024-03-15
N15	0.201824281163484	0.0245085551438992	0.115529013190453	17.1291141989881	5.99976717032346	10.4885602844167	10.5834	0.00519927217696719		36G1B07	7.4	1	0.2053	2024-03-15
N16	0.155807614698737	0.0279758622784767	0.0886709411278787	17.1349584074196	7.81707255774254	7.93596880829734	8.084075	0.00674133444696741		36G1B07	7.7	1	0.1602	2024-03-15
N17	0.160745930525433	0.0261951837469579	0.0884979874677561	18.4904301979732	7.83234964312031	8.00755680794783	8.1292875	0.00696031937528948		36G1B07	8	1	0.1658	2024-03-15
N18	0.178145399173708	0.0308670023243998	0.0527819432590312	29.605520902816	13.1322785362084	6.96395403302092	7.095025	0.00579209255491468		36G1B07	8.3	1	0.1573	2024-03-15
N19	0.0969307886960042	0.0284642417161541	0.0362945009629584	24.1826341333198	19.097856759826	3.9925724604411	4.1288	0.00685914331021692		36G1B07	8.6	1	0.0874	2024-03-15
N2	0	0.0084	0	-7.29009673765893	205188.69034577	0.144746630411162	0.1431	0.00160143529103163	questionable fit (k < n0)	36G1B07	3.5	1	0.0084	2024-03-15
N20	0	0.00509109048349516	0	2.87384628761145	1.1194207281666	2.36537719874919	2.53395	0.00917586453906055		36G1B07	8.9	1	0.064	2024-03-15
N21	0	0.00703963692239986	0	1.22561150379544	0.856412534456523	1.78471436823238	1.8816625	0.00701205815549021		36G1B07	9.2	1	0.0417	2024-03-15
N22	0	0.00113076846106001	0	1.5871686387038	0.360738455485519	1.71471162414965	1.7380125	0.0070995340764069		36G1B07	9.5	1	0.0347	2024-03-15
N23	0	0.00943786242585333	0	1.35910551371549	1.5529756227915	1.81533391255614	1.806125	0.00383567842338636		36G1B07	9.8	1	0.0349	2024-03-15
N24	0	0.00993981561989788	0	1.05415372807261	2.38012531159573	1.57715415343638	1.5797375	0.00292127865645628		36G1B07	10.1	1	0.0298	2024-03-15
N3	0	0	0	0	0	0	0	0	cannot fit data	36G1B07	3.8	1	0.0139	2024-03-15
N4	0	0.0107515015563691	0	908.979200676361	33.7037975959888	1.69194551808871	1.6955	0.00151858479925706		36G1B07	4.1	1	0.0491	2024-03-15
N5	0.0885572923191081	0.0124972573567333	0.0577222617833945	31.2879935331157	12.0083163608698	3.36683703800054	3.3799375	0.00191530359689701		36G1B07	4.4	1	0.0783	2024-03-15
N6	0.117670826556629	0.0129053481018438	0.0801236857858084	26.1356237676262	8.6509647398512	5.05684952035672	5.081425	0.00245585378269753		36G1B07	4.7	1	0.1152	2024-03-15
N7	0.138751703586159	0.0109318743065538	0.142748957082856	17.2256173956978	4.85570749324368	7.27098606042852	7.303675	0.00296692278281681		36G1B07	5	1	0.1412	2024-03-15
N8	0.148811345160514	0.00646454946472068	0.211577815772697	14.6136917554806	3.2760862854573	8.24059993052352	8.1775625	0.00133064679235549		36G1B07	5.3	1	0.1502	2024-03-15
N9	0.244429215128344	0.01330686894691	0.16927210774213	16.8643663829762	4.09486943717798	12.9560592840744	12.9778625	0.00314033935541077		36G1B07	5.6	1	0.2493	2024-03-15
O1	0	0	0	0	0	0	0	0	cannot fit data	23G4B04	3.2	1	0.0135	2024-03-15
O10	0.147744997300574	0.00392036673112627	0.223930530536524	16.0871744563734	3.09536702699362	7.97711829686971	7.8356	0.00572251858794815		23G4B04	5.9	1	0.1572	2024-03-15
O11	0.138048024537081	0.00386709347450487	0.181299036702453	19.5626297901882	3.82322594299018	6.96879465767538	6.9504625	0.00420986808918882		23G4B04	6.2	1	0.1397	2024-03-15
O12	0.115345472048305	0.0104086286507591	0.17423715047287	13.2619451784733	3.97818248679334	6.50493968515148	6.414225	0.00599476229397578		23G4B04	6.5	1	0.1219	2024-03-15
O13	0.0914598383262763	0.0134920469606685	0.0883373194727594	19.8579198785495	7.84659512759713	4.45106383579573	4.4675625	0.00615630901514495		23G4B04	6.8	1	0.092	2024-03-15
O14	0	0.00498233444845598	0	3.09849515353658	1.39231112543488	1.88676701519511	1.88955	0.00242765524985749		23G4B04	7.1	1	0.0342	2024-03-15
O15	0	0.00663951465773148	0	2.85230290814181	1.34978268814721	2.36738858627058	2.351075	0.00304029915778131		23G4B04	7.4	1	0.0403	2024-03-15
O16	0	0.00482002473120084	0	5.18678998816061	2.16494484528603	1.94610663004933	1.916825	0.00356541753464005		23G4B04	7.7	1	0.0455	2024-03-15
O17	0	0.00627963610460635	0	2.4611269656291	1.35818404560548	1.90514673214505	1.929925	0.00300173455718335		23G4B04	8	1	0.0363	2024-03-15
O18	0	0.00466892486283696	0	2.15504199749217	1.11241110123153	1.52601178474925	1.55375	0.002714463592055		23G4B04	8.3	1	0.0282	2024-03-15
O19	0	0.00395897818059937	0	2.32695900491904	0.963969960869215	1.69472024232028	1.7421625	0.00234152437389369		23G4B04	8.6	1	0.0337	2024-03-15
O2	0	0	0	0	0	0	0	0	cannot fit data	23G4B04	3.5	1	0.0104	2024-03-15
O20	0	0.00511547413964982	0	6.05438283637557	3.1363789779573	1.55288093874545	1.5467	0.00178365883688303		23G4B04	8.9	1	0.0281	2024-03-15
O21	0	0.0143831376058024	0	-22.8282245873738	21.5042570215061	1.26720324961815	1.3405875	0.00404191343875639	questionable fit	23G4B04	9.2	1	0.0306	2024-03-15
O22	0	0.00586237060684916	0	0.621851335680145	3.10406112134477	0.841220159080185	0.850525	0.00184497293512584		23G4B04	9.5	1	0.0257	2024-03-15
O23	0	0.00884779805367185	0	2.89195970309405	7.13187936385007	1.2656057383427	1.2710625	0.00230180809353216		23G4B04	9.8	1	0.0279	2024-03-15
O24	0	0.00292209964200109	0	21.2953643938011	7.0645736350231	1.26825574891964	1.2840125	0.00598422809007099		23G4B04	10.1	1	0.0394	2024-03-15
O3	0	0	0	0	0	0	0	0	cannot fit data	23G4B04	3.8	1	0.0117	2024-03-15
O4	0	0.00736968743274926	0	4623.38648521793	246.500852020576	0.571944170556339	0.5642	0.00166370714748074		23G4B04	4.1	1	0.0112	2024-03-15
O5	0	0.0101494109469671	0	25.6719159048888	13.0119023510433	2.09683093426158	2.084175	0.001930426382269		23G4B04	4.4	1	0.0437	2024-03-15
O6	0.100516636623279	0.00607570388787795	0.070735018380843	38.7880967960035	9.79920831896848	3.21504406561335	3.258525	0.00321682947558306		23G4B04	4.7	1	0.0882	2024-03-15
O7	0.129301732958493	0.00412682280531925	0.113783360463029	29.9886047676986	6.09181498717612	5.17415450033458	5.2375875	0.00727577904191099		23G4B04	5	1	0.1354	2024-03-15
O8	0.106064572793981	0.0000319983611122318	0.320141472426538	25.3194841773287	2.16512773339293	4.76010350013854	5.0447	0.00559519191849597		23G4B04	5.3	1	0.1118	2024-03-15
O9	0.157651453884265	0.00922844872681645	0.11641152954691	23.8616860805607	5.95428290700906	7.22970722523961	7.1449375	0.00609250186524057		23G4B04	5.6	1	0.1639	2024-03-15
