sample	k	n0	r	t_mid	t_gen	auc_l	auc_e	sigma	note	strain	pH	replicate	max.OD	date
A1	0.014	0.0108368198367967	0.00323066383733223	4439.84128886869	214.552554973446	0.565258684758792	0.562625	0.000633795548869329		35G2A07	3.2	1	0.014	2023-04-21
A10	0.312819268381551	0.00390687857984135	0.286105261624643	15.2752135550851	2.42269987145263	10.2873319689838	10.357125	0.0132750361787866		35G2A07	5.9	1	0.336	2023-04-21
A11	0.292726335887407	0.00196847308304899	0.318778428244327	15.6699206538343	2.17438546383911	9.51762610078241	9.52975	0.0104356615772793		35G2A07	6.2	1	0.314	2023-04-21
A12	0.293658105361018	0.000719159705757235	0.337234101846584	17.8203687043084	2.05538875447203	8.92050743932474	8.870875	0.0108364494218457		35G2A07	6.5	1	0.322	2023-04-21
A13	0.275485944703994	0.00113067306870821	0.320370350674255	17.1414451285343	2.16358092782662	8.55400067261773	8.558125	0.0109502143052419		35G2A07	6.8	1	0.298	2023-04-21
A14	0.252737659375628	0.000500550473656506	0.352093567917607	17.6726215963618	1.96864482546341	7.71520398909963	7.676625	0.0116775842796077		35G2A07	7.1	1	0.279	2023-04-21
A15	0.240833396703303	0.00786119272127968	0.19307442262126	17.5527175665519	3.5900518108483	7.34398240469543	7.38425	0.0148128465897367		35G2A07	7.4	1	0.253	2023-04-21
A16	0.170508992779398	0.00195108469481539	0.218901840002547	20.3693760051654	3.16647489373264	4.73896935919132	4.745875	0.00258481735916906		35G2A07	7.7	1	0.172	2023-04-21
A17	0.139586978591038	0.00217128383276568	0.172955867863501	23.9812157324242	4.00765345011009	3.38077070578773	3.403625	0.00347031900011565		35G2A07	8	1	0.14	2023-04-21
A18	0.128358688854194	0.00213898414972068	0.130683790522001	31.2027455003987	5.30400272131112	2.26693660990559	2.27475	0.00130018573236777		35G2A07	8.3	1	0.115	2023-04-21
A19	0.077	0.0140069728805704	0.0354455097706182	491.824513736776	19.5552888093745	1.78673853347577	1.794875	0.0053163060833125		35G2A07	8.6	1	0.077	2023-04-21
A2	0	0.013	0	-6.97608323839168	9.95957690250007	0.308110146252316	0.295	0.00096836994500372	questionable fit (k < n0)	35G2A07	3.5	1	0.013	2023-04-21
A20	0.102915966818261	0.00197375476147055	0.0671554121580032	58.5896262091696	10.3215386263896	0.589530047053775	0.592625	0.00103026123067288		35G2A07	8.9	1	0.034	2023-04-21
A21	0.023	0.00494584372321935	0.0317101335965285	579.473322624147	21.8588539985157	0.563305240229632	0.564	0.00125837463544537		35G2A07	9.2	1	0.023	2023-04-21
A22	0	0.0103734814631351	0	13.2012210264717	6.28424521221734	1.82664139638572	1.826	0.00669308730832811		35G2A07	9.5	1	0.062	2023-04-21
A23	0.132940090267859	0.0118434504360304	0.339476695659033	6.84822824036475	2.04181079120711	5.46139600824167	5.443125	0.00975638237766064		35G2A07	9.8	1	0.16	2023-04-21
A24	0.051	0.015216538772795	0.0245250145837862	716.212098005979	28.2628651735113	1.40321645306347	1.40225	0.00279195745467784		35G2A07	10.1	1	0.051	2023-04-21
A3	0.192252645571404	0.0112514057294024	0.131999670347087	21.0455889724914	5.25112811825475	5.17342851361146	5.155875	0.00509810748018536		35G2A07	3.8	1	0.188	2023-04-21
A4	0.218604043597877	0.00159938359218566	0.264427536450657	18.5695506367005	2.6213124013629	6.47262420312454	6.5225	0.00390056283143939		35G2A07	4.1	1	0.218	2023-04-21
A5	0.265154960320921	0.00135519692516312	0.304510623326722	17.3105407942492	2.27626600670756	8.18735511334168	8.264	0.00656396903777778		35G2A07	4.4	1	0.268	2023-04-21
A6	0.279801026982043	0.000459730548658404	0.381493340096042	16.8012082261352	1.81693127430598	8.78553399074342	8.79575	0.0112189790487918		35G2A07	4.7	1	0.31	2023-04-21
A7	0.29080399084988	0.0010748962718219	0.334673728980067	16.7229205029555	2.07111320829496	9.15183893245351	9.180125	0.00953947308314911		35G2A07	5	1	0.307	2023-04-21
A8	0.305133028261517	0.000905002380536705	0.361079139359818	16.1116901423343	1.91965446076135	9.79014179642385	9.75775	0.0116406808561571		35G2A07	5.3	1	0.331	2023-04-21
A9	0.304313412975016	0.00191741119709318	0.318948021609598	15.8670414560765	2.17322928376204	9.8347909516206	9.86875	0.0107633948074603		35G2A07	5.6	1	0.325	2023-04-21
B1	0	0.00384456371526385	0	0.148406826347911	0.136787776014037	0.575761167130669	0.540750000000001	0.00153387569715825		35G2A07	3.2	2	0.013	2023-04-21
B10	0.290118940906838	0.00235046944581792	0.298507122824266	16.1052812422455	2.32204569861473	9.30481669369133	9.29125	0.0118739345885674		35G2A07	5.9	2	0.308	2023-04-21
B11	0.270105934297387	0.00117085795484249	0.336406738470512	16.1611900180302	2.06044380594565	8.65167687109948	8.60875	0.0091880856330459		35G2A07	6.2	2	0.283	2023-04-21
B12	0.278600371108067	0.00090786796243737	0.311029723315944	18.4007195951259	2.22855607872514	8.30056690333372	8.23675	0.0108553738690333		35G2A07	6.5	2	0.302	2023-04-21
B13	0.254579517993187	0.0013013229374927	0.32045772257739	16.4486817049951	2.16299103352877	8.08039647987474	8.043875	0.00606058836682389		35G2A07	6.8	2	0.263	2023-04-21
B14	0.254102691188677	0.000971577242999946	0.339504451128116	16.3848870825204	2.0416438672799	8.08265372855588	8.034875	0.01045955873771		35G2A07	7.1	2	0.284	2023-04-21
B15	0.22671460392175	0.00669026794139289	0.209671067916709	16.6598294589043	3.30587900108037	7.12074864747589	7.152	0.0101880179035741		35G2A07	7.4	2	0.264	2023-04-21
B16	0.142705482410321	0.0012516540188187	0.260570885801343	18.1428844457625	2.66010985236622	4.28538138382968	4.303	0.00167428847545226		35G2A07	7.7	2	0.143	2023-04-21
B17	0.146831043708851	0.0117775910233587	0.109356491548911	22.3075187507922	6.33841823875564	3.76708327931867	3.7585	0.00533822751583032		35G2A07	8	2	0.136	2023-04-21
B18	0.140124134643866	0.00225082309453625	0.115006951851383	35.7807871254552	6.02700244986634	1.98284822203461	1.998375	0.00292155981919826		35G2A07	8.3	2	0.111	2023-04-21
B19	0.441860359555521	0.00826865122432375	0.0607472627858702	65.1820632297104	11.410344248814	2.08059774326324	2.088375	0.00712430393159101		35G2A07	8.6	2	0.111	2023-04-21
B2	0	0.0104467153948836	0	-9.99127405519303	14.3467612585636	0.267166670984888	0.247	0.000963006575637969	questionable fit (k < n0)	35G2A07	3.5	2	0.011	2023-04-21
B20	0.034	0.00231753228238368	0.0560909329099838	297.134694756	12.3575619908538	0.575844565022898	0.5815	0.00178063588108465		35G2A07	8.9	2	0.034	2023-04-21
B21	0	0.0127371402303377	0	37.4316709594955	28.0827561063186	0.909105588837906	0.907875	0.00754170430710023		35G2A07	9.2	2	0.044	2023-04-21
B22	0.00700000000000001	0.00150328551912393	0.0288394707757172	599.309206013901	24.034670606493	0.157193572700266	0.15825	0.000725451035712126		35G2A07	9.5	2	0.00700000000000001	2023-04-21
B23	0.0897361200407849	0.0138571402975551	0.123444508927049	13.7741165594052	5.61505073481696	2.97803066946951	2.966125	0.00577785801822047		35G2A07	9.8	2	0.092	2023-04-21
B24	0	0.000588530503639313	0	30.7504458456906	4.38418689789598	1.36393710696153	1.40475	0.00346786242960071		35G2A07	10.1	2	0.075	2023-04-21
B3	0.115197416508361	0.00823912168680064	0.152436448380122	16.8171409847782	4.54712234459492	3.56597793755995	3.54475	0.0046731617821209		35G2A07	3.8	2	0.121	2023-04-21
B4	0.149903655234923	0.00479047126748457	0.177001219047984	19.2704052722307	3.91605879489472	4.31489234754828	4.31475	0.00343239776408855		35G2A07	4.1	2	0.148	2023-04-21
B5	0.198269087004644	0.00227405650786755	0.269921450409361	16.5104479580133	2.56795886176783	6.27566270135998	6.320625	0.00506775964285818		35G2A07	4.4	2	0.201	2023-04-21
B6	0.230968747418744	0.00166920842286405	0.307049430243257	16.0322058233631	2.25744493325002	7.42542834874498	7.455625	0.00740306426916799		35G2A07	4.7	2	0.237	2023-04-21
B7	0.248689067660497	0.00397715939778115	0.251216546748608	16.3982581641138	2.75916212339937	7.89429559710144	7.87275	0.00925334669188735		35G2A07	5	2	0.258	2023-04-21
B8	0.250994700737708	0.00238844789113512	0.304626588553915	15.2489203782415	2.27539947793253	8.26388946960989	8.201375	0.0142012081103673		35G2A07	5.3	2	0.268	2023-04-21
B9	0.278396818755859	0.00498160245620177	0.253875467810817	15.7763961814119	2.73026451329462	9.00843433630721	8.981875	0.00985208325443899		35G2A07	5.6	2	0.289	2023-04-21
C1	0	0	0	0	0	0	0	0	cannot fit data	35G2A07	3.2	3	0.011	2023-04-21
C10	0.292272722887409	0.00469940015121265	0.26537257021455	15.5028946165385	2.61197749262309	9.540187103057	9.5165	0.0102311123803727		35G2A07	5.9	3	0.307	2023-04-21
C11	0.277007887851684	0.00295836737298304	0.278951977840443	16.234590999512	2.48482619096688	8.84544919008395	8.80375	0.0112147720039869		35G2A07	6.2	3	0.294	2023-04-21
C12	0.266908501879024	0.00186488069767798	0.284993862959607	17.3922950032001	2.43214774297854	8.2176760531962	8.192875	0.01012033230335		35G2A07	6.5	3	0.287	2023-04-21
C13	0.268016242816032	0.00215665235604285	0.277295525503891	17.3620224161965	2.49966954677824	8.25872218430426	8.26075	0.00938140659490438		35G2A07	6.8	3	0.289	2023-04-21
C14	0.252528667027587	0.00075405248167144	0.349370338658837	16.6322866215567	1.98398977778365	7.97079523945131	7.919875	0.0114963375355644		35G2A07	7.1	3	0.274	2023-04-21
C15	0.234011828801883	0.00552490916952381	0.201993575420126	18.4273789356572	3.43153082526645	6.94339653194604	6.971875	0.00946548413693176		35G2A07	7.4	3	0.233	2023-04-21
C16	0.129826486953571	0.00619172355057713	0.209135533462424	14.3166406212638	3.31434438272769	4.36975362077102	4.37775	0.0056138349079183		35G2A07	7.7	3	0.132	2023-04-21
C17	0.145214370090224	0.0013047374239647	0.22614532190627	20.7971745741629	3.06505204139148	3.9754785503947	4.035625	0.00573535258615624		35G2A07	8	3	0.149	2023-04-21
C18	0.107769370680125	0.000871067309175227	0.223349205119432	21.5353977697238	3.10342353888969	2.8714679483207	2.96825	0.0138169849819003		35G2A07	8.3	3	0.153	2023-04-21
C19	0.1143008687868	0.0052350710114553	0.0684965011951254	44.3317671335155	10.1194538183108	1.31440625454681	1.318	0.00180424675344507		35G2A07	8.6	3	0.063	2023-04-21
C2	0	0.0126857274275955	0	-9.67402592588117	8.3556006625865	0.386907547229295	0.359	0.00121634692735915	questionable fit (k < n0)	35G2A07	3.5	3	0.013	2023-04-21
C20	0.099	0.00699650525625744	0.0536176626223209	345.358864240969	12.9275903995	1.59957226880498	1.633	0.00799298731127962		35G2A07	8.9	3	0.099	2023-04-21
C21	0.025	0.0120166742679301	0.012625231321047	1217.80993170821	54.9017410401367	0.79746305069139	0.795	0.00232328534299605		35G2A07	9.2	3	0.025	2023-04-21
C22	0	0.0246093923909155	0	-23.3134290788823	15.3861097559371	0.90973216105565	0.86975	0.00346690161060352	questionable fit (k < n0)	35G2A07	9.5	3	0.027	2023-04-21
C23	0.01	0.00608189870805643	0.00355460565044182	3565.17184547569	194.999740821824	0.319792091117283	0.318	0.000978522543744338		35G2A07	9.8	3	0.01	2023-04-21
C24	0	0.0134686745358824	0	-20.2530139518167	34.6295430826481	0.763066796742107	0.759625	0.00200417125869615	questionable fit	35G2A07	10.1	3	0.024	2023-04-21
C3	0.110054304392541	0.00763714408654048	0.170386665338316	15.2361134123516	4.06808349223602	3.58422675875656	3.572875	0.00356736575082432		35G2A07	3.8	3	0.117	2023-04-21
C4	0.165640444396338	0.00485636428304568	0.205436257899067	17.0358062170666	3.37402553788969	5.14017463273256	5.164625	0.00481476418489265		35G2A07	4.1	3	0.166	2023-04-21
C5	0.196125160125456	0.00373294673888775	0.25350648224127	15.5512320608409	2.73423848744134	6.38950033640382	6.438	0.00635189993773715		35G2A07	4.4	3	0.198	2023-04-21
C6	0.213063970167335	0.00129431442934833	0.318652067807327	15.997128255672	2.17524770929482	6.85822694558778	6.870875	0.00741218322434851		35G2A07	4.7	3	0.221	2023-04-21
C7	0.239990224746317	0.00442105837571623	0.256993068561843	15.4697769621777	2.69714348499305	7.83891074181769	7.827	0.00970333944527294		35G2A07	5	3	0.252	2023-04-21
C8	0.242186157385841	0.00416803582712235	0.280912092900722	14.3991733137405	2.46748786569652	8.172334081871	8.1115	0.0119133223926692		35G2A07	5.3	3	0.255	2023-04-21
C9	0.271823226272275	0.00616452213286783	0.244210848094568	15.4104611915055	2.83831445641403	8.88907867348564	8.851625	0.00982520868305231		35G2A07	5.6	3	0.283	2023-04-21
D1	0	0	0	0	0	0	0	0	cannot fit data	35G3B04	3.2	1	0.016	2023-04-21
D10	0.342178242816857	0.0126461966116838	0.272372928189808	11.9700482757079	2.54484608718864	12.35147263187	12.325625	0.00689513654351529		35G3B04	5.9	1	0.35	2023-04-21
D11	0.366513660508078	0.00912310404964141	0.320756341905654	11.4355309553466	2.16097732142059	13.4476170626479	13.418125	0.0141588876088866		35G3B04	6.2	1	0.382	2023-04-21
D12	0.336040924504965	0.00544827745706973	0.34294953939705	11.9714038844594	2.0211346012553	12.1598650009854	12.1435	0.0194911086566761		35G3B04	6.5	1	0.362	2023-04-21
D13	0.346378250966199	0.00571494008009732	0.338173495022495	12.0879101380426	2.04967920538491	12.4930428843799	12.504875	0.0132626463251639		35G3B04	6.8	1	0.373	2023-04-21
D14	0.324935540076015	0.00520764070599842	0.323565430932874	12.7249174736284	2.14221642454673	11.5124349761523	11.51225	0.0149375265070839		35G3B04	7.1	1	0.348	2023-04-21
D15	0.2926882856412	0.0154726442743803	0.206751882310881	13.9574163997982	3.35255559858796	9.94808809987964	9.94975	0.00850061256469424		35G3B04	7.4	1	0.302	2023-04-21
D16	0.208944395748617	0.00487077589117874	0.288924267663075	12.9280506467428	2.39906182393875	7.35383199818258	7.4205	0.0118617028503929		35G3B04	7.7	1	0.224	2023-04-21
D17	0.135299153562862	0.00758583134220324	0.246849437140297	11.4381701834806	2.80797553597821	4.94292036417751	4.9825	0.00979407960196544		35G3B04	8	1	0.148	2023-04-21
D18	0.119115757911721	0.00955031985245564	0.155881530323433	15.6525749215394	4.44662802014939	3.81837665836498	3.834	0.00540958160179675		35G3B04	8.3	1	0.119	2023-04-21
D19	0	0.0180564968057183	0	16.7462938918409	9.08645679138039	2.43317772084469	2.43225	0.00249485813218716		35G3B04	8.6	1	0.073	2023-04-21
D2	0	0.0127169044802773	0	0.679866695225581	2.11420025257053	1.30834270224686	1.305875	0.0013832257868752		35G3B04	3.5	1	0.032	2023-04-21
D20	0.106246802852924	0.0180328934736523	0.0516127463316634	30.7592069928385	13.4297674474786	2.17267575411915	2.1735	0.00654755948068422		35G3B04	8.9	1	0.077	2023-04-21
D21	0	0.0185579490117657	0	1.61141509967876	10.7849011494671	1.46204151689716	1.458	0.00273817699230526		35G3B04	9.2	1	0.037	2023-04-21
D22	0	0.0102672628820145	0	0.934437711629401	1.15862651071002	1.31284078976536	1.311125	0.00546987568553766		35G3B04	9.5	1	0.044	2023-04-21
D23	0	0.0124005190134074	0	16.7281202809474	23.0901417274325	0.876525865535601	0.87375	0.00117298498224247		35G3B04	9.8	1	0.024	2023-04-21
D24	0.00899999999999999	0.00503082994717337	0.00791723617655498	1795.99780052367	87.5491352162181	0.295281019158109	0.294	0.000990083478569705		35G3B04	10.1	1	0.00899999999999999	2023-04-21
D3	0.202113305827615	0.00823977838036279	0.287141731145975	10.9988630545577	2.41395487097474	7.49051813109863	7.542	0.00879262117635439		35G3B04	3.8	1	0.201	2023-04-21
D4	0.253916556048924	0.0163910672278605	0.263799416540542	10.1347397538603	2.62755388033021	9.60240991881784	9.583875	0.00943836973007378		35G3B04	4.1	1	0.269	2023-04-21
D5	0.269188227863571	0.021226337409573	0.23933706335884	10.2701699898579	2.89611299993559	10.1192829872959	10.08825	0.0113982352755651		35G3B04	4.4	1	0.286	2023-04-21
D6	0.274214655257471	0.0201825842934032	0.21423798776059	11.8216217409531	3.23540744480168	9.87945318002144	9.827125	0.0128927785029394		35G3B04	4.7	1	0.289	2023-04-21
D7	0.28470444466791	0.0190228604405941	0.246975517926727	10.6757832723328	2.80654206691689	10.6050473030424	10.570125	0.00904295293268385		35G3B04	5	1	0.297	2023-04-21
D8	0.287960365301443	0.0228828085100743	0.213733283694395	11.4611842358756	3.24304744950738	10.4696498738352	10.405	0.0147275147244103		35G3B04	5.3	1	0.298	2023-04-21
D9	0.324404117069775	0.0139824679650055	0.269441030405624	11.5057727859929	2.57253759576433	11.8523054737975	11.835	0.00559233851032767		35G3B04	5.6	1	0.332	2023-04-21
E1	0	0.0146325252529197	0	-4.8315584544833	1.88095142927292	0.817022925168286	0.81425	0.00184524283117465	questionable fit	35G3B04	3.2	2	0.021	2023-04-21
E10	0.347536045111954	0.0161969899478861	0.26289767874598	11.4809563251196	2.6365663777111	12.6998257657391	12.656125	0.00737638388607769		35G3B04	5.9	2	0.355	2023-04-21
E11	0.345053043863361	0.0164695099025987	0.277196981677025	10.7983870884632	2.50055818200634	12.8463296759307	12.7865	0.00966461547592727		35G3B04	6.2	2	0.349	2023-04-21
E12	0.332404413955568	0.0103999641067597	0.287995441539706	11.9195046686654	2.40679913839671	12.0247113512543	12.026	0.0168158690565298		35G3B04	6.5	2	0.356	2023-04-21
E13	0.338083483429038	0.00927775517547972	0.32829577470177	10.8677836917801	2.1113496851722	12.5943517679709	12.610125	0.0172650444917758		35G3B04	6.8	2	0.361	2023-04-21
E14	0.317083559495849	0.00403918487570254	0.358018334504053	12.1510593871986	1.93606615571834	11.4206714034539	11.415875	0.0136032698238382		35G3B04	7.1	2	0.339	2023-04-21
E15	0.278614730288769	0.0157651106020973	0.219993293982312	12.7903115626831	3.15076504384573	9.7937308986585	9.842625	0.0165954710849512		35G3B04	7.4	2	0.295	2023-04-21
E16	0.196387084700318	0.0103031807497678	0.239147523145256	12.1002508084937	2.89840836084652	7.04634371739241	7.073625	0.00895638052801244		35G3B04	7.7	2	0.206	2023-04-21
E17	0.160578701250569	0.0187164179544297	0.191432960629328	10.5804958574166	3.62083508650367	5.93832046708719	5.96375	0.011796185369761		35G3B04	8	2	0.164	2023-04-21
E18	0.139901199913944	0.0119988575599791	0.105867470785961	22.3530000563519	6.54731028723002	3.58112976583106	3.5955	0.00482247733292805		35G3B04	8.3	2	0.128	2023-04-21
E19	0.180365165375649	0.0322752755017276	0.0611394682405338	24.9187312955362	11.3371476806599	4.2548846627829	4.25825	0.00826774315605499		35G3B04	8.6	2	0.136	2023-04-21
E2	0	0.0140054636682919	0	-37.1693585068498	31.4708880384033	0.768177941713504	0.765125	0.000407761614217018	questionable fit	35G3B04	3.5	2	0.019	2023-04-21
E20	0	0.014081068782839	0	19.1672262507631	9.61607607599533	1.93185466335577	1.928875	0.00311207094408389		35G3B04	8.9	2	0.063	2023-04-21
E21	0	0.0132898525068672	0	1.23832736389722	1.11279600400702	1.94841149731729	1.9455	0.00532075013988118		35G3B04	9.2	2	0.055	2023-04-21
E22	0	0.0172508695199314	0	9.52710146342832	27.9133488215001	1.10656737221654	1.103125	0.00115081218043274		35G3B04	9.5	2	0.028	2023-04-21
E23	0	0.0132545144658529	0	0.488677701921369	0.955006761332529	1.51061793178613	1.50825	0.0070941576568583		35G3B04	9.8	2	0.052	2023-04-21
E24	0	0.0437645825969444	0	-0.860861641703316	0.383540204337039	2.54923520581321	2.414	0.011992833973351	questionable fit	35G3B04	10.1	2	0.087	2023-04-21
E3	0.189308037947689	0.00925190275111224	0.267146906056282	11.1116369457626	2.59462926519506	6.9865472515077	7.020125	0.00605000050265387		35G3B04	3.8	2	0.192	2023-04-21
E4	0.222661753572269	0.00799255164761123	0.325864584490288	10.0980233515744	2.12710191150154	8.45992890608945	8.468625	0.00604653055719322		35G3B04	4.1	2	0.226	2023-04-21
E5	0.247965731566705	0.0168745677688312	0.261630790951421	10.0026630997666	2.64933335269642	9.40604761463495	9.3735	0.0119104874075126		35G3B04	4.4	2	0.263	2023-04-21
E6	0.247014931272369	0.0147921072303779	0.246171436511262	11.1857153491844	2.81570920811616	9.08239501752689	9.0315	0.013349464375933		35G3B04	4.7	2	0.262	2023-04-21
E7	0.268086568589114	0.0195535699125263	0.251440267639293	10.1114184218117	2.75670713791281	10.1316286875545	10.096	0.00996517759604673		35G3B04	5	2	0.281	2023-04-21
E8	0.28722928427985	0.0246060426647676	0.198035830265076	11.9560607340543	3.5001099529926	10.2828855553472	10.214625	0.0151869056044799		35G3B04	5.3	2	0.298	2023-04-21
E9	0.316436731039163	0.0165026170916576	0.259052694183033	11.1948028935283	2.67569956277005	11.6459567193826	11.6115	0.00759531322233266		35G3B04	5.6	2	0.325	2023-04-21
F1	0	0.0151447822382915	0	-2.72052769895635	1.08771843805133	0.604898648707231	0.602	0.0023590408480166	questionable fit (k < n0)	35G3B04	3.2	3	0.02	2023-04-21
F10	0.319647732931113	0.0181579253958253	0.241421979406277	11.6378346757123	2.87110221805232	11.6112835764247	11.574125	0.00717676479329289		35G3B04	5.9	3	0.326	2023-04-21
F11	0.338302434134985	0.0127030119828543	0.280543005587481	11.5626790383422	2.47073413613872	12.3499816866614	12.318875	0.00598895057836184		35G3B04	6.2	3	0.343	2023-04-21
F12	0.31970235964733	0.0161877633235955	0.262697788757152	11.157970191193	2.63857257359984	11.7807702196887	11.771375	0.0102010450358144		35G3B04	6.5	3	0.335	2023-04-21
F13	0.332766389747926	0.00552111494925083	0.346522026781269	11.7802905057219	2.00029760589353	12.1047632115525	12.11625	0.0153146254485532		35G3B04	6.8	3	0.357	2023-04-21
F14	0.311128543309163	0.0110754226275023	0.258524376648231	12.7617793532464	2.68116759257522	10.9838153464894	11.012875	0.0145903471708432		35G3B04	7.1	3	0.33	2023-04-21
F15	0.28856422101338	0.0147160636413759	0.210452059859099	13.8921620567168	3.29361081580299	9.83060706810124	9.84275	0.00615010936272525		35G3B04	7.4	3	0.295	2023-04-21
F16	0.200109214131318	0.0146503335795981	0.227394148453072	11.1628645742054	3.0482190736891	7.34570309205019	7.39025	0.0141910331663639		35G3B04	7.7	3	0.219	2023-04-21
F17	0.134523592603388	0.00641586593961263	0.263722467205205	11.3532137803964	2.62832055192552	4.9325006202553	4.97325	0.0091950270706993		35G3B04	8	3	0.143	2023-04-21
F18	0.135790013698588	0.0186733242066522	0.144075165694658	12.7438672903963	4.8110108165966	4.68147579238293	4.69875	0.0150748627851468		35G3B04	8.3	3	0.164	2023-04-21
F19	0.184765562888229	0.0219966798360242	0.0518541919625702	38.5974537078203	13.3672352094557	3.01510965093992	3.018375	0.00576993206482957		35G3B04	8.6	3	0.106	2023-04-21
F2	0	0.0136432893253077	0	0.978232776718556	4.00316806409427	1.30226936717812	1.29925	0.000576962913079914		35G3B04	3.5	3	0.031	2023-04-21
F20	0.109586173937448	0.0287074035465552	0.0439488910115628	23.5682014967939	15.7716648726718	2.66968076477404	2.668375	0.00838494738566715		35G3B04	8.9	3	0.078	2023-04-21
F21	0	0.0215974376605904	0	-0.228242934185552	10.3116292598233	1.65332476658066	1.649125	0.00620545245421923	questionable fit	35G3B04	9.2	3	0.069	2023-04-21
F22	0.065	0.0168107640745223	0.0200110971099068	793.819288211786	34.6381398657444	1.36412153953265	1.367625	0.0071868505876258		35G3B04	9.5	3	0.065	2023-04-21
F23	0	0.0135800470918995	0	142.417764318645	63.6434523617557	0.812781930781446	0.80975	0.00227066156381897		35G3B04	9.8	3	0.029	2023-04-21
F24	0.017	0.00454420612231647	0.0232949647784125	735.14758475763	29.7552362561323	0.404548885763869	0.404625	0.00104006775084213		35G3B04	10.1	3	0.017	2023-04-21
F3	0.198659250482361	0.00856083155079175	0.281582469319629	11.0104319018723	2.46161340311688	7.35793269884438	7.39075	0.00617666167276312		35G3B04	3.8	3	0.198	2023-04-21
F4	0.223634667681954	0.00878551931040717	0.309526342125229	10.3281397351706	2.23938026017672	8.44156645974819	8.443125	0.00868036864059421		35G3B04	4.1	3	0.237	2023-04-21
F5	0.258233280785692	0.0174236146395915	0.249104055823145	10.5425035993569	2.78256079881756	9.65330897403274	9.6195	0.0114770529883669		35G3B04	4.4	3	0.273	2023-04-21
F6	0.261690704182054	0.0226490934716464	0.214468874696871	10.9876914106887	3.23192435983839	9.62931011721012	9.579125	0.0124157648917353		35G3B04	4.7	3	0.275	2023-04-21
F7	0.27444679157151	0.0152334150964322	0.268666557646189	10.5489876304281	2.57995333186485	10.2762023652692	10.25675	0.00617604731866304		35G3B04	5	3	0.28	2023-04-21
F8	0.283551141288032	0.0226345526423293	0.22067665148828	11.0783045660292	3.14100823936399	10.4206990097148	10.36825	0.0111391385954409		35G3B04	5.3	3	0.296	2023-04-21
F9	0.316840166142852	0.0128025272182986	0.277918495506862	11.3972584294919	2.49406639632169	11.6151017827696	11.59975	0.00632322326324661		35G3B04	5.6	3	0.326	2023-04-21
G1	0	0.0163644085577385	0	-16.6675331460116	20.6972537271532	0.489659186792602	0.45825	0.00218997848816853	questionable fit (k < n0)	35G2B04	3.2	1	0.019	2023-04-21
G10	0.28710623204697	0.0166466359068362	0.145540148209	19.1556392221939	4.76258399547983	8.25090720817784	8.22425	0.00718045922513585		35G2B04	5.9	1	0.317	2023-04-21
G11	0.274176061353722	0.0123689663753637	0.197985955218629	15.4173427431596	3.50099167284127	8.92768584597256	8.895875	0.00616095044683312		35G2B04	6.2	1	0.281	2023-04-21
G12	0.256828678594404	0.0139714352745062	0.168512429447823	16.9450935830671	4.11332969817855	7.95095598085431	7.91525	0.00952677097387819		35G2B04	6.5	1	0.262	2023-04-21
G13	0.2649086977271	0.00536539213640392	0.29409884579256	13.1892870715374	2.3568510739714	9.25749289907712	9.31475	0.0200987145517024		35G2B04	6.8	1	0.294	2023-04-21
G14	0.281408443843744	0.0064583521726995	0.245417960730343	15.2850075910098	2.82435392461578	9.23761861582412	9.273375	0.0209201012759823		35G2B04	7.1	1	0.312	2023-04-21
G15	0.177553473581552	0.0234953722361023	0.081955854142868	22.9456011014458	8.45756764796362	4.43475547447705	4.431875	0.00489318698528932		35G2B04	7.4	1	0.152	2023-04-21
G16	0	0.0067410815178953	0	1.57118355339061	1.02287278619371	1.2145099224772	1.21375	0.00365772219220546		35G2B04	7.7	1	0.041	2023-04-21
G17	0	0.00739648047614113	0	1.20271876025522	0.8936278150128	1.2201198728831	1.219625	0.00631624922516812		35G2B04	8	1	0.042	2023-04-21
G18	0	0.0101588659815559	0	-0.0584838584536783	0.708936909891979	0.938759838083021	0.937375	0.00587928043447249	questionable fit	35G2B04	8.3	1	0.032	2023-04-21
G19	0	0.0148636190447062	0	-1.01958287464051	0.451786038584146	0.864189249329313	0.862	0.00614620865515202	questionable fit	35G2B04	8.6	1	0.029	2023-04-21
G2	0	0	0	0	0	0	0	0	cannot fit data	35G2B04	3.5	1	0.018	2023-04-21
G20	0	0.014484423632029	0	-0.929821443436878	0.747058595861234	0.985058324212052	0.982875	0.00709956727070011	questionable fit	35G2B04	8.9	1	0.034	2023-04-21
G21	0	0.00988373237061584	0	2.26062765445254	1.99858554688268	1.41451018137371	1.41325	0.00220451925060462		35G2B04	9.2	1	0.039	2023-04-21
G22	0	0.0140790102457957	0	-1.48640186828796	1.29809411859743	0.971266822031733	0.969	0.0038809517414818	questionable fit	35G2B04	9.5	1	0.028	2023-04-21
G23	0	0.0121319014175443	0	-1.23479736725847	2.81225382776561	0.968923405302436	0.966625	0.00171643355645069	questionable fit	35G2B04	9.8	1	0.024	2023-04-21
G24	0	0.031	0	-0.251915791010821	0.0957029338908064	1.25395419429131	1.205625	0.00415115560075004	questionable fit (k < n0)	35G2B04	10.1	1	0.031	2023-04-21
G3	0	0.0180766219897586	0	-1.19212954868032	0.86247676652832	1.19555917956065	1.191875	0.00267335302656981	questionable fit	35G2B04	3.8	1	0.031	2023-04-21
G4	0.038	0.0210672568114272	0.0078809387979111	1680.94930121392	87.9523618104571	1.23537775157928	1.2315	0.004818088540627		35G2B04	4.1	1	0.038	2023-04-21
G5	0.106	0.0235519768746308	0.0303104432936245	576.927370649961	22.8682627253341	2.57251782169542	2.572625	0.00498093904415328		35G2B04	4.4	1	0.106	2023-04-21
G6	0.099	0.014711422900029	0.0407764557454256	121.801714494177	16.9987108464596	2.16921055732273	2.16775	0.00116041163524506		35G2B04	4.7	1	0.099	2023-04-21
G7	0.13	0.0190944499481069	0.0391834953993575	470.008600159365	17.68977406164	2.73459257924692	2.75025	0.00678276703826381		35G2B04	5	1	0.13	2023-04-21
G8	0.370870682841362	0.0056120813287836	0.0911279400028233	45.8222137557813	7.60630801638301	3.22463582779388	3.26825	0.00507945505415004		35G2B04	5.3	1	0.201	2023-04-21
G9	0.569315962136594	0.0163142347027498	0.0602600822598641	58.4686076051756	11.5025926710626	3.79697441823264	3.81	0.00525108208441141		35G2B04	5.6	1	0.189	2023-04-21
H1	0	0.013	0	-8.66576887436163	6.28632267452895	0.420725975427725	0.36425	0.00241181509566209	questionable fit (k < n0)	35G2B04	3.2	2	0.013	2023-04-21
H10	0.292950846136048	0.0138477292508532	0.127910394900235	23.4809691914929	5.41900586813583	7.22687728889192	7.2195	0.00570695755727029		35G2B04	5.9	2	0.287	2023-04-21
H11	0.271411326965955	0.012952615597771	0.184286113032898	16.2434280239545	3.76125563208449	8.60670885055172	8.56275	0.00750176699178264		35G2B04	6.2	2	0.281	2023-04-21
H12	0.227644490419557	0.0152513384656802	0.150765700205606	17.4693035388097	4.5975124289853	6.90664303079018	6.86525	0.010445213734912		35G2B04	6.5	2	0.237	2023-04-21
H13	0.253446330221685	0.00956963466240041	0.214810033767283	15.0740990319099	3.2267914510496	8.3523796522069	8.349125	0.0121132255952465		35G2B04	6.8	2	0.28	2023-04-21
H14	0.262864052973298	0.00507270273366843	0.244354258158161	16.076154384258	2.83664866650819	8.42490188916663	8.458375	0.0158435313264895		35G2B04	7.1	2	0.292	2023-04-21
H15	0.228373879469067	0.0192171992634204	0.0764048839545007	31.2450963941552	9.07202713602335	4.33346881651887	4.348375	0.00793360046885077		35G2B04	7.4	2	0.167	2023-04-21
H16	0	0.00473589660715124	0	1.9914541980279	0.989258141367187	1.09474386305125	1.094875	0.00408554159194407		35G2B04	7.7	2	0.034	2023-04-21
H17	0	0.00561835597803523	0	1.36427587178113	0.754750904894934	1.17747633344555	1.17775	0.00776363880116679		35G2B04	8	2	0.043	2023-04-21
H18	0	0.00674229226426115	0	0.325709810853435	0.460921795283063	0.844010201751516	0.843375	0.00546332794378198		35G2B04	8.3	2	0.027	2023-04-21
H19	0	0.00868470843536862	0	0.198043312353148	0.847958132976783	0.892885632083695	0.892	0.00672877386129307		35G2B04	8.6	2	0.031	2023-04-21
H2	0	0.00876829763814084	0	-64.868894631757	18.4676996236583	0.402102649911372	0.372125	0.00133869103204965	questionable fit (k < n0)	35G2B04	3.5	2	0.011	2023-04-21
H20	0	0	0	0	0	0	0	0	cannot fit data	35G2B04	8.9	2	0.021	2023-04-21
H21	0	0.00702181455427458	0	3.19412448028553	1.84363719271159	1.34508850949079	1.344625	0.00187845852305586		35G2B04	9.2	2	0.035	2023-04-21
H22	0	0.00792867267913098	0	-0.1288569989807	0.882025412819237	0.715225975293684	0.714125	0.00286986971887235	questionable fit	35G2B04	9.5	2	0.022	2023-04-21
H23	0	0.0119338886047458	0	-0.518090742251678	3.03084935866469	1.02362923750524	1.0215	0.00176402676031961	questionable fit	35G2B04	9.8	2	0.026	2023-04-21
H24	0	0.00578208568963833	0	-1.45319849367808	0.646677258877744	0.336184739181658	0.289125	0.00323611794252598	questionable fit	35G2B04	10.1	2	0.01	2023-04-21
H3	0	0.013656308386612	0	-0.413731960732848	1.48613733856238	1.16894848678006	1.166375	0.00266849689892537	questionable fit	35G2B04	3.8	2	0.031	2023-04-21
H4	0.100416266870183	0.0180887450369575	0.0312359514435783	48.5151073270854	22.1906856851145	1.5742469622756	1.57025	0.0021312360128106		35G2B04	4.1	2	0.052	2023-04-21
H5	0.087	0.017675954750111	0.0334793418894424	428.423508780667	20.703727774844	2.12356725268118	2.119625	0.00258204731604815		35G2B04	4.4	2	0.087	2023-04-21
H6	0.140674419074916	0.045776485776825	0.0621026395923164	11.7391367611836	11.1613159297291	4.46194324809187	4.451	0.00200819982268313		35G2B04	4.7	2	0.14	2023-04-21
H7	0.11	0.0122059693167008	0.0454759134055115	419.219584774881	15.242072751329	2.13502288364132	2.153875	0.00348455483413106		35G2B04	5	2	0.11	2023-04-21
H8	0.115	0.0144918146622069	0.0431952530105578	450.357912879972	16.0468369149389	2.35592339897475	2.358	0.00214693349548008		35G2B04	5.3	2	0.115	2023-04-21
H9	0.142	0.0246087313617049	0.0354786430896108	495.74309744243	19.5370262275594	3.14229591411563	3.145625	0.00904014675545655		35G2B04	5.6	2	0.142	2023-04-21
I1	0	0.0129917639433808	0	-14.1637441457708	20.2047258447523	0.361942844105919	0.327	0.00202483069550326	questionable fit (k < n0)	35G2B04	3.2	3	0.014	2023-04-21
I10	0.282351415113569	0.0201092299594074	0.143061022172694	17.9510078775072	4.84511553205054	8.42222491026353	8.408375	0.00928145478524407		35G2B04	5.9	3	0.29	2023-04-21
I11	0.282385118267355	0.0119909152920584	0.175945967588914	17.7084569987923	3.93954570291397	8.549535490684	8.539875	0.00527092658100495		35G2B04	6.2	3	0.288	2023-04-21
I12	0.248202298030467	0.0201423368482727	0.150643790302244	16.1094238693133	4.60123300913533	7.83972223476001	7.80525	0.0103682104740571		35G2B04	6.5	3	0.261	2023-04-21
I13	0.246211699694031	0.0121197456441452	0.178830165959569	16.5569270393512	3.87600814907624	7.72734854990675	7.714375	0.0128347241269869		35G2B04	6.8	3	0.266	2023-04-21
I14	0.283574042140983	0.00682894915827441	0.242388024993577	15.2727265948295	2.85965934405511	9.31054010715741	9.334	0.0162475867239169		35G2B04	7.1	3	0.312	2023-04-21
I15	0.205611324739467	0.0219487144025535	0.0767594075507732	27.6759804993229	9.03012676461132	4.42217325676026	4.43125	0.00781577263172803		35G2B04	7.4	3	0.16	2023-04-21
I16	0	0.00630016280898106	0	2.35561791494702	1.15431290384375	1.46567790422389	1.46425	0.00347613282653378		35G2B04	7.7	3	0.044	2023-04-21
I17	0	0.00467863932186574	0	1.6716155942226	0.642494148044444	1.53460354399828	1.535375	0.00951125884058029		35G2B04	8	3	0.051	2023-04-21
I18	0	0.00874436841695403	0	0.674527244522711	0.75108134715873	1.17850882701123	1.177625	0.0069100968109532		35G2B04	8.3	3	0.042	2023-04-21
I19	0	0.00575078426289923	0	1.52389306608043	0.733503052455256	1.39480588186564	1.395625	0.0120957311825379		35G2B04	8.6	3	0.047	2023-04-21
I2	0	0	0	0	0	0	0	0	cannot fit data	35G2B04	3.5	3	0.015	2023-04-21
I20	0	0.0129248035241943	0	-0.679723585061752	0.911385762186281	0.98188480084114	0.979875	0.00798780104582287	questionable fit	35G2B04	8.9	3	0.035	2023-04-21
I21	0	0.00884077060733814	0	3.37394384226954	2.40353833806238	1.40916585420994	1.4075	0.0015229791660185		35G2B04	9.2	3	0.036	2023-04-21
I22	0	0.0124409162411978	0	-0.651738552838414	1.1146978613165	0.982559679141243	0.9805	0.00319760559426617	questionable fit	35G2B04	9.5	3	0.027	2023-04-21
I23	0	0.0128531530717547	0	-0.977223680414067	2.63366113171632	1.04905297992018	1.0465	0.00140262151838426	questionable fit	35G2B04	9.8	3	0.026	2023-04-21
I24	0	0.0202042582031571	0	-0.929219369725077	0.199137701757125	1.01206611007318	0.94825	0.00393938114683557	questionable fit	35G2B04	10.1	3	0.026	2023-04-21
I3	0	0.0144283170237463	0	-0.486379285318218	0.354318441817119	0.960756077539348	0.92875	0.00417665541233256	questionable fit	35G2B04	3.8	3	0.025	2023-04-21
I4	0.048	0.0183184427473333	0.0189164098798386	880.80165677192	36.6426391140273	1.44188113055818	1.439125	0.00204644904014359		35G2B04	4.1	3	0.048	2023-04-21
I5	0.098	0.0187690851318102	0.0345638300577582	497.625570303929	20.0541195637652	2.3305086166097	2.33125	0.00345866412827228		35G2B04	4.4	3	0.098	2023-04-21
I6	0.105	0.021562720782092	0.0330476827531342	534.846639568006	20.9741537928013	2.55687826010842	2.555	0.0029624947626253		35G2B04	4.7	3	0.105	2023-04-21
I7	0.271914986302535	0.0157164817031577	0.0509598363679773	54.7733823303804	13.6018329327979	2.56219129762648	2.569875	0.00577992612816431		35G2B04	5	3	0.106	2023-04-21
I8	0.122	0.00903598065163772	0.0544013588569668	380.848740725748	12.7413578470049	2.12087136619467	2.14125	0.00381817587561734		35G2B04	5.3	3	0.122	2023-04-21
I9	0.146	0.0173608411542866	0.0432715101050433	435.535464768636	16.0185576809615	2.82921814663445	2.858375	0.00762270965168657		35G2B04	5.6	3	0.146	2023-04-21
J1	0	0	0	0	0	0	0	0	cannot fit data	26G4B12	3.2	1	0.004	2023-04-21
J10	0.169897905439352	0.00641688513319285	0.114492354676028	28.2793038084414	6.05409140655112	3.47248586847747	3.4465	0.00501010516953248		26G4B12	5.9	1	0.162	2023-04-21
J11	0.129356653796963	0.000023271543223364	0.251210740926387	34.3254328342942	2.75922589139236	1.81080842500903	1.8825	0.00468906917432993		26G4B12	6.2	1	0.136	2023-04-21
J12	0.895707326512343	0.000992108695399488	0.0922081360174071	73.7942265712607	7.5172019574183	0.866043728708891	0.86725	0.00214906678235796		26G4B12	6.5	1	0.082	2023-04-21
J13	0.514426609294678	0.000207656671988034	0.126374055281407	61.8364134450372	5.48488516109151	0.667225322229647	0.66675	0.00104323065666347		26G4B12	6.8	1	0.078	2023-04-21
J14	0.259501587777367	0.000843694473615891	0.125334647116674	45.6814719075934	5.53037166103553	1.78156892643171	1.8315	0.00435900881171528		26G4B12	7.1	1	0.146	2023-04-21
J15	0	0.0160035674647	0	-15.9989321546967	38.5581193806775	0.417045840875571	0.37125	0.00476706894852063	questionable fit (k < n0)	26G4B12	7.4	1	0.021	2023-04-21
J16	0	0.000314433104900441	0	1.30816182156739	0.267854637657446	0.449988321938161	0.451625	0.00618223174145461		26G4B12	7.7	1	0.021	2023-04-21
J17	0	0.0010140143588861	0	1.44762474822805	0.549362564599998	0.341081266880074	0.34175	0.00515291585615166		26G4B12	8	1	0.02	2023-04-21
J18	0	0.00137756360182424	0	2.78248859217995	0.785586082670982	0.789742308335289	0.792	0.00996625657760471		26G4B12	8.3	1	0.033	2023-04-21
J19	0	0.00559811816566858	0	0.0716386955576442	0.0698057290389046	0.817578570875426	0.73975	0.0122486923200485		26G4B12	8.6	1	0.032	2023-04-21
J2	0	0.00434282736603916	0	-12.2419065254999	13.1086064252604	0.271270175820153	0.2705	0.000987850948567469	questionable fit	26G4B12	3.5	1	0.00800000000000001	2023-04-21
J20	0	0.0178833870491351	0	-0.363030903313704	0.273087526428455	1.20181842028914	0.837875	0.0160583171433281	questionable fit	26G4B12	8.9	1	0.036	2023-04-21
J21	0.021	0.00950910175826803	0.0103034548762159	1267.52292902962	67.2732776420438	0.593656493545035	0.5925	0.00314781039000715		26G4B12	9.2	1	0.021	2023-04-21
J22	0	0.0052027364127096	0	5.61589074878	2.53605150012247	1.22896290813011	1.22925	0.00203431789688472		26G4B12	9.5	1	0.032	2023-04-21
J23	0	0.00806566152440643	0	4.44352051933275	3.05378097220922	1.27935449590531	1.278	0.00174179708374584		26G4B12	9.8	1	0.032	2023-04-21
J24	0	0	0	0	0	0	0	0	cannot fit data	26G4B12	10.1	1	0	2023-04-21
J3	0.149044974688447	0.000667244365836954	0.276987822689506	19.5111833306416	2.5024464029848	4.27440359572291	4.311375	0.00428302488088332		26G4B12	3.8	1	0.149	2023-04-21
J4	0.220734816251816	0.00152309990391072	0.268166278736916	18.5306309167286	2.58476637638678	6.54469376129685	6.4995	0.00517907225423109		26G4B12	4.1	1	0.225	2023-04-21
J5	0.236196338943572	0.00203508162197416	0.294327051027142	16.1231326449194	2.3550236994561	7.57067331375531	7.531125	0.00752050502493931		26G4B12	4.4	1	0.244	2023-04-21
J6	0.287004430705728	0.0155675799128143	0.171201575826504	16.6969197782976	4.0487196289734	8.95698707385822	8.9275	0.00995320435213175		26G4B12	4.7	1	0.293	2023-04-21
J7	0.224256508309307	0.00190523843939596	0.305872209814359	15.5609143608581	2.26613323577396	7.31436468157251	7.283875	0.00767386399681321		26G4B12	5	1	0.235	2023-04-21
J8	0.222294695057092	0.00537211265973842	0.224690750101795	16.4595973575525	3.08489415005255	7.03335991604274	6.958375	0.00969292687181404		26G4B12	5.3	1	0.232	2023-04-21
J9	0.196300326703029	0.00738383926656214	0.159358913205329	20.3440852953881	4.34959781425496	5.43627119530558	5.374375	0.0085436622050157		26G4B12	5.6	1	0.206	2023-04-21
K1	0	0.00307887640989892	0	-14.2078830757211	9.39131731468877	0.107827854711383	0.0941250000000001	0.000779114893436207	questionable fit (k < n0)	26G4B12	3.2	2	0.004	2023-04-21
K10	0.165033053129358	0.004281506651619	0.117028956062567	30.97998253072	5.92286903926042	2.98193957856213	2.965	0.00427273920508016		26G4B12	5.9	2	0.153	2023-04-21
K11	0.119857446572943	0.000220198604961073	0.185100903843916	34.0230084788778	3.74469905962444	1.74387662009764	1.77325	0.00339249110873445		26G4B12	6.2	2	0.116	2023-04-21
K12	0	0.0000047324033710169	0	40.7950758780969	2.96094258767865	0.538643450760039	0.54025	0.0013564494708717		26G4B12	6.5	2	0.058	2023-04-21
K13	0	0.000000208612219323464	0	43.0443068084306	2.39121803299721	0.320567333763557	0.320625	0.000828953570242923		26G4B12	6.8	2	0.045	2023-04-21
K14	0	0	0	0	0	0	0	0	cannot fit data	26G4B12	7.1	2	0.014	2023-04-21
K15	0	0	0	0	0	0	0	0	cannot fit data	26G4B12	7.4	2	0.023	2023-04-21
K16	0	0.000000000983010026920264	0	3.38601353962598	0.145772897525463	0.432856024379382	0.435625	0.0074264193641431		26G4B12	7.7	2	0.025	2023-04-21
K17	0	0.0000000000503162253748292	0	2.139437911395	0.0773149403466422	0.495566143317077	0.49975	0.00673390033709883		26G4B12	8	2	0.023	2023-04-21
K18	0	0.000260152629579276	0	3.99004762247706	0.713971406634643	0.564720262575765	0.569375	0.0100179325654336		26G4B12	8.3	2	0.03	2023-04-21
K19	0	0.015065405268316	0	-1.0586822587896	0.277013941832166	0.675276473246421	0.6165	0.00879178243920918	questionable fit (k < n0)	26G4B12	8.6	2	0.027	2023-04-21
K2	0.005	0.0017680425800082	0.00863730611546536	1574.00999604589	80.250389565196	0.105712367719277	0.105	0.000667828248423494		26G4B12	3.5	2	0.005	2023-04-21
K20	0	0.00175580716352016	0	1.04620080545493	0.280733868256838	1.1782257036826	0.95125	0.0123455869955145		26G4B12	8.9	2	0.032	2023-04-21
K21	0	0.00837968972216526	0	0.357840511626868	0.310650149845399	1.28736938697299	1.188625	0.00742567523205218		26G4B12	9.2	2	0.036	2023-04-21
K22	0	0.00272826748446203	0	2.88189234103198	1.68484979448	0.520774347989797	0.5225	0.00639066024975421		26G4B12	9.5	2	0.023	2023-04-21
K23	0	0.00753783462291346	0	6.69756587668741	4.61938324722915	1.10949528907029	1.10625	0.00348997912352763		26G4B12	9.8	2	0.033	2023-04-21
K24	0	0.01	0	-0.413637824823443	0.238138179715644	0.338290832203559	0.306625	0.00128852567704465	questionable fit (k < n0)	26G4B12	10.1	2	0.01	2023-04-21
K3	0.138257422534551	0.000537034827623833	0.258551762323867	21.4537999449668	2.6808836046211	3.69696225230448	3.74025	0.00412421374739791		26G4B12	3.8	2	0.137	2023-04-21
K4	0.200387783693838	0.00190576708157431	0.252779074817337	18.3789497130868	2.74210664415489	5.96956654011789	5.91825	0.00549147299418312		26G4B12	4.1	2	0.205	2023-04-21
K5	0.229455656088359	0.00208639198893087	0.295135001181289	15.8948926357479	2.34857667774272	7.40662767779746	7.373625	0.00664048172939175		26G4B12	4.4	2	0.236	2023-04-21
K6	0.262931960411994	0.00399122951890653	0.250106437860417	16.6828966875892	2.77140879095158	8.27241094172486	8.203625	0.0102016533154563		26G4B12	4.7	2	0.273	2023-04-21
K7	0.228711094977188	0.00190484715208858	0.301761213432827	15.8393263819252	2.29700554512862	7.39602970937004	7.352375	0.00878469031643563		26G4B12	5	2	0.24	2023-04-21
K8	0.225247882326384	0.00397233158122933	0.236399197156404	17.0053688286888	2.93210463020884	7.01123153478718	6.93075	0.00997815861305295		26G4B12	5.3	2	0.234	2023-04-21
K9	0.188148758782127	0.00664329625648599	0.163512246919426	20.2289280934519	4.23911476735752	5.23405326743001	5.178	0.00803752171575895		26G4B12	5.6	2	0.198	2023-04-21
L1	0	0	0	0	0	0	0	0	cannot fit data	26G4B12	3.2	3	0.011	2023-04-21
L10	0.167006491543805	0.0103001241085037	0.142656507715171	19.0823249647869	4.85885426232281	4.80733429025776	4.772	0.00651265241230629		26G4B12	5.9	3	0.177	2023-04-21
L11	0.133016325479855	0.0013905905690467	0.161708962294509	28.1384158460603	4.286386918355	2.69195020506554	2.70075	0.00431182179117446		26G4B12	6.2	3	0.134	2023-04-21
L12	0.157650558204907	0.00226198669582127	0.107439861112039	39.3679343305275	6.45148991617856	1.8519100502669	1.8625	0.003297281302214		26G4B12	6.5	3	0.112	2023-04-21
L13	0.11332324545009	0.000470529768485113	0.13510779300426	40.5600557725788	5.13032716431161	1.11825786500499	1.14225	0.00226492438001626		26G4B12	6.8	3	0.084	2023-04-21
L14	0.123585891437817	0.00120803566218993	0.0973544145367091	47.4361418335724	7.11983307442707	0.91582228361799	0.95875	0.00519703851081037		26G4B12	7.1	3	0.06	2023-04-21
L15	0	0.00400107658050684	0	2.01427917661515	1.17179806330069	0.78551026729773	0.784375	0.000700152900042631		26G4B12	7.4	3	0.018	2023-04-21
L16	0	0.00204180334108346	0	0.607712438441926	0.238310751288637	0.665599360888536	0.5965	0.00419156625745242		26G4B12	7.7	3	0.021	2023-04-21
L17	0	0.00121274980099122	0	0.713460296834139	0.241107704278969	0.50502634076322	0.505375	0.00435373686913174		26G4B12	8	3	0.02	2023-04-21
L18	0	0.000733987931643658	0	0.431804302012999	0.1143706147566	0.515119567252397	0.515875	0.00768274951030552		26G4B12	8.3	3	0.023	2023-04-21
L19	0	0.00205809856287378	0	1.1313599906147	0.446005803339463	0.657594714841609	0.64875	0.0015171359806119		26G4B12	8.6	3	0.018	2023-04-21
L2	0.178511900939276	0.00487539960216017	0.216953860770484	16.4678423229271	3.19490594957988	5.64346707720716	5.639875	0.00359823131470492		26G4B12	3.5	3	0.181	2023-04-21
L20	0	0.00195619559322605	0	0.79245822871245	0.335574896577518	0.568346369818046	0.568875	0.0065133570496368		26G4B12	8.9	3	0.026	2023-04-21
L21	0	0.0175194972415782	0	-0.585948223613752	0.251308026270364	1.01091948887997	0.863375	0.00861376766093897	questionable fit	26G4B12	9.2	3	0.028	2023-04-21
L22	0	0.00138405054789332	0	0.353970512604237	0.188134295692817	0.309823364831523	0.310125	0.00546297649075947		26G4B12	9.5	3	0.019	2023-04-21
L23	0	0.00407615701631148	0	0.596596800265544	0.336627493418376	0.854701655693371	0.84675	0.00302954798033181		26G4B12	9.8	3	0.022	2023-04-21
L24	0.004	0.0000954767911540553	0.0477178717607139	313.306301356989	14.5259449967887	0.0179605845367177	0.01825	0.000512487744587924		26G4B12	10.1	3	0.004	2023-04-21
L3	0.236110833235381	0.00274754305012915	0.304883598833915	14.569131844487	2.27348136538344	7.93268989590592	7.896375	0.00870903213049963		26G4B12	3.8	3	0.252	2023-04-21
L4	0.232021641064583	0.0068357977356221	0.242116586445223	14.4341736608908	2.86286532755477	7.80710978752043	7.749	0.0106801444032336		26G4B12	4.1	3	0.245	2023-04-21
L5	0.230936733353194	0.00454405167281624	0.286880377919788	13.6239780371224	2.4161540276336	7.97000622369334	7.94025	0.008840446751038		26G4B12	4.4	3	0.25	2023-04-21
L6	0.23341500962133	0.00821409359085589	0.229253446130317	14.4431484465921	3.02349732254813	7.84442557655791	7.780625	0.0114340930783622		26G4B12	4.7	3	0.248	2023-04-21
L7	0.225509801667256	0.00506540090598925	0.27773457463443	13.5856770102471	2.49571801232276	7.78854196341024	7.769875	0.0075410012043051		26G4B12	5	3	0.242	2023-04-21
L8	0.241932136825527	0.0489624655407924	0.0919152138026324	14.9211319977465	7.54115833368267	7.57787788548011	7.564875	0.00565206253549911		26G4B12	5.3	3	0.231	2023-04-21
L9	0.196305373577545	0.0115422386193472	0.172081676808935	16.1147977779827	4.02801270544079	6.23484877756324	6.181125	0.00916596902176822		26G4B12	5.6	3	0.21	2023-04-21
M1	0	0.0112246433567157	0	-5.49620592573752	2.72639469045203	0.662699364002791	0.65125	0.00125315369505414	questionable fit	25D05	3.2	1	0.016	2023-04-21
M10	0.346791993203292	0.0106269150824175	0.337189036498611	10.2441420916087	2.05566345738172	13.132418912132	13.153	0.0107705188524477		25D05	5.9	1	0.359	2023-04-21
M11	0.269386180756645	0.00692394140246214	0.35077114267877	10.3632300522971	1.97606671765105	10.1739790637316	10.204625	0.00764130376238517		25D05	6.2	1	0.272	2023-04-21
M12	0.27754145370719	0.00378784671800256	0.3835742060294	11.1593289658778	1.80707453646353	10.2716896446314	10.3015	0.0105395371751578		25D05	6.5	1	0.288	2023-04-21
M13	0.281334410256605	0.00547970896178667	0.396376464390634	9.88661700222429	1.74870922678406	10.7662407996281	10.81575	0.0137246760747651		25D05	6.8	1	0.293	2023-04-21
M14	0.297223883869829	0.00578767605830618	0.387372011401721	10.1171230392763	1.78935793025357	11.3054561993772	11.333625	0.0163023954425033		25D05	7.1	1	0.315	2023-04-21
M15	0.282941934841183	0.0107611119574081	0.3372320954774	9.57953821002954	2.05540098304907	10.8961533841014	10.942125	0.0121075500018531		25D05	7.4	1	0.294	2023-04-21
M16	0.228576138459519	0.00629375086223849	0.339295063443777	10.5052851022567	2.04290381806514	8.59838398070289	8.614875	0.00548554708974058		25D05	7.7	1	0.236	2023-04-21
M17	0.203116857447412	0.0145963369115316	0.237029977712236	10.7937244358361	2.92430175815759	7.53502020491066	7.543125	0.00657294844603083		25D05	8	1	0.216	2023-04-21
M18	0.176424867782764	0.018412480826926	0.147207671766029	14.6028033874794	4.70863489819763	5.80460530780714	5.793375	0.00517314542401195		25D05	8.3	1	0.18	2023-04-21
M19	0.134931134613959	0.0130350026890658	0.149472701342182	14.9561159374626	4.63728275689052	4.40080823086228	4.429625	0.00812061775717924		25D05	8.6	1	0.134	2023-04-21
M2	0	0.0125997113287714	0	-0.751707941357808	5.19816273072242	1.0411154795092	1.038625	0.000725034829170188	questionable fit	25D05	3.5	1	0.026	2023-04-21
M20	0.10413564691759	0.0197494994219744	0.0720292096873389	20.1623080404913	9.62314016173059	2.79629843742511	2.79475	0.00305621104896663		25D05	8.9	1	0.091	2023-04-21
M21	0.063	0.019284624934853	0.0234762625618645	730.81957532265	29.5254484709127	1.72572322771749	1.72925	0.00501904040248623		25D05	9.2	1	0.063	2023-04-21
M22	0.052	0.0230624549477001	0.0153398615238084	1037.60610942914	45.1860128909336	1.64594479915114	1.64425	0.00396005716257034		25D05	9.5	1	0.052	2023-04-21
M23	0	0	0	0	0	0	0	0	cannot fit data	25D05	9.8	1	0.036	2023-04-21
M24	0.208395913977003	0.0181815443780487	0.0126541426183568	185.531705590606	54.7763053938107	1.16529173894328	1.1615	0.000780719949266902		25D05	10.1	1	0.032	2023-04-21
M3	0.157859959024906	0.0116219771671283	0.291663298396065	8.68239998760203	2.37653206410182	6.19760722859784	6.219	0.00823622612553175		25D05	3.8	1	0.165	2023-04-21
M4	0.172939225750255	0.00884558643310089	0.269554028022524	10.8346316738574	2.57145918258	6.42909696312972	6.45375	0.00500111237625		25D05	4.1	1	0.174	2023-04-21
M5	0.247972846580577	0.0112715402060373	0.31108917611369	9.78664089408402	2.22813017546656	9.48956431705933	9.5105	0.00641100337856468		25D05	4.4	1	0.251	2023-04-21
M6	0.229893230560337	0.00950143807151418	0.296054071874124	10.6195589691518	2.34128575287644	8.60781036078578	8.635	0.00639319509437886		25D05	4.7	1	0.232	2023-04-21
M7	0.252469905043993	0.015608659573054	0.30952935544216	8.78639973443392	2.23935845945788	9.89989098231946	9.905	0.00411158859053377		25D05	5	1	0.255	2023-04-21
M8	0.240226741690461	0.016073397753862	0.284455974319394	9.26387573016652	2.4367467838157	9.29616080948782	9.289125	0.00374407381084156		25D05	5.3	1	0.246	2023-04-21
M9	0.277125377842835	0.0176059624543555	0.292441902164451	9.20043905424567	2.3702047327341	10.7468865278937	10.745	0.00373386064286211		25D05	5.6	1	0.28	2023-04-21
N1	0	0.0102969925349064	0	-15.6935423748178	10.3537756724132	0.610553456507713	0.6085	0.00126547580725103	questionable fit	25D05	3.2	2	0.015	2023-04-21
N10	0.2871502729783	0.0105057780275608	0.319412783267929	10.2400656685236	2.17006712589371	10.868058678364	10.8625	0.00757759084809498		25D05	5.9	2	0.295	2023-04-21
N11	0.304784671934181	0.0035205693934425	0.406584481623884	10.9432719697582	1.70480481151553	11.3480098027242	11.371	0.00788700438282916		25D05	6.2	2	0.312	2023-04-21
N12	0.278868482322278	0.00713102006947128	0.357996467630828	10.1687654085647	1.93618441306726	10.5868521466973	10.588375	0.0101039815526937		25D05	6.5	2	0.288	2023-04-21
N13	0.273229898894772	0.00623405651596559	0.378889141226842	9.91637244453967	1.82941949277178	10.4448781812825	10.46875	0.0108453345778709		25D05	6.8	2	0.285	2023-04-21
N14	0.298981495781116	0.00741768533654928	0.370423287865989	9.91134182594078	1.87123003133299	11.4287352241561	11.451	0.0147850783662096		25D05	7.1	2	0.313	2023-04-21
N15	0.27289866144376	0.0129878516895261	0.31362660727915	9.55379431488593	2.21010323892257	10.5053615252991	10.535125	0.00935579094888879		25D05	7.4	2	0.281	2023-04-21
N16	0.226853612646425	0.016568593712864	0.255411239958118	9.9484849827953	2.71384759994747	8.61125505258879	8.606375	0.00346793417075966		25D05	7.7	2	0.231	2023-04-21
N17	0.201671475195447	0.0163810808411594	0.21425565652759	11.321975210589	3.23514063429494	7.35880609732117	7.364875	0.00546472558619577		25D05	8	2	0.213	2023-04-21
N18	0.193113058955129	0.0194107716475807	0.149146837748511	14.6936718394138	4.64741452801514	6.34297274019508	6.3435	0.00809184578196313		25D05	8.3	2	0.21	2023-04-21
N19	0.140532679319476	0.0151310709843668	0.136308097908811	15.5146405490266	5.08515041434776	4.48847596650093	4.514375	0.00815662354044081		25D05	8.6	2	0.135	2023-04-21
N2	0	0.00964277690617559	0	-3.60828176878405	1.49236432991477	0.547586083202634	0.545875	0.0014021212714712	questionable fit	25D05	3.5	2	0.015	2023-04-21
N20	0.208078297525822	0.017025007291953	0.0626813466533549	38.573981644317	11.0582688083145	3.16856329768677	3.172875	0.0041153968882193		25D05	8.9	2	0.133	2023-04-21
N21	0.057	0.0186261103243579	0.0231559405799816	721.846939346039	29.9338814662175	1.65163423986877	1.653	0.00373343546525486		25D05	9.2	2	0.057	2023-04-21
N22	0	0.0152444720659733	0	7.36603060055203	6.81627076625106	1.76576763352025	1.761125	0.00294939041323383		25D05	9.5	2	0.05	2023-04-21
N23	0	0.0120136262361866	0	0.186085678371281	0.397632289575794	1.36586579861925	1.3635	0.00834966532319982		25D05	9.8	2	0.049	2023-04-21
N24	0	0.00609694719752331	0	60.9426344059735	19.3385146551002	0.645750417619801	0.645	0.000898923008695461		25D05	10.1	2	0.023	2023-04-21
N3	0.125821262233197	0.00683411800931564	0.339292492574988	8.4207228174872	2.04291929744585	4.98496359363615	5.00175	0.00536832285798517		25D05	3.8	2	0.132	2023-04-21
N4	0.169038695686229	0.00624285228242996	0.308655513616273	10.5653701391229	2.24569835943926	6.34190301524548	6.369	0.00507639687843826		25D05	4.1	2	0.171	2023-04-21
N5	0.200430441697384	0.0116903161378101	0.281660786379376	9.87574553434594	2.46092894034006	7.63954372232651	7.656375	0.00436357781827051		25D05	4.4	2	0.201	2023-04-21
N6	0.233862182743067	0.00732806913030456	0.328155722857264	10.4559611352676	2.11225077693202	8.80532220663379	8.8295	0.00577885330483267		25D05	4.7	2	0.237	2023-04-21
N7	0.235425784506349	0.0112908467021964	0.307481594905425	9.71848705676056	2.2542720996785	9.02302751475007	9.0405	0.00514267373575975		25D05	5	2	0.237	2023-04-21
N8	0.267683708415415	0.0104015684020729	0.329808945336593	9.7275005620334	2.10166276676498	10.2675606203018	10.260625	0.00605562834717652		25D05	5.3	2	0.276	2023-04-21
N9	0.292398778069237	0.0107263182414485	0.334262902151445	9.77686878999322	2.07365871623379	11.203566844274	11.21125	0.00606001500876582		25D05	5.6	2	0.296	2023-04-21
O1	0	0	0	0	0	0	0	0	cannot fit data	25D05	3.2	3	0.004	2023-04-21
O10	0.388797001726515	0.014192677121926	0.329447332134474	9.93525786770975	2.10396962716036	14.8351707083266	14.856125	0.0134529755369423		25D05	5.9	3	0.403	2023-04-21
O11	0.312778588767896	0.00104279456803381	0.356417426672699	15.993190554034	1.94476231712561	10.0721558240425	10.07075	0.0043107501534868		25D05	6.2	3	0.317	2023-04-21
O12	0.320752248972218	0.00983913719930851	0.344919302373493	10.0114590334399	2.0095923185226	12.2216042424684	12.237	0.0104897577863635		25D05	6.5	3	0.334	2023-04-21
O13	0.259668575575786	0.00123983548820239	0.331739427371316	16.0958898713756	2.08943261900584	8.3339269503483	8.348125	0.00651885137298603		25D05	6.8	3	0.263	2023-04-21
O14	0.332842590703413	0.00714573610757386	0.385289445375474	9.91319972681561	1.79902976549087	12.7263014964842	12.7695	0.018236449886914		25D05	7.1	3	0.354	2023-04-21
O15	0.234213572196758	0.0025623878353605	0.257804082299839	17.4717681444243	2.6886586681501	7.18840997942064	7.17775	0.00462546415161476		25D05	7.4	3	0.242	2023-04-21
O16	0.244450210262617	0.0153279934314368	0.284976315464556	9.49052471970242	2.43229750314515	9.40816037413195	9.42275	0.00692314636631666		25D05	7.7	3	0.26	2023-04-21
O17	0.139859618290582	0.00799633985081766	0.144774928784492	19.3595791868392	4.78775701276113	3.99212070875224	3.95	0.00861769605721023		25D05	8	3	0.143	2023-04-21
O18	0.180290989635299	0.0127166458077787	0.214632220142627	12.0136448574545	3.22946470990859	6.4638387060183	6.497125	0.011224204685454		25D05	8.3	3	0.204	2023-04-21
O19	0	0.00000125330447158094	0	15.9063263108306	1.04699444973417	1.51567977669058	1.586625	0.0149998383587221		25D05	8.6	3	0.084	2023-04-21
O2	0	0.00974939468162536	0	0.865717117805837	1.57676540285931	1.10834190331093	1.106625	0.00179249715845458		25D05	3.5	3	0.027	2023-04-21
O20	0.133268512867023	0.0233287411993038	0.0834319888198546	18.5809613220229	8.30793069138721	3.77003847631284	3.7765	0.00833104265185919		25D05	8.9	3	0.126	2023-04-21
O21	0	0.0000113603768081518	0	23.7650240428107	2.00024165328968	1.04751744382787	1.107	0.0126148304755433		25D05	9.2	3	0.068	2023-04-21
O22	0.064	0.0342035382896405	0.0100924665428781	1409.89267823387	68.6796609743608	2.12362691958608	2.1195	0.00710564359438661		25D05	9.5	3	0.064	2023-04-21
O23	0	0.000433365511472789	0	19.9725032552905	3.49638262213541	0.651940499228456	0.668875	0.00429492384172229		25D05	9.8	3	0.038	2023-04-21
O24	0	0.0129613322527293	0	40.7871605877419	19.4904185794687	1.19572375657595	1.193625	0.00124405279150704		25D05	10.1	3	0.038	2023-04-21
O3	0	0.00014175359580569	0	12.7051429881103	3.26165969621968	0.0792277316812512	0.0786250000000001	0.000379855465997035		25D05	3.8	3	0.003	2023-04-21
O4	0.237332405090994	0.00657157869027472	0.364571003936069	9.76113750361301	1.90126799190397	9.10562918163825	9.13075	0.00553473758999486		25D05	4.1	3	0.243	2023-04-21
O5	0	0.00461685790637358	0	18.2322581633322	4.54265297420097	2.34751520222612	2.333	0.003332663521198		25D05	4.4	3	0.084	2023-04-21
O6	0.266964851533181	0.0116198571915976	0.299216730463092	10.3266287400576	2.31653884957293	10.0724255269648	10.101875	0.00813212971326287		25D05	4.7	3	0.271	2023-04-21
O7	0.220527311139356	0.00272461112305653	0.292817853646042	14.9624206374068	2.36716160551406	7.32151724032363	7.31225	0.00240496976903237		25D05	5	3	0.223	2023-04-21
O8	0.29367477003095	0.0121156520994811	0.335138762588465	9.38669174832068	2.06823936212684	11.3629601032303	11.373875	0.0064921253101385		25D05	5.3	3	0.3	2023-04-21
O9	0.329623090800357	0.0030893043858488	0.306988624257407	15.1816292460794	2.25789207087604	10.8751057416623	10.857	0.00565594950492181		25D05	5.6	3	0.337	2023-04-21
