sample	k	n0	r	t_mid	t_gen	auc_l	auc_e	sigma	note	strain	pH	replicate	max.OD	date
A1	0	0.0109100266091335	0	0.87517286187738	0.579279783157448	1.97728342235293	1.973375	0.00189087530752436		23G1A10	3.2	1	0.046	2023-07-28
A10	0.0955188862128382	0.00209602831408419	0.143135232047184	26.528002346032	4.84260353405828	2.08505709902313	2.10600013888889	0.00450952964025174		23G1A10	5.9	1	0.089	2023-07-28
A11	0	0.000480410735992109	0	27.2026771534058	3.84015532866926	1.38419201935772	1.371125	0.00227726825136465		23G1A10	6.2	1	0.067	2023-07-28
A12	0	0.000983640458260019	0	33.7692444707976	5.63104894502129	0.994006175042361	0.985125	0.00130342328522954		23G1A10	6.5	1	0.054	2023-07-28
A13	0.00799999999999999	0.000188385004326462	0.0790919794504975	250.496109514555	8.76381126601815	0.105440305800269	0.111	0.000488395890032285		23G1A10	6.8	1	0.00799999999999999	2023-07-28
A14	0	0.00540406076228448	0	-23.6103223662657	12.1424884682393	0.212728811265776	0.206375138888889	0.000383645110258182	questionable fit (k < n0)	23G1A10	7.1	1	0.00800000000000001	2023-07-28
A15	0	0	0	0	0	0	0	0	cannot fit data	23G1A10	7.4	1	0.00600000000000001	2023-07-28
A16	0	0.0033218735337973	0	-3.05269892137838	162.508147677658	0.0294754842113866	0.02875	0.000625579045871414	questionable fit (k < n0)	23G1A10	7.7	1	0.004	2023-07-28
A17	0	0	0	0	0	0	0	0	cannot fit data	23G1A10	8	1	0.003	2023-07-28
A18	0	0.001	0	-0.703954633777346	50251.6354998799	0.00298568849054651	0.001375	0.000113916904170917	questionable fit (k < n0)	23G1A10	8.3	1	0.001	2023-07-28
A19	0	0.001	0	-0.703954633777346	50251.6354998799	0.00298568849054651	0.001375	0.000113916904170917	questionable fit (k < n0)	23G1A10	8.6	1	0.001	2023-07-28
A2	0	0.00465595950969973	0	-0.97492591756537	0.543891145475275	0.288034326975165	0.27025	0.000597126473577376	questionable fit	23G1A10	3.5	1	0.00599999999999999	2023-07-28
A20	0	0	0	0	0	0	0	0	cannot fit data	23G1A10	8.9	1	0.003	2023-07-28
A21	0	0	0	0	0	0	0	0	cannot fit data	23G1A10	9.2	1	0.003	2023-07-28
A22	0	0.00000000000000262419347125696	0	22.9272566028198	0.548608341649778	0.252507584173726	0.296875	0.00505944127012203		23G1A10	9.5	1	0.022	2023-07-28
A23	0.119743657034315	0.0147420945374364	0.205567539966585	9.55047793900825	3.37187077625492	4.55227870517387	4.53475013888889	0.00576811278988085		23G1A10	9.8	1	0.131	2023-07-28
A24	0.130696643221661	0.0175923234094688	0.241043801486425	7.71995765319696	2.87560674153649	5.21286758651847	5.19175027777778	0.00883132845101409		23G1A10	10.1	1	0.152	2023-07-28
A3	0	0.0086278331868722	0	-101.760661373769	26.916928386019	0.402506079935556	0.3955	0.000421132853266083	questionable fit (k < n0)	23G1A10	3.8	1	0.01	2023-07-28
A4	0	0.00278317162452196	0	-0.294753721931431	0.898002053594184	0.237228662427587	0.225750138888889	0.000494318072934214	questionable fit	23G1A10	4.1	1	0.005	2023-07-28
A5	0.129989219631274	0.000519532298629958	0.1154946195554	47.7794818336603	6.0015538665631	0.803607614909514	0.86275	0.00385869696891441		23G1A10	4.4	1	0.059	2023-07-28
A6	0.16248493282391	0.000600490359605096	0.106376394508185	52.6140360367758	6.51598678226131	0.736497131319034	0.778375	0.00311228685978219		23G1A10	4.7	1	0.055	2023-07-28
A7	0.0924743334544161	0.00126317057027135	0.15055223945515	28.4256974136944	4.60403101985366	1.85110235223376	1.91225013888889	0.00459066841220523		23G1A10	5	1	0.086	2023-07-28
A8	0.0985442690898232	0.00256308070889252	0.108146970442895	33.5001735709191	6.40930742415894	1.59410508115385	1.60275013888889	0.00348076022636741		23G1A10	5.3	1	0.078	2023-07-28
A9	0.0952898414557948	0.000901397841550938	0.187960550706097	24.7457628322773	3.68772690841804	2.23671104922018	2.27475013888889	0.00607010623484066		23G1A10	5.6	1	0.098	2023-07-28
B1	0	0	0	0	0	0	0	0	cannot fit data	23G1A10	3.2	2	0.00600000000000001	2023-07-28
B10	0.0905091578527524	0.00128866152268243	0.17495422078281	24.220659972169	3.96187744118747	2.17108847524368	2.216875	0.00571932251675693		23G1A10	5.9	2	0.091	2023-07-28
B11	0	0.00050141284284918	0	26.9637017016253	3.88046526034434	1.33113810601989	1.32075	0.00205627875675387		23G1A10	6.2	2	0.06	2023-07-28
B12	0	0.000791594880571043	0	30.4306657446249	5.16638356214793	0.873915575134647	0.866125138888889	0.00103729271374627		23G1A10	6.5	2	0.044	2023-07-28
B13	0.00600000000000001	0.0000733948662930829	0.0904006362823724	209.90002382691	7.66750333918949	0.0625802650419352	0.0693748611111112	0.000611362881588278		23G1A10	6.8	2	0.00600000000000001	2023-07-28
B14	0	0.00533669716084227	0	-0.519034692269716	0.130200584112914	0.241084837227249	0.230875	0.000486726790746729	questionable fit (k < n0)	23G1A10	7.1	2	0.00600000000000001	2023-07-28
B15	0	0.005	0	-1.10002462396219	0.473754818844016	0.193428948835188	0.180875	0.000534787417315388	questionable fit (k < n0)	23G1A10	7.4	2	0.005	2023-07-28
B16	0	0.00114202303285114	0	-288.947736408724	96.0790796915564	0.0538698961775317	0.050875	0.000559098510670969	questionable fit (k < n0)	23G1A10	7.7	2	0.004	2023-07-28
B17	0	0	0	0	0	0	0	0	cannot fit data	23G1A10	8	2	0.003	2023-07-28
B18	0	0.001	0	-0.703954633777346	50251.6354998799	0.00298568849054651	0.001375	0.000113916904170917	questionable fit (k < n0)	23G1A10	8.3	2	0.001	2023-07-28
B19	0	0.001	0	-0.254992950483584	6188.63502129748	0.00133868198017545	0.000375	0.0000693157678893147	questionable fit (k < n0)	23G1A10	8.6	2	0.001	2023-07-28
B2	0	0.00558097093850657	0	-0.728174908833083	0.368581942985245	0.336589787426487	0.310625	0.000813049491270217	questionable fit	23G1A10	3.5	2	0.00699999999999999	2023-07-28
B20	0	0	0	0	0	0	0	0	cannot fit data	23G1A10	8.9	2	0.005	2023-07-28
B21	0	0	0	0	0	0	0	0	cannot fit data	23G1A10	9.2	2	0.003	2023-07-28
B22	0	0.00299999999999999	0	-3.35128800149492	298045.447020767	0.0274809247486648	0.0245	0.000470668382314238	questionable fit (k < n0)	23G1A10	9.5	2	0.00299999999999999	2023-07-28
B23	0	0.00000000022889377032948	0	23.8061725695589	0.874947902486284	0.866213831594488	1.01324986111111	0.00903594824668323		23G1A10	9.8	2	0.051	2023-07-28
B24	0.11762128544376	0.0126409278536306	0.186676791292879	11.3395642557411	3.7130870728995	4.26513550427542	4.23725027777778	0.00603551275071006		23G1A10	10.1	2	0.127	2023-07-28
B3	0	0.00777289623803005	0	-44.046875032126	13.2268703197765	0.3503564935543	0.3455	0.000460346599348396	questionable fit (k < n0)	23G1A10	3.8	2	0.00899999999999999	2023-07-28
B4	0.00600000000000001	0.00343554653928476	0.00633342256524875	2156.23642401769	109.44274970112	0.19367159562817	0.192875138888889	0.000482882290480761		23G1A10	4.1	2	0.00600000000000001	2023-07-28
B5	0.051	0.00140303365686977	0.0705266527821537	278.228500962541	9.82815933007587	0.576033849859203	0.635	0.00432060481227003		23G1A10	4.4	2	0.051	2023-07-28
B6	0.229389669865728	0.00142277735314228	0.0890035084103506	57.0380837445977	7.78786356785163	0.951485295618775	0.994125	0.00413116251311885		23G1A10	4.7	2	0.064	2023-07-28
B7	0.0986322879198255	0.00180706179478012	0.124690360982762	31.9287338728544	5.55894758100645	1.68837152565282	1.734125	0.00404862810401439		23G1A10	5	2	0.083	2023-07-28
B8	0.103912037096539	0.00180177190159786	0.115821895656387	34.8576809881127	5.98459537060533	1.54455802214229	1.55175	0.00359009456933477		23G1A10	5.3	2	0.08	2023-07-28
B9	0.0880891459385189	0.00110754375288374	0.157980048836221	27.6209048620962	4.38756150327905	1.82732942533377	1.84587513888889	0.00455480454129628		23G1A10	5.6	2	0.083	2023-07-28
C1	0	0.004	0	-24.2368941436057	12.1184470718028	0.158864087076287	0.158375	0.0003156965160239	questionable fit (k < n0)	23G4B11	3.2	1	0.004	2023-07-28
C10	0	0.00453696135189101	0	23.1195777707724	10.1697265745013	0.655591488128043	0.65425	0.000358009809057907		23G4B11	5.9	1	0.023	2023-07-28
C11	0	0.00198847547325371	0	31.6867485490989	6.01070957210928	1.37908924776755	1.364875	0.00133171501654005		23G4B11	6.2	1	0.071	2023-07-28
C12	0.273632634803511	0.00175352479193919	0.131899822552305	38.2390930660204	5.25510320747456	3.20717785493132	3.186625	0.0012363890493528		23G4B11	6.5	1	0.219	2023-07-28
C13	0.226808795485102	0.0012415509389792	0.200385887635843	25.9611942863396	3.45906185678898	5.05186197513683	5.00937513888889	0.00479056452952333		23G4B11	6.8	1	0.235	2023-07-28
C14	0.275481146223617	0.00277680137487581	0.119545371356546	38.3711095601853	5.79819337791528	3.30549689576997	3.315375	0.000854866373896929		23G4B11	7.1	1	0.21	2023-07-28
C15	0	0.00602135024429874	0	20.2141141356194	7.90070967678192	1.12620204016044	1.12425013888889	0.000463452437816815		23G4B11	7.4	1	0.039	2023-07-28
C16	0	0.0043564005154012	0	11.048524375698	7.46540026294963	0.564466233341753	0.563500138888889	0.000451332437781878		23G4B11	7.7	1	0.016	2023-07-28
C17	0	0.00597522621734236	0	13.4582970418929	8.86347129255932	0.732859727110097	0.731875	0.000545148361698896		23G4B11	8	1	0.022	2023-07-28
C18	0	0.00262826539031331	0	14.2027869905939	7.2562951344175	0.410741549408908	0.410250138888889	0.000498787656149991		23G4B11	8.3	1	0.013	2023-07-28
C19	0	0.00281869032185369	0	18.8118250063111	8.25633903242356	0.463974831966075	0.463375	0.000591877836021878		23G4B11	8.6	1	0.015	2023-07-28
C2	0	0	0	0	0	0	0	0	cannot fit data	23G4B11	3.5	1	0.00899999999999999	2023-07-28
C20	0	0.00333271885562004	0	14.8534254314046	9.1978066349395	0.414819401353434	0.414375	0.000475231167342858		23G4B11	8.9	1	0.013	2023-07-28
C21	0	0.0030471857953785	0	12.5835644699684	8.45786858318195	0.377264500688914	0.376625138888889	0.000488649953043937		23G4B11	9.2	1	0.011	2023-07-28
C22	0	0.00402033983871997	0	4.25900526718472	8.95551325375587	0.359130980668277	0.35825	0.000618627258335299		23G4B11	9.5	1	0.01	2023-07-28
C23	0	0.00362061328666873	0	6.65888607169091	6.25639540492829	0.426509677736037	0.426125	0.000711969844611624		23G4B11	9.8	1	0.011	2023-07-28
C24	0	0.000440097723661791	0	16.0376922625007	3.15216641032454	0.4936341798798	0.514125	0.00591141054528273		23G4B11	10.1	1	0.03	2023-07-28
C3	0	0.0102351215741708	0	-277.891840486273	51.0457363574259	0.490317669501202	0.475125	0.00106528321435364	questionable fit (k < n0)	23G4B11	3.8	1	0.012	2023-07-28
C4	0	0	0	0	0	0	0	0	cannot fit data	23G4B11	4.1	1	0.00600000000000001	2023-07-28
C5	0	0.00623515132295832	0	-2.19964749709032	0.898924344137032	0.35407416448327	0.35275	0.000495339418291404	questionable fit	23G4B11	4.4	1	0.00800000000000001	2023-07-28
C6	0	0.00460291729131527	0	-0.933975744946531	1.03370727663861	0.335985077542679	0.335125	0.000690259245838192	questionable fit	23G4B11	4.7	1	0.00800000000000001	2023-07-28
C7	0	0.00839418691275485	0	-3.38767343210102	7.64430336915089	0.61517095746476	0.613625	0.000497231094192195	questionable fit	23G4B11	5	1	0.015	2023-07-28
C8	0	0.00505973061814535	0	6.57861017671623	10.6399157090022	0.447817479553474	0.446625	0.000555150507544818		23G4B11	5.3	1	0.013	2023-07-28
C9	0.031	0.00628612138398061	0.0305040373648695	564.544245764884	22.7231291474295	0.690587032789368	0.689	0.00107545314768849		23G4B11	5.6	1	0.031	2023-07-28
D1	0	0.00900000000000001	0	-16.702564433259	7.17913997803705	0.36380333505367	0.3625	0.000429470470880761	questionable fit (k < n0)	23G4B11	3.2	2	0.00900000000000001	2023-07-28
D10	0.048	0.00689526675872164	0.0398190394763716	499.634672040292	17.4074309595352	1.00735579716051	1.008875	0.00127264660332126		23G4B11	5.9	2	0.048	2023-07-28
D11	0	0.00133242475359552	0	28.3387479552519	5.3919559943611	1.05773304929644	1.04775013888889	0.000902623026626769		23G4B11	6.2	2	0.05	2023-07-28
D12	0.181604361523933	0.00194626021916609	0.11828943323089	38.2548617322025	5.85975569945444	2.20286080402744	2.18225	0.00143370452318584		23G4B11	6.5	2	0.142	2023-07-28
D13	0.238279836700698	0.000997010571269848	0.218216565445343	25.0771369427129	3.17641870655121	5.51325717433543	5.48212527777778	0.00444220901108308		23G4B11	6.8	2	0.247	2023-07-28
D14	0.245649467752422	0.00312468707492804	0.113425267616385	38.3668457903417	6.11104734532553	3.00270782060383	3.004125	0.000494368958232117		23G4B11	7.1	2	0.185	2023-07-28
D15	0	0.00623695065819431	0	17.9314260841819	8.16760298735432	1.00290976490934	1.00125	0.000382439813093996		23G4B11	7.4	2	0.033	2023-07-28
D16	0	0.00636174045982644	0	10.8514623767782	8.08788987589958	0.763117773680331	0.76175	0.000432274879250552		23G4B11	7.7	2	0.022	2023-07-28
D17	0	0.0080236748725849	0	14.2036586864286	9.31538307001355	0.965133841189234	0.963625	0.000539827587299984		23G4B11	8	2	0.029	2023-07-28
D18	0	0.00504769508709138	0	14.6043936150197	9.56291723869695	0.6006119657854	0.599750138888889	0.000565439244248128		23G4B11	8.3	2	0.018	2023-07-28
D19	0	0.00411755835113755	0	17.7951668571108	9.16354442652084	0.570519102871328	0.569875	0.000668420294901035		23G4B11	8.6	2	0.018	2023-07-28
D2	0	0	0	0	0	0	0	0	cannot fit data	23G4B11	3.5	2	0.00699999999999999	2023-07-28
D20	0	0.00527177100861552	0	14.9073014468408	11.3597396112325	0.546694864876409	0.545625	0.000490535713743161		23G4B11	8.9	2	0.016	2023-07-28
D21	0	0.00407619939194395	0	16.6834997048234	10.263818152028	0.483418702223094	0.4825	0.000490005529460584		23G4B11	9.2	2	0.015	2023-07-28
D22	0	0.0061520938527312	0	0.810013563475987	8.94571654383557	0.497584279821252	0.49625	0.000676099119774193		23G4B11	9.5	2	0.013	2023-07-28
D23	0	0.00453095847013692	0	4.25119131157162	6.00870802054642	0.475605754736931	0.475000138888889	0.000737891512398033		23G4B11	9.8	2	0.012	2023-07-28
D24	0	0.00171803249377016	0	8.08401942386182	6.80261590059724	0.20681962811831	0.20675	0.000578337046320234		23G4B11	10.1	2	0.00600000000000001	2023-07-28
D3	0	0.00826390902298933	0	-44.0198659474709	23.5651329106832	0.34052555121309	0.324625	0.000745546126019407	questionable fit (k < n0)	23G4B11	3.8	2	0.00899999999999999	2023-07-28
D4	0	0	0	0	0	0	0	0	cannot fit data	23G4B11	4.1	2	0.00700000000000001	2023-07-28
D5	0	0.00540702580236503	0	-1.47770276020392	1.42171261043977	0.380920972948664	0.37975	0.000224224582149569	questionable fit	23G4B11	4.4	2	0.00900000000000001	2023-07-28
D6	0	0.00628650378249748	0	-1.00429778731074	0.828556761528285	0.429982250732689	0.416875	0.000778455461837561	questionable fit	23G4B11	4.7	2	0.01	2023-07-28
D7	0	0.00795498287200453	0	-2.81562914425128	6.92996533711623	0.595207465478561	0.593625	0.000481118948279902	questionable fit	23G4B11	5	2	0.015	2023-07-28
D8	0.023	0.00384875727177031	0.0368597457807434	488.216932343161	18.8049908071277	0.512787546502219	0.518125	0.00174439523129606		23G4B11	5.3	2	0.023	2023-07-28
D9	0.031	0.00505433260573691	0.0387354329747478	464.633399220957	17.8943960949609	0.713790557772197	0.7155	0.00126400325597562		23G4B11	5.6	2	0.031	2023-07-28
E1	0	0	0	0	0	0	0	0	cannot fit data	28G4A05	3.2	1	0.003	2023-07-28
E10	0	0.00111705911135611	0	15.9217715791764	3.55741809344993	0.83278328229482	0.833875138888889	0.00101511246190142		28G4A05	5.9	1	0.028	2023-07-28
E11	0	0.000223199262860862	0	16.9974205922062	2.49672890424288	0.786585409092769	0.779000138888889	0.00118121169196863		28G4A05	6.2	1	0.028	2023-07-28
E12	0	0.0000639273604899826	0	17.3944759153142	2.00971846464791	0.795841374281287	0.794625138888889	0.000434862692965323		28G4A05	6.5	1	0.027	2023-07-28
E13	0	0.000472539545875499	0	30.4368720501499	4.83875685897676	0.68190644245291	0.6805	0.000349013991006513		28G4A05	6.8	1	0.035	2023-07-28
E14	0	0.00302673537301228	0	-9.10321107817864	5.83813999512098	0.185473572573784	0.18475	0.000250297798289172	questionable fit	28G4A05	7.1	1	0.004	2023-07-28
E15	0.500694144626967	0.00299094285105281	0.000125604121731241	40718.5303794113	5518.50664616797	0.144612305267525	0.144	0.000177626990453978		28G4A05	7.4	1	0.004	2023-07-28
E16	0	0.0029901394355484	0	199.594767658612	109.424651274968	0.162267026556038	0.161625	0.000443009452757158		28G4A05	7.7	1	0.004	2023-07-28
E17	0	0	0	0	0	0	0	0	cannot fit data	28G4A05	8	1	0.005	2023-07-28
E18	0	0	0	0	0	0	0	0	cannot fit data	28G4A05	8.3	1	0.004	2023-07-28
E19	0	0.0016043934091827	0	-15.4404011356983	10.9625493193207	0.0553961806810763	0.049875	0.000675969897290146	questionable fit (k < n0)	28G4A05	8.6	1	0.003	2023-07-28
E2	0	0.00404225460389213	0	39.7506953473018	14.8600739967037	0.489141982133991	0.489375	0.000882632587534035		28G4A05	3.5	1	0.017	2023-07-28
E20	0	0	0	0	0	0	0	0	cannot fit data	28G4A05	8.9	1	0.005	2023-07-28
E21	0	0	0	0	0	0	0	0	cannot fit data	28G4A05	9.2	1	0.005	2023-07-28
E22	0	0	0	0	0	0	0	0	cannot fit data	28G4A05	9.5	1	0.00399999999999999	2023-07-28
E23	0	0.00105157062247524	0	-705.500685602259	162.189566169628	0.0504406006825851	0.0495	0.000345263093644364	questionable fit (k < n0)	28G4A05	9.8	1	0.00299999999999999	2023-07-28
E24	0	0.001	0	-0.991576991706307	37471.0130979512	0.00387179839655683	0.002375	0.000166660275698781	questionable fit (k < n0)	28G4A05	10.1	1	0.001	2023-07-28
E3	0	0.000811423727117417	0	15.2026879494458	3.2496214711475	0.708628902185728	0.717125	0.00121271501600556		28G4A05	3.8	1	0.023	2023-07-28
E4	0	0.0000973064427466893	0	15.7436257301857	2.05137886554906	0.648237245779774	0.651500277777778	0.000900608411618149		28G4A05	4.1	1	0.021	2023-07-28
E5	0	0.000395977962643473	0	14.835839842149	2.54706365471612	0.760643537686698	0.771750138888889	0.00133954641934522		28G4A05	4.4	1	0.024	2023-07-28
E6	0	0.000574031515401223	0	13.1793237411673	2.55895457742908	0.731976487417759	0.741250138888889	0.00133734220535722		28G4A05	4.7	1	0.023	2023-07-28
E7	0	0.00438599569302687	0	11.0522609316502	4.15549571358456	1.16473650121612	1.16925013888889	0.00169053127773108		28G4A05	5	1	0.032	2023-07-28
E8	0	0.000292206790417365	0	14.2962295676599	2.35481023990084	0.675065109256644	0.681125138888889	0.000716059438113679		28G4A05	5.3	1	0.02	2023-07-28
E9	0	0.000269863960291489	0	13.366558907869	2.22916384741991	0.608654107411104	0.614750138888889	0.000699511830511888		28G4A05	5.6	1	0.018	2023-07-28
F1	0	0	0	0	0	0	0	0	cannot fit data	28G4A05	3.2	2	0.003	2023-07-28
F10	0	0.00988260645915467	0	9.14223533934717	6.71591029124842	1.27148249399738	1.27050013888889	0.00147329379642011		28G4A05	5.9	2	0.035	2023-07-28
F11	0	0.00032620950760005	0	17.7388129524561	2.80619898603422	0.803380023155294	0.796875	0.000995879235207307		28G4A05	6.2	2	0.029	2023-07-28
F12	0	0.0000039589557112291	0	16.435241257707	1.32986247042923	0.66066062660164	0.662875138888889	0.000751928111371975		28G4A05	6.5	2	0.022	2023-07-28
F13	0	0.000318744216664658	0	32.8686590354499	4.80443198841788	0.589734566874703	0.584	0.0004445461106007		28G4A05	6.8	2	0.034	2023-07-28
F14	0	0.001721426405051	0	-0.281011671765326	13.3570444909882	0.12470159301505	0.124375	0.000258671428190478	questionable fit	28G4A05	7.1	2	0.003	2023-07-28
F15	0.00600000000000001	0.00480124313380617	0.004718589568364	2298.28839944545	146.897112053818	0.259878264536099	0.258875	0.000339324455698156		28G4A05	7.4	2	0.00600000000000001	2023-07-28
F16	0	0.00104012058626913	0	-7.83974718065994	20.8403920441801	0.0651215680192225	0.0648750000000001	0.000476396175965055	questionable fit	28G4A05	7.7	2	0.002	2023-07-28
F17	0	0.002	0	-3.10476238693906	2.98065489817633	0.0525174390070054	0.052375	0.000227492922939411	questionable fit (k < n0)	28G4A05	8	2	0.002	2023-07-28
F18	0	0	0	0	0	0	0	0	cannot fit data	28G4A05	8.3	2	0.003	2023-07-28
F19	0	0	0	0	0	0	0	0	cannot fit data	28G4A05	8.6	2	0.003	2023-07-28
F2	0.00599999999999999	0.0033814156638971	0.00997378523419832	1484.88253124535	69.4969025584457	0.209297353888745	0.20875	0.000507749281178759		28G4A05	3.5	2	0.00599999999999999	2023-07-28
F20	0	0.0022076445717763	0	-304.591390755307	89.3146108331827	0.10462735070878	0.102625	0.000451965093488436	questionable fit (k < n0)	28G4A05	8.9	2	0.005	2023-07-28
F21	0	0	0	0	0	0	0	0	cannot fit data	28G4A05	9.2	2	0.005	2023-07-28
F22	0	0.00597599185450125	0	-6.74442550426949	3.81983627698534	0.211445445587161	0.21025	0.000465446283915419	questionable fit (k < n0)	28G4A05	9.5	2	0.00600000000000001	2023-07-28
F23	0	0	0	0	0	0	0	0	cannot fit data	28G4A05	9.8	2	0.00399999999999999	2023-07-28
F24	0	0	0	0	0	0	0	0	cannot fit data	28G4A05	10.1	2	0.003	2023-07-28
F3	0	0.000878578882409204	0	14.2819741555995	2.96199271284983	0.868895217049513	0.879500138888889	0.00140417921472993		28G4A05	3.8	2	0.027	2023-07-28
F4	0	0.0000544831783480746	0	17.1311555908089	2.01425036995155	0.61658105520562	0.616000277777778	0.00083830133947481		28G4A05	4.1	2	0.021	2023-07-28
F5	0	0.000437104015436111	0	15.0712937477027	2.65041307836629	0.758617324701458	0.766500138888889	0.00106508924132353		28G4A05	4.4	2	0.024	2023-07-28
F6	0	0.00021625237468643	0	14.7273384971471	2.27860206815104	0.645328866187751	0.656125138888889	0.0012728742324737		28G4A05	4.7	2	0.021	2023-07-28
F7	0	0.000903717145150838	0	13.4064032963503	2.92717717020766	0.779722092355822	0.787500138888889	0.00111638022726166		28G4A05	5	2	0.023	2023-07-28
F8	0	0.0000258686088890786	0	14.5919142125086	1.57903634507429	0.526953265602163	0.530625138888889	0.0010084805357322		28G4A05	5.3	2	0.018	2023-07-28
F9	0	0.00546859552404653	0	11.222832068139	4.92930438935998	1.14086278412063	1.14325013888889	0.00154173105197647		28G4A05	5.6	2	0.032	2023-07-28
G1	0	0.00990043110688296	0	-2.33615433619413	0.736828584479843	0.529020451161658	0.521000138888889	0.000571139965298702	questionable fit	23G4B03	3.2	1	0.012	2023-07-28
G10	0.125667967371118	0.000268971885332183	0.278403043506581	22.0710555482037	2.48972558571745	3.28350993681117	3.37812513888889	0.00602858017647913		23G4B03	5.9	1	0.126	2023-07-28
G11	0.131819430424182	0.00018181083158155	0.261072115984308	25.2223081570252	2.65500272959678	3.03008177860247	3.031125	0.00467358904968407		23G4B03	6.2	1	0.139	2023-07-28
G12	0.121373021644433	0.000167533594723383	0.227546433468741	28.9350117929561	3.04617905890037	2.34469443478689	2.360875	0.00409451046469506		23G4B03	6.5	1	0.125	2023-07-28
G13	0	0.000857241232565084	0	13.8370830011121	4.04135526752293	0.340583364317099	0.34	0.00036244663987231		23G4B03	6.8	1	0.01	2023-07-28
G14	0	0.00854526195131211	0	0.676424573270693	8.35124437455755	0.698814303800733	0.696875	0.000358727882622364		23G4B03	7.1	1	0.019	2023-07-28
G15	0	0.00371486907342309	0	2.45455367112064	1.4707678784759	0.701356092704623	0.701124861111111	0.001884248069115		23G4B03	7.4	1	0.021	2023-07-28
G16	0	0.00707544675259676	0	2.64712376153245	2.93580750784082	0.887697298799446	0.885749861111111	0.00169379005093287		23G4B03	7.7	1	0.025	2023-07-28
G17	0	0.00211253647786939	0	3.89474133372452	2.43835439616974	0.368291334741599	0.368125416666667	0.00160860330528654		23G4B03	8	1	0.012	2023-07-28
G18	0	0.00279531621418522	0	7.57105501360149	3.77172083951822	0.553312401004387	0.552000138888889	0.00117162693841558		23G4B03	8.3	1	0.017	2023-07-28
G19	0	0.00408500447016715	0	3.48044515860606	1.57406372521044	1.01844525091812	1.01575	0.00322627261716992		23G4B03	8.6	1	0.027	2023-07-28
G2	0	0.00600131916021805	0	-0.499147836708108	0.367531357154497	0.400685763479585	0.3995	0.000919072018696814	questionable fit	23G4B03	3.5	1	0.01	2023-07-28
G20	0	0.00666956162033081	0	2.34377914338504	3.64699249725595	0.738925732247847	0.7385	0.00155444904731145		23G4B03	8.9	1	0.019	2023-07-28
G21	0	0.00732807883180639	0	-0.766464432600073	2.07378119550932	0.604366043716	0.596374583333334	0.00165287572406157	questionable fit	23G4B03	9.2	1	0.016	2023-07-28
G22	0	0.00883534844535903	0	-0.197989028678978	0.182463024033123	0.625339811957021	0.580625000000001	0.00235938433280968	questionable fit	23G4B03	9.5	1	0.016	2023-07-28
G23	0	0	0	0	0	0	0	0	cannot fit data	23G4B03	9.8	1	0.005	2023-07-28
G24	0	0.00275749509310504	0	-20.9929374675224	11.2620041994044	0.1063834565202	0.087875138888889	0.000841993917502801	questionable fit (k < n0)	23G4B03	10.1	1	0.004	2023-07-28
G3	0.041	0.00842017203005523	0.0330303019604791	536.330714250054	20.9851905498563	0.997927879869719	0.997250138888889	0.000824040632652683		23G4B03	3.8	1	0.041	2023-07-28
G4	0.122615858299185	0.00332700631856927	0.0751065690334717	47.6586140111092	9.228848947301	1.12051808011339	1.12337513888889	0.00073110556608801		23G4B03	4.1	1	0.062	2023-07-28
G5	0.1257425278426	0.00131556867324696	0.146506570047616	31.0528725478961	4.73116789461841	2.21456668221629	2.27900013888889	0.00495704490214227		23G4B03	4.4	1	0.108	2023-07-28
G6	0.112164507626433	0.000699673216469451	0.173830142459059	29.1712988870531	3.9874970517452	2.15401133381265	2.233	0.00545539319060063		23G4B03	4.7	1	0.102	2023-07-28
G7	0.115740297665629	0.00227652905729208	0.164806076918304	23.7177639320696	4.20583508521683	2.832481265461	2.88325013888889	0.00525819116000548		23G4B03	5	1	0.114	2023-07-28
G8	0.122422934016668	0.0011364232770207	0.195805809698953	23.8515382013538	3.53997249430772	2.98084502616651	3.067625	0.00622340944231822		23G4B03	5.3	1	0.121	2023-07-28
G9	0.131838424969341	0.000625199736964152	0.237451769023394	22.5161842198645	2.9191072503303	3.3853413299247	3.44962513888889	0.00529504350718497		23G4B03	5.6	1	0.134	2023-07-28
H1	0	0.00626250027313856	0	-340.047868655176	74.3055103534252	0.299339690631192	0.2955	0.000351894687750958	questionable fit (k < n0)	23G4B03	3.2	2	0.00700000000000001	2023-07-28
H10	0.123900021340565	0.000537873191291519	0.256964196849377	21.1518057398198	2.69744652779875	3.35022043910897	3.42137513888889	0.00561639595686058		23G4B03	5.9	2	0.124	2023-07-28
H11	0.131710386211409	0.000658199486232103	0.212020670806581	24.9685222611509	3.26924340878197	3.06182512615482	3.085	0.00416949088318995		23G4B03	6.2	2	0.133	2023-07-28
H12	0.121919319826242	0.000278460983469544	0.211494707732667	28.7456377191675	3.27737364206813	2.38045097668855	2.39987527777778	0.00374361776737712		23G4B03	6.5	2	0.123	2023-07-28
H13	0	0.00104024769331891	0	12.1361107149205	3.46593535039985	0.457089752721818	0.456875	0.000808773161229481		23G4B03	6.8	2	0.015	2023-07-28
H14	0	0.00515492947364841	0	4.90872682835172	7.65000510437691	0.502101766408738	0.501125	0.000388346835572178		23G4B03	7.1	2	0.014	2023-07-28
H15	0	0.00544883265217108	0	2.59370728376552	1.53964635060199	1.03360994481394	1.03237472222222	0.00208001153173578		23G4B03	7.4	2	0.029	2023-07-28
H16	0	0.00280837866991008	0	5.90258235445697	2.40334233583212	0.760070452160344	0.759374583333334	0.00101344017346385		23G4B03	7.7	2	0.021	2023-07-28
H17	0	0.00446459375578279	0	4.59845699864228	2.37376662308327	0.923118092190734	0.9215	0.000959704729925795		23G4B03	8	2	0.024	2023-07-28
H18	0	0.00194820425728064	0	7.32828429087888	2.87962415964673	0.535607952603743	0.535375138888889	0.00124042871277384		23G4B03	8.3	2	0.015	2023-07-28
H19	0	0.00320365894041743	0	3.1538817090882	1.31497760671081	0.89864349591299	0.897249861111111	0.00188145693139568		23G4B03	8.6	2	0.022	2023-07-28
H2	0	0.00854228275153841	0	-5.40585321567832	1.28037281574423	0.432974752749516	0.407875	0.00104784809964495	questionable fit	23G4B03	3.5	2	0.01	2023-07-28
H20	0	0.00334369266077021	0	0.327454298341929	0.238615490236498	0.573177956794878	0.552624583333334	0.00255044224717758		23G4B03	8.9	2	0.016	2023-07-28
H21	0	0.0077939275920787	0	0.978924129903505	1.13028603344326	1.02327703225246	0.999999861111111	0.00257276974767834		23G4B03	9.2	2	0.025	2023-07-28
H22	0	0.00539093842807188	0	-1.87226767272349	0.595149779554826	0.288676893102716	0.270749861111111	0.00112318311746096	questionable fit	23G4B03	9.5	2	0.00900000000000001	2023-07-28
H23	0	0.00293097275331	0	1.65918452774929	1.58004671718959	0.410826103277289	0.396499861111111	0.00126886267680599		23G4B03	9.8	2	0.012	2023-07-28
H24	0	0	0	0	0	0	0	0	cannot fit data	23G4B03	10.1	2	0.003	2023-07-28
H3	0.041	0.00855687452739847	0.0324732071480945	565.97916279433	21.34520244332	0.997212520556889	0.996375	0.000589994778880951		23G4B03	3.8	2	0.041	2023-07-28
H4	0.113998579901548	0.00264161560567404	0.0820772222015873	45.5832950209422	8.44506139422613	1.08760302083195	1.09012513888889	0.000619836429060448		23G4B03	4.1	2	0.063	2023-07-28
H5	0.177512375254722	0.00310495819344176	0.0981131757313529	41.0586423132108	7.06477163126261	1.96538492366031	1.99475	0.0034502923182795		23G4B03	4.4	2	0.11	2023-07-28
H6	0.106490306282384	0.000564953175293254	0.204237326427699	25.6258106608867	3.39383203199795	2.40681748126811	2.487	0.00532904976180645		23G4B03	4.7	2	0.104	2023-07-28
H7	0.111857495008557	0.00141040980055542	0.188707389923505	23.1080311178145	3.67313214835371	2.80490974507406	2.87087513888889	0.00550760014518539		23G4B03	5	2	0.112	2023-07-28
H8	0.110121096608482	0.000194332998010622	0.24980876228084	25.3713937318912	2.77471124003526	2.51511925195621	2.586375	0.00430428481527549		23G4B03	5.3	2	0.112	2023-07-28
H9	0.120702830723969	0.000395225143770467	0.24354681566922	23.4794756781406	2.84605314446551	2.98398238402843	3.04637513888889	0.00505168983168279		23G4B03	5.6	2	0.123	2023-07-28
I1	0	0.00800000000000001	0	-15.2456251526439	5.08187505088131	0.344277093762052	0.32875	0.00054799499645704	questionable fit (k < n0)	35G1B03	3.2	1	0.00800000000000001	2023-07-28
I10	0	0.00622065760534035	0	19.0793769211592	6.78931306957241	1.41120459593913	1.40712513888889	0.00127161570067714		35G1B03	5.9	1	0.049	2023-07-28
I11	0	0.00187057247167006	0	22.9904797391394	5.82545989173674	0.770679196812295	0.763875	0.00103232710157984		35G1B03	6.2	1	0.031	2023-07-28
I12	0	0.00163426357672904	0	23.0188491635831	6.02687330168475	0.619066041541205	0.613125	0.000939788493812913		35G1B03	6.5	1	0.025	2023-07-28
I13	0	0.00177251074069839	0	23.65658800647	6.24858453725625	0.642180670355556	0.637000138888889	0.000816328784193338		35G1B03	6.8	1	0.026	2023-07-28
I14	0	0.00497077974146701	0	9.13561382424715	6.47818983345766	0.658660842592587	0.657500138888889	0.000412381542058302		35G1B03	7.1	1	0.018	2023-07-28
I15	0	0.00661846985354234	0	4.95682065349973	6.6158661031268	0.690121590363956	0.688625	0.000344863781100847		35G1B03	7.4	1	0.018	2023-07-28
I16	0	0.00421516371614722	0	17.9589961634634	11.1290769342496	0.478848958960716	0.478125138888889	0.000917953159970408		35G1B03	7.7	1	0.015	2023-07-28
I17	0	0.00530043800861091	0	2.8648331067747	7.50453520625536	0.48015893972905	0.479	0.000381820290526722		35G1B03	8	1	0.013	2023-07-28
I18	0	0.00322629863008213	0	5.05490194677738	6.94268279401292	0.330417535439011	0.329749861111111	0.000653632426991389		35G1B03	8.3	1	0.01	2023-07-28
I19	0	0.00498315383671794	0	-0.28344890816239	7.06363502330231	0.406640379634375	0.405625	0.00050436059738216	questionable fit	35G1B03	8.6	1	0.01	2023-07-28
I2	0.029	0.00677677839397294	0.0264213897106589	700.464509568548	26.2343195475565	0.660155453757208	0.660625	0.00126211650315099		35G1B03	3.5	1	0.029	2023-07-28
I20	0	0.00577319128888488	0	-6.2752557185987	9.77172192550148	0.393261494165016	0.392000138888889	0.000417657435398247	questionable fit	35G1B03	8.9	1	0.01	2023-07-28
I21	0	0.0067177250649369	0	-7.46473862682623	7.35206239196908	0.441778720283041	0.440375	0.000398565639179868	questionable fit	35G1B03	9.2	1	0.01	2023-07-28
I22	0	0.00802783954989877	0	-12.9790509790223	7.1947068629427	0.47110534384676	0.4695	0.000502080493025921	questionable fit	35G1B03	9.5	1	0.011	2023-07-28
I23	0	0.00729609933081883	0	-12.7636544520443	9.9054449186987	0.447306463322677	0.44575	0.000300523895615939	questionable fit	35G1B03	9.8	1	0.01	2023-07-28
I24	0	0.00366439817527525	0	-9.87445707017232	22.9751101655814	0.224106911611573	0.223375	0.000553351632036591	questionable fit	35G1B03	10.1	1	0.00700000000000001	2023-07-28
I3	0.212446255177591	0.00601881815314961	0.0961104042769989	36.7812211665641	7.21198902214824	2.99963983320288	3.03500013888889	0.0082751931052201		35G1B03	3.8	1	0.145	2023-07-28
I4	0.19245604736986	0.00518782759998878	0.0959692350911314	37.3685054458572	7.22259774084622	2.6376789245367	2.65050041666667	0.00594813274527903		35G1B03	4.1	1	0.133	2023-07-28
I5	0.415038046745175	0.0104803125543901	0.0610651309642701	59.826219907363	11.3509488903825	2.54474976381844	2.54087527777778	0.00489145674537937		35G1B03	4.4	1	0.129	2023-07-28
I6	0.271080763447068	0.00867778421424309	0.0658092189240217	51.8030033679281	10.5326759972672	2.26227934687751	2.2565	0.00449993917398689		35G1B03	4.7	1	0.113	2023-07-28
I7	0.485703011367334	0.0113407048773985	0.0511364756485862	73.0119330122239	13.5548485062464	2.12949937274173	2.12325027777778	0.00391436625977565		35G1B03	5	1	0.105	2023-07-28
I8	0.219109421042871	0.00935881202790737	0.0575330717614988	54.0489285783761	12.0478041470367	1.8868503183145	1.87600013888889	0.00443559350688793		35G1B03	5.3	1	0.092	2023-07-28
I9	0	0.00862362425156383	0	22.7501694382968	8.24289732696101	1.68530034733749	1.67437541666667	0.00330054805954365		35G1B03	5.6	1	0.065	2023-07-28
J1	0	0	0	0	0	0	0	0	cannot fit data	35G1B03	3.2	2	0.00700000000000001	2023-07-28
J10	0	0.00673368048139714	0	22.9933623366752	7.83434817418307	1.45430105660465	1.44925	0.00145268404585649		35G1B03	5.9	2	0.054	2023-07-28
J11	0	0.0018454439377869	0	21.7631497710267	5.56409548536404	0.776376599780282	0.770125138888889	0.00115482038564224		35G1B03	6.2	2	0.031	2023-07-28
J12	0	0.0017698853401238	0	22.496721229019	6.08039961069384	0.631959381795872	0.625625	0.00108880578455167		35G1B03	6.5	2	0.025	2023-07-28
J13	0	0.001707645752617	0	22.3836697496128	5.85198041081647	0.664107298992505	0.65825	0.000900697147959532		35G1B03	6.8	2	0.026	2023-07-28
J14	0	0.00359770930292891	0	8.37357382296982	4.48551754844941	0.639965955089362	0.639749861111111	0.000824210852465484		35G1B03	7.1	2	0.019	2023-07-28
J15	0	0.00733322895947958	0	3.7426244829127	6.49550853218613	0.725785575541101	0.72425	0.000350895751897625		35G1B03	7.4	2	0.018	2023-07-28
J16	0	0.00375093555690922	0	5.20202567593539	6.56434729805209	0.397477299398662	0.3965	0.000411894299253402		35G1B03	7.7	2	0.011	2023-07-28
J17	0	0.00738946479712265	0	1.01662285442845	6.89494662201753	0.636585879267976	0.635	0.000434233472880961		35G1B03	8	2	0.016	2023-07-28
J18	0	0.00425141036334789	0	1.31583648869741	7.78609641250508	0.360461114184979	0.359625	0.000457062598960939		35G1B03	8.3	2	0.01	2023-07-28
J19	0	0.00760519342554667	0	-14.5254676002333	23.3479058482698	0.454247813510204	0.452625	0.00062582914377077	questionable fit	35G1B03	8.6	2	0.011	2023-07-28
J2	0	0.00653499784622156	0	39.1217292791852	13.4041414173231	0.899201622279045	0.89875	0.000698223229335855		35G1B03	3.5	2	0.034	2023-07-28
J20	0	0.00550047654631818	0	-8.20912870012227	8.19880428659417	0.358901676361932	0.35775	0.000309014470444913	questionable fit	35G1B03	8.9	2	0.00900000000000001	2023-07-28
J21	0	0.00908763004000407	0	-5.29761075488012	5.44694219040524	0.61702288237647	0.615125	0.000470710434464324	questionable fit	35G1B03	9.2	2	0.014	2023-07-28
J22	0	0.00652060288141448	0	-12.3988018222893	6.75631326571721	0.382475436868637	0.381125	0.00055492617975963	questionable fit	35G1B03	9.5	2	0.01	2023-07-28
J23	0	0.00990744498610563	0	-14.0020639666734	6.92298751983745	0.568241292664686	0.566125000000001	0.000425091764004034	questionable fit	35G1B03	9.8	2	0.013	2023-07-28
J24	0	0.00236248037604493	0	-10.004228064788	8.79433303312577	0.149751119058946	0.14925	0.000507175973089851	questionable fit	35G1B03	10.1	2	0.004	2023-07-28
J3	0.291500950434103	0.00975871842198687	0.0728818510043224	46.1408629599924	9.51055950155324	2.94825631977145	2.96237513888889	0.00800736492933474		35G1B03	3.8	2	0.14	2023-07-28
J4	0.253155094975019	0.00732983265347203	0.0755742807301841	46.4796786493286	9.17173374146457	2.44891419177614	2.44687527777778	0.00536444871406427		35G1B03	4.1	2	0.129	2023-07-28
J5	0.258955097077241	0.00906335297450986	0.0749274052986405	44.2666958797608	9.25091664121087	2.81980554417081	2.82475027777778	0.00599002212182605		35G1B03	4.4	2	0.139	2023-07-28
J6	0.141077099074623	0.00375167002510191	0.10953839138548	32.8665810876838	6.32789263921787	2.34923187186712	2.36687541666667	0.00480489232744926		35G1B03	4.7	2	0.112	2023-07-28
J7	0.277580109041545	0.00969835245152381	0.0633879946772494	52.3535990145967	10.9349914615413	2.341526858731	2.33962527777778	0.00462033369344097		35G1B03	5	2	0.116	2023-07-28
J8	0.135111431786325	0.00640655304687729	0.0784174836866222	38.2593332581085	8.83919182270566	1.91025030814599	1.90312513888889	0.0040579911304028		35G1B03	5.3	2	0.088	2023-07-28
J9	0.100911431568532	0.00920675825407201	0.0659099288368314	34.8754060943841	10.516582141606	1.73050115998997	1.71900013888889	0.00339795770622035		35G1B03	5.6	2	0.075	2023-07-28
K1	0	0.0226736090850308	0	-19.5435428470371	11.0761236274759	0.856694446295527	0.827375	0.000858328106701952	questionable fit (k < n0)	28G4A10	3.2	1	0.023	2023-07-28
K10	0.160459535635594	0.0185820177615711	0.228858546843807	8.88221059328996	3.02871441822537	6.22346512834364	6.21075055555556	0.00814593679593017		28G4A10	5.9	1	0.185	2023-07-28
K11	0.111467427716372	0.00675169814174364	0.277232031905526	9.88866716686738	2.50024203839531	4.24587915357931	4.23075013888889	0.00692809329090936		28G4A10	6.2	1	0.127	2023-07-28
K12	0.101185901340929	0.00141603010174165	0.505966766543669	8.40966101800916	1.36994606443212	4.0238807075954	4.02400013888889	0.0118296008394803		28G4A10	6.5	1	0.12	2023-07-28
K13	0.0978928983987945	0.00264425079056998	0.374715333206405	9.56486892248394	1.84979668333491	3.77541361719769	3.77400041666667	0.00488526266728791		28G4A10	6.8	1	0.12	2023-07-28
K14	0.1	0.0367292349475889	0.0178377911697613	837.070577578582	38.8583526941929	2.80618758287557	2.80025	0.0109842879173244		28G4A10	7.1	1	0.1	2023-07-28
K15	0	0.0213917826494871	0	1.08865687848471	2.27282076711044	2.32185588961438	2.318	0.00224935392289486		28G4A10	7.4	1	0.055	2023-07-28
K16	0	0.017963147040738	0	0.754213147551843	2.49279140466075	1.81793363659562	1.814875	0.00310702757389669		28G4A10	7.7	1	0.047	2023-07-28
K17	0	0.0210247196964206	0	0.121235442364587	2.00166892163315	1.98183128710852	1.97787513888889	0.0026042230316381		28G4A10	8	1	0.049	2023-07-28
K18	0	0.0155978154008397	0	0.523039152644251	1.94967119288942	1.58098964156864	1.5785	0.00305441232551077		28G4A10	8.3	1	0.041	2023-07-28
K19	0	0.0158069785313515	0	0.816967570635022	1.69769707538061	1.74457502104438	1.742625	0.00575982023804103		28G4A10	8.6	1	0.048	2023-07-28
K2	0	0.0194938533457235	0	0.298836159680111	2.88794133110529	1.8263380424725	1.822375	0.000553224230265004		28G4A10	3.5	1	0.041	2023-07-28
K20	0	0.0202181125473777	0	0.499158604885342	3.64642156739728	1.88061684102279	1.87687513888889	0.00175822956015206		28G4A10	8.9	1	0.046	2023-07-28
K21	0	0.0236343856657236	0	-0.23008811682673	3.43916237353915	2.07333647601278	2.06849986111111	0.000685985969586094	questionable fit	28G4A10	9.2	1	0.047	2023-07-28
K22	0	0.022645920716779	0	0.0072717504027862	3.93585050434697	2.00619153883806	2.00200013888889	0.00142747206602599		28G4A10	9.5	1	0.048	2023-07-28
K23	0	0.0237511716847008	0	-0.0873909775330292	3.7051933455856	2.09877368767888	2.0945	0.00235700411469835	questionable fit	28G4A10	9.8	1	0.052	2023-07-28
K24	0	0.0185508277417384	0	0.562673978639392	5.00887551439988	1.65683543207702	1.65337513888889	0.0010159550733552		28G4A10	10.1	1	0.041	2023-07-28
K3	0.0941430437512457	0.0205272764475385	0.245151363571173	5.2094536767186	2.82742535249537	3.95326351181078	3.94675013888889	0.00289414272672611		28G4A10	3.8	1	0.101	2023-07-28
K4	0.114104493178431	0.0246211704932795	0.125533861802392	10.2796615086537	5.52159529395387	4.11423314926096	4.09412527777778	0.00770776638720174		28G4A10	4.1	1	0.13	2023-07-28
K5	0.115264024194365	0.0255036882082597	0.179785445371367	6.99900987538341	3.85541320727143	4.58959214284426	4.57587513888889	0.00559844165411728		28G4A10	4.4	1	0.128	2023-07-28
K6	0.149729607065941	0.025128651529645	0.143964706021833	11.1215285264384	4.81470215661626	5.36636319588827	5.35437513888889	0.00773328992860419		28G4A10	4.7	1	0.159	2023-07-28
K7	0.155743603506585	0.0353962201451247	0.106911159589147	11.4466757998977	6.4833940930364	5.37757980452899	5.36100027777778	0.00727497166782286		28G4A10	5	1	0.162	2023-07-28
K8	0.139961306234872	0.0155838224651848	0.221685254510364	9.36953526819078	3.12671757122908	5.36101087832772	5.35900027777778	0.00765016435139127		28G4A10	5.3	1	0.153	2023-07-28
K9	0.150976930885948	0.0258466080252407	0.165716694542751	9.51730546325007	4.18272391005923	5.67133334866566	5.66450027777778	0.00644303172992928		28G4A10	5.6	1	0.156	2023-07-28
L1	0	0.0181918127724766	0	-126.247168959949	41.3505830287487	0.84112968565036	0.804125	0.00190026457567339	questionable fit (k < n0)	28G4A10	3.2	2	0.023	2023-07-28
L10	0.156306145445998	0.01521431565837	0.245574145425861	9.06925338320898	2.82255764082138	6.05197651907048	6.04675055555555	0.00665890920408928		28G4A10	5.9	2	0.179	2023-07-28
L11	0.112214676903892	0.00612713974831098	0.299233118713416	9.52948171547649	2.31641197852766	4.31887676857717	4.30350013888889	0.00829324618908121		28G4A10	6.2	2	0.136	2023-07-28
L12	0.101863560726766	0.00199726162052698	0.447595665514685	8.74015440996606	1.54860119068156	4.01549487813659	4.01525027777778	0.00959714537816804		28G4A10	6.5	2	0.126	2023-07-28
L13	0.110638608971914	0.00187560594156734	0.433116263508652	9.37447931872604	1.60037209165224	4.29175645635174	4.30112513888889	0.00580932184536503		28G4A10	6.8	2	0.124	2023-07-28
L14	0.085	0.0354997055499949	0.0155197437244139	874.357877416716	44.6622826296781	2.54594146612619	2.539	0.00791342712608433		28G4A10	7.1	2	0.085	2023-07-28
L15	0	0.0256452190007895	0	0.736834560084538	2.66019086771626	2.56132180234092	2.55712513888889	0.00370255280734253		28G4A10	7.4	2	0.062	2023-07-28
L16	0	0.0164889879203242	0	1.19971649420962	2.70236351736067	1.74578854950368	1.743	0.00237678488743979		28G4A10	7.7	2	0.044	2023-07-28
L17	0	0.0198105297627713	0	0.379492643677823	2.43853426658358	1.90841493727266	1.904875	0.00195341959658163		28G4A10	8	2	0.046	2023-07-28
L18	0	0.0155525705285826	0	0.928034053093984	2.64123743573626	1.59525388001532	1.592625	0.00203795660023532		28G4A10	8.3	2	0.041	2023-07-28
L19	0	0.0165194089694458	0	1.2599303279769	2.3111404135877	1.83639298740064	1.83400013888889	0.00330751669753293		28G4A10	8.6	2	0.048	2023-07-28
L2	0	0.0172384684822291	0	0.131605937728412	2.26207334943332	1.61421396793343	1.61075	0.000679574056672717		28G4A10	3.5	2	0.036	2023-07-28
L20	0	0.0173556540402545	0	1.20927427933828	3.0113222342633	1.79442102370519	1.79125	0.00177252394044731		28G4A10	8.9	2	0.044	2023-07-28
L21	0	0.0218822721140492	0	-0.00402366802984185	3.22685438769147	1.96768005615694	1.963375	0.000868773489755437	questionable fit	28G4A10	9.2	2	0.046	2023-07-28
L22	0	0.0188601399950263	0	0.647679585667996	4.1413459972817	1.74405386335946	1.73999986111111	0.00102451970281018		28G4A10	9.5	2	0.043	2023-07-28
L23	0	0.024106323798196	0	-0.434717688538745	4.82945961447064	2.03829743493562	2.03375013888889	0.0013372182354862	questionable fit	28G4A10	9.8	2	0.05	2023-07-28
L24	0	0.0166176581685124	0	0.743836879750422	5.43261980259627	1.47966223322621	1.47625	0.000590695450825191		28G4A10	10.1	2	0.036	2023-07-28
L3	0.0941671075323361	0.0210484626738374	0.219157191153873	5.68202148403771	3.16278547334218	3.89557498760055	3.88750013888889	0.00369861491597555		28G4A10	3.8	2	0.104	2023-07-28
L4	0	0.0117493529753492	0	6.76964396750627	2.56815347987967	3.46616991597999	3.46150027777778	0.00247833421684778		28G4A10	4.1	2	0.091	2023-07-28
L5	0.16655498795219	0.0364486057140421	0.082283077134041	15.4642883972188	8.42393362891367	5.08559525347659	5.06687513888889	0.00847738035092666		28G4A10	4.4	2	0.162	2023-07-28
L6	0.140403627134857	0.0263198200200279	0.133535253187071	10.9829503830767	5.19074299869642	5.01507851360837	4.99712513888889	0.0061778366166857		28G4A10	4.7	2	0.144	2023-07-28
L7	0.169555892106786	0.0307198858125662	0.140515431985033	10.7346446808775	4.93289008024241	6.11829285722227	6.10887513888889	0.00947698624969494		28G4A10	5	2	0.182	2023-07-28
L8	0.140474623866814	0.0184382422952309	0.185994828737564	10.1609938799827	3.72670135650904	5.23854551899263	5.22487527777778	0.00376474251106706		28G4A10	5.3	2	0.144	2023-07-28
L9	0.1530381396597	0.0205140785382824	0.218783994264625	8.52737340398773	3.1681804827165	5.97159315848694	5.96900041666667	0.00805574289436576		28G4A10	5.6	2	0.162	2023-07-28
M1	0	0.00947117906662153	0	-247.634382641156	57.2010006710064	0.450848733663374	0.435875	0.00135513000770977	questionable fit (k < n0)	23D03	3.2	1	0.013	2023-07-28
M10	0.182168030043043	0.0125683736923578	0.220182061916676	11.8186606134947	3.14806380922282	6.56950508112608	6.53887555555556	0.00723540272651382		23D03	5.9	1	0.19	2023-07-28
M11	0.148483714691668	0.00889971216033815	0.238383061659215	11.5471612574933	2.90770315531414	5.40465133827627	5.36412527777778	0.00739665785040409		23D03	6.2	1	0.159	2023-07-28
M12	0.123748766262067	0.00766523113603186	0.23670860921129	11.4808472948501	2.92827194950577	4.51119300135245	4.47749972222222	0.00697780882341642		23D03	6.5	1	0.138	2023-07-28
M13	0.120004452802368	0.013623973631677	0.184725388006762	11.125655806622	3.75231140688994	4.37205570393	4.3325	0.00992288714772355		23D03	6.8	1	0.136	2023-07-28
M14	0.129940630280264	0.00728888338188944	0.237724023351293	11.875108837048	2.91576413182128	4.68923524520025	4.69900125	0.00525708773590672		23D03	7.1	1	0.134	2023-07-28
M15	0	0.0149561487258963	0	7.27499752045937	4.06600152416417	2.62893854684354	2.62275013888889	0.00169025831731204		23D03	7.4	1	0.069	2023-07-28
M16	0	0.0114872971269586	0	6.48390117635318	4.37949400733391	1.73273543231677	1.72900027777778	0.00106919475262824		23D03	7.7	1	0.045	2023-07-28
M17	0	0.0131731669448577	0	4.91869351498234	5.06795777693961	1.57082790437297	1.56775013888889	0.00053765029962093		23D03	8	1	0.04	2023-07-28
M18	0	0.00995108004620665	0	3.58358309981448	4.21264080013814	1.1700774303108	1.168125	0.000471951375212995		23D03	8.3	1	0.029	2023-07-28
M19	0	0.0105337665211283	0	3.90204478456639	5.47979841542514	1.12728227737086	1.12525	0.000641324026854634		23D03	8.6	1	0.028	2023-07-28
M2	0	0.0119324159461917	0	-0.812646877982302	3.1171568534986	0.995561347905135	0.993125	0.000619144673297324	questionable fit	23D03	3.5	1	0.023	2023-07-28
M20	0	0.0110571846788834	0	-0.195139623930902	7.76654612649514	0.891921668220978	0.88975	0.000435934358879847	questionable fit	23D03	8.9	1	0.022	2023-07-28
M21	0	0.0124196966053521	0	-0.203347192216367	14.7375296128558	0.8812006937861	0.878875138888889	0.000574901789185111	questionable fit	23D03	9.2	1	0.022	2023-07-28
M22	0	0.0144075179360103	0	-11.72225678403	9.56289941352815	0.894108283231068	0.891375	0.000688381734142215	questionable fit	23D03	9.5	1	0.022	2023-07-28
M23	0	0.0155165817227076	0	-17.5641086439622	8.54143832752607	0.877841044811358	0.87475	0.000379624825357013	questionable fit	23D03	9.8	1	0.02	2023-07-28
M24	0	0.00956409642424879	0	-1.71583943515252	0.967545235424336	0.591468652866485	0.589625	0.000600473714268385	questionable fit	23D03	10.1	1	0.014	2023-07-28
M3	0	0.0105443950031923	0	9.03030414299877	3.47599721682583	2.85695283339673	2.85762527777778	0.0020327846117724		23D03	3.8	1	0.077	2023-07-28
M4	0.096159649268776	0.00800827376336858	0.170759660005743	14.0465276466546	4.0591974740207	3.23732095855877	3.23437541666667	0.00092613832067483		23D03	4.1	1	0.096	2023-07-28
M5	0.136251588233629	0.0111778958012745	0.167991845576805	14.3754886180538	4.12607634721794	4.54261554552484	4.53625027777778	0.000976538781046781		23D03	4.4	1	0.137	2023-07-28
M6	0.147234683291961	0.0106163230789241	0.165389762044864	15.4471388393759	4.19099206619525	4.76037210859469	4.75350041666667	0.00134127422177649		23D03	4.7	1	0.149	2023-07-28
M7	0.154674992052377	0.0100479461636579	0.19907122426302	13.3961605433105	3.48190544929857	5.33258577017253	5.33050055555556	0.00066941790849427		23D03	5	1	0.156	2023-07-28
M8	0.154560284575619	0.00799590673558785	0.217600770328028	13.3663819941533	3.18540775161339	5.3472556653119	5.34600055555556	0.00158227938999323		23D03	5.3	1	0.159	2023-07-28
M9	0.158531575101579	0.0147837718802269	0.177422855173915	12.8198270216759	3.90675248620311	5.52382863979463	5.50237555555556	0.00481753848001179		23D03	5.6	1	0.163	2023-07-28
N1	0	0.012	0	-9.68865403891671	6.11286010521283	0.414144626504596	0.400125	0.000713594463846082	questionable fit (k < n0)	23D03	3.2	2	0.012	2023-07-28
N10	0.19180583478733	0.0120555342166405	0.230401910375105	11.7275279478622	3.00842635997015	6.94268444327997	6.91600055555556	0.00629739599101674		23D03	5.9	2	0.197	2023-07-28
N11	0.152453185783808	0.0105302187729138	0.219985589699757	11.8236622954647	3.15087538918332	5.49703893960469	5.45087486111111	0.00886138341954507		23D03	6.2	2	0.165	2023-07-28
N12	0.117953739237622	0.00640208432265546	0.266301690411265	10.7316785681273	2.60286436593579	4.39538840066419	4.36512527777778	0.00681343687204559		23D03	6.5	2	0.126	2023-07-28
N13	0.120299022242914	0.0132740536441847	0.190264543877593	10.9702566756701	3.64307067640455	4.40587523224909	4.364625	0.0104094267538493		23D03	6.8	2	0.139	2023-07-28
N14	0.132701954450421	0.00845021798800582	0.238298483635094	11.2804637318404	2.90873517106118	4.86336526385945	4.86725111111111	0.00529034961508921		23D03	7.1	2	0.143	2023-07-28
N15	0	0.0147102239671829	0	8.39086884889865	4.37777724210302	2.69347629414033	2.68675	0.00178810947106493		23D03	7.4	2	0.072	2023-07-28
N16	0	0.0101609686290214	0	7.12106376045663	5.13275693176269	1.42248959568865	1.419125	0.000974689841537778		23D03	7.7	2	0.038	2023-07-28
N17	0	0.0145325699768533	0	5.36940150768202	5.800847835437	1.65791932191104	1.6545	0.000632151511832752		23D03	8	2	0.043	2023-07-28
N18	0	0.0105425784976464	0	3.62696667155289	4.43407533443869	1.21493164999564	1.212875	0.000498857694825661		23D03	8.3	2	0.03	2023-07-28
N19	0	0.00940299166080838	0	4.89352832047746	5.74807025175922	1.04675689905894	1.04475	0.000618471737991977		23D03	8.6	2	0.028	2023-07-28
N2	0	0.0110668810779307	0	-0.753029822503226	1.93607023806822	0.909950273107447	0.907625138888888	0.000503876624382766	questionable fit	23D03	3.5	2	0.02	2023-07-28
N20	0	0.0113141083779733	0	0.314326743807252	8.77465763173327	0.90635001092015	0.904125	0.000389119725298189		23D03	8.9	2	0.023	2023-07-28
N21	0	0.0141564072205938	0	-6.12609408399851	17.289341754893	0.920057957120924	0.91725	0.0005141234561988	questionable fit	23D03	9.2	2	0.023	2023-07-28
N22	0	0.0142002528271116	0	-17.8699788369213	12.2255351960741	0.835268713857957	0.832625138888889	0.000593182660831237	questionable fit	23D03	9.5	2	0.021	2023-07-28
N23	0	0.0183818411600046	0	-5.72106825571463	3.88190257339405	1.16207242458247	1.15824986111111	0.000999782272776878	questionable fit	23D03	9.8	2	0.026	2023-07-28
N24	0	0.0108636939449417	0	-5.64905908341156	2.52836519832076	0.625719057739334	0.6235	0.000510034817065088	questionable fit	23D03	10.1	2	0.015	2023-07-28
N3	0	0.0102288124291887	0	9.74466356356387	3.64855880716868	2.84095259570039	2.84175027777778	0.00181320733374456		23D03	3.8	2	0.077	2023-07-28
N4	0	0.00778033453102569	0	12.8819565932704	3.94935437702793	2.8652324961674	2.86412541666667	0.0010540145017434		23D03	4.1	2	0.082	2023-07-28
N5	0.137665489066767	0.0112922375027152	0.164913029154529	14.6448361983736	4.20310744465463	4.55188168242526	4.54550041666667	0.000961423012839599		23D03	4.4	2	0.139	2023-07-28
N6	0.145584004203765	0.0103248812119305	0.15856182941887	16.2248111276341	4.37146306333835	4.59396899062443	4.58525041666667	0.00152181811093539		23D03	4.7	2	0.147	2023-07-28
N7	0.148880940703912	0.0115608371042619	0.191595805009187	12.9162089348679	3.61775760448778	5.19187503669121	5.18775041666667	0.000873417503701778		23D03	5	2	0.149	2023-07-28
N8	0.162278675121165	0.00800895890659587	0.216985907628643	13.6328747262348	3.19443409083608	5.57283449297961	5.56712555555556	0.00206123589716517		23D03	5.3	2	0.168	2023-07-28
N9	0.17248276652565	0.0123107920047986	0.199894357893595	12.8356389312098	3.46756750847822	6.0373957591728	6.01562569444445	0.00520239823033502		23D03	5.6	2	0.182	2023-07-28
O1	0	0.00957809463178098	0	-124.003325985452	47.665080099021	0.437771503302566	0.4205	0.00125446089251797	questionable fit (k < n0)	23D03	3.2	3	0.013	2023-07-28
O10	0.186882762560674	0.0151545585570007	0.192281864559392	12.6252761366789	3.60484948566664	6.56802948540971	6.53300041666667	0.00742563519533811		23D03	5.9	3	0.194	2023-07-28
O11	0.159977739779174	0.00758212092797711	0.256404752657217	11.7029302215691	2.70333203022411	5.80923332195827	5.76537541666667	0.00765021960132424		23D03	6.2	3	0.171	2023-07-28
O12	0.131114891375005	0.00927092400918314	0.217801063791046	11.8266558176595	3.18247839792434	4.72577842419229	4.68462513888889	0.00805168279018324		23D03	6.5	3	0.147	2023-07-28
O13	0.12511036805262	0.0141400293636736	0.17558994560858	11.7333210756383	3.94753343169824	4.47867435227403	4.442	0.00921406911990367		23D03	6.8	3	0.13	2023-07-28
O14	0.141280528073492	0.00565547422173184	0.25279908229345	12.5683611176226	2.74188962345732	5.01196076903129	5.01925138888889	0.00588923556833285		23D03	7.1	3	0.146	2023-07-28
O15	0	0.0150719881145457	0	6.8584804692568	3.9715768127726	2.58796335974418	2.582125	0.00163945999445348		23D03	7.4	3	0.067	2023-07-28
O16	0	0.0108671351739315	0	6.11619162494545	4.39728169743954	1.57648590005658	1.573375	0.000732556802067727		23D03	7.7	3	0.041	2023-07-28
O17	0	0.013155439026891	0	4.91750336021173	5.43307410641105	1.51032034365311	1.50725	0.000592884407847663		23D03	8	3	0.039	2023-07-28
O18	0	0.00926807434423377	0	4.68238829494618	5.54495198375934	1.03678067499804	1.034875	0.000556267120839184		23D03	8.3	3	0.026	2023-07-28
O19	0	0.0115514392627921	0	3.5403138327443	6.01530793041896	1.16526614240463	1.16300013888889	0.000620608927633883		23D03	8.6	3	0.029	2023-07-28
O2	0	0.00965097875790844	0	-0.278606513971344	1.33261078860905	0.846114701703741	0.82775	0.000618794540523582	questionable fit	23D03	3.5	3	0.018	2023-07-28
O20	0	0.0147918402131201	0	-3.60332029408456	8.38176867461737	1.07356994875655	1.07075	0.000612364035338828	questionable fit	23D03	8.9	3	0.026	2023-07-28
O21	0	0.016419914966603	0	-9.02212943836876	11.8601550336367	1.06692221367376	1.063875	0.000624366546965313	questionable fit	23D03	9.2	3	0.025	2023-07-28
O22	0	0.0134277794834978	0	-23.7523365502052	16.8742379703441	0.770127761631634	0.767625	0.00050293246611934	questionable fit	23D03	9.5	3	0.018	2023-07-28
O23	0	0.0139833928323724	0	-16.5681191034418	7.70220597044758	0.787730385813571	0.785	0.000370055863040111	questionable fit	23D03	9.8	3	0.017	2023-07-28
O24	0	0.0114022093211716	0	-5.2877688290446	2.55001895083659	0.669149538953933	0.666875	0.000566899803420654	questionable fit	23D03	10.1	3	0.015	2023-07-28
O3	0	0.0109875339126558	0	7.78387484491541	3.2971394801783	2.66840666998608	2.66925027777778	0.00235270482951184		23D03	3.8	3	0.07	2023-07-28
O4	0	0.00875291863611903	0	11.9930288631817	3.98323573946515	2.81934672565095	2.81937527777778	0.00115243050345448		23D03	4.1	3	0.079	2023-07-28
O5	0.121825356633102	0.011454227362841	0.17183172251607	13.1843509008729	4.03387203719105	4.19808914374422	4.19550027777778	0.000561523081905693		23D03	4.4	3	0.121	2023-07-28
O6	0.133413860281682	0.0103881071504868	0.164997925522498	14.9803828872345	4.20094482015433	4.37039976890893	4.36425041666667	0.00107499020079351		23D03	4.7	3	0.135	2023-07-28
O7	0.142605954460769	0.0121427286260661	0.182598903904738	13.003149626115	3.79600953640751	4.9517125774537	4.94500041666667	0.00125956517263656		23D03	5	3	0.143	2023-07-28
O8	0.158918022289503	0.00838641098843884	0.199206110208521	14.4953407531222	3.47954779014753	5.31474419951143	5.30550041666667	0.00206914858555395		23D03	5.3	3	0.164	2023-07-28
O9	0.169358218115142	0.0176875443685208	0.165086510455323	13.016513950453	4.19869060559937	5.84932665897997	5.82150055555556	0.00628714214265903		23D03	5.6	3	0.175	2023-07-28
