sample	k	n0	r	t_mid	t_gen	auc_l	auc_e	sigma	note	strain	pH	replicate	max.OD	date
A1	0	0	0	0	0	0	0	0	cannot fit data	36G1B08	3.2	1	0.012	2023-11-03
A10	0.293669457097005	0.00176133047455849	0.436108252624532	11.7181218475797	1.58939248773334	10.7109493002786	10.761	0.0161695713883793		36G1B08	5.9	1	0.335	2023-11-03
A11	0.480146867384555	0.00448739112250146	0.302485166593514	15.4170558960289	2.2915080047261	15.728068677343	15.68325	0.00962915572450335		36G1B08	6.2	1	0.494	2023-11-03
A12	0.475360266257725	0.00499211534209997	0.30507329179334	14.9002094709616	2.27206772669398	15.8152521216406	15.76	0.00914032500824274		36G1B08	6.5	1	0.486	2023-11-03
A13	0.454953436093864	0.00440842389408105	0.324248764279603	14.2697251799362	2.13770184167067	15.4252047560414	15.4	0.00859864548387555		36G1B08	6.8	1	0.467	2023-11-03
A14	0.320525560135551	0.00340465171538458	0.337026733209376	13.4533555377516	2.05665341131658	11.1285530065477	11.113375	0.00423945685730694		36G1B08	7.1	1	0.328	2023-11-03
A15	0.294000124900992	0.00376652649732686	0.359498669426348	12.0849762646986	1.92809386934867	10.6086668435406	10.631625	0.0134056077554886		36G1B08	7.4	1	0.32	2023-11-03
A16	0.271845190916985	0.00408198625142619	0.337491660863365	12.3959191118086	2.05382017080584	9.72226866182198	9.73875	0.0113369982802063		36G1B08	7.7	1	0.292	2023-11-03
A17	0.242532010424806	0.00547086794873373	0.300191537054809	12.5549202744582	2.3090163945341	8.62780303806554	8.623875	0.00457708299571403		36G1B08	8	1	0.251	2023-11-03
A18	0.203133992893407	0.00574021676581959	0.271194664995487	13.0448864973818	2.55590271501647	7.12074072113316	7.105875	0.00407710448892502		36G1B08	8.3	1	0.213	2023-11-03
A19	0.156957200505167	0.00549083186400217	0.226901547551355	14.6199260401587	3.05483672562023	5.24708208322471	5.2325	0.00320933304566644		36G1B08	8.6	1	0.163	2023-11-03
A2	0	0.0114454773029821	0	-13.8698296961823	10.1657586797208	0.386409534247332	0.364125	0.00122174455420621	questionable fit (k < n0)	36G1B08	3.5	1	0.012	2023-11-03
A20	0.131824178678618	0.00361128715356487	0.189442164030728	18.8428370979784	3.65888546568501	3.85394437850979	3.835375	0.00321965815207778		36G1B08	8.9	1	0.141	2023-11-03
A21	0	0.00624885353034643	0	4.61644477000235	3.70855283947413	0.878245178521976	0.87875	0.00536077607460391		36G1B08	9.2	1	0.037	2023-11-03
A22	0	0.0211587784401882	0	10.2118952395687	7.46874275759386	2.63407276659214	2.62975	0.0133611804745168		36G1B08	9.5	1	0.083	2023-11-03
A23	0.125690664927146	0.0251030845232974	0.124769390403829	11.1248284724314	5.55542652181357	4.44597028438563	4.432875	0.00695967212963935		36G1B08	9.8	1	0.13	2023-11-03
A24	0.116872463949215	0.0193887764445347	0.227268960659109	7.10607681229834	3.04989814073039	4.71006154035654	4.695375	0.0083242204449534		36G1B08	10.1	1	0.131	2023-11-03
A3	0	0.0094651642430297	0	-0.955910329300963	1.23578257073901	0.710855678371487	0.7085	0.000861597769469445	questionable fit	36G1B08	3.8	1	0.017	2023-11-03
A4	0.061	0.0119878598192327	0.0329025093564929	508.960490372307	21.0666965564789	1.41527855317171	1.411875	0.0015726176963419		36G1B08	4.1	1	0.061	2023-11-03
A5	0.146460312715363	0.00916747072386496	0.0999064076933848	27.0899015622468	6.9379652072691	3.16555994503587	3.157625	0.00326853750872107		36G1B08	4.4	1	0.134	2023-11-03
A6	0.163816792135041	0.00449836097996071	0.186222882138277	19.1554967167295	3.72213754078437	4.73818358772337	4.757875	0.00548127606042458		36G1B08	4.7	1	0.168	2023-11-03
A7	0.247114596314858	0.00769279407066343	0.214921022806451	15.9963076609747	3.22512507854648	7.92393947264814	7.898875	0.00958009144366831		36G1B08	5	1	0.264	2023-11-03
A8	0.259349438772536	0.00239564404898366	0.361014681224808	12.9502882184997	1.9199972095548	9.13655310437963	9.16575	0.00881640602855823		36G1B08	5.3	1	0.282	2023-11-03
A9	0.137456815473359	0.00371730939578897	0.341209559638385	10.5005668697342	2.03144126821811	5.17164963803956	5.1905	0.00641357293078071		36G1B08	5.6	1	0.144	2023-11-03
B1	0	0.00870306947600802	0	-16.2110351812493	9.6098097211563	0.319363658917299	0.304875	0.000857223247156484	questionable fit (k < n0)	36G1B08	3.2	2	0.01	2023-11-03
B10	0.284274438567304	0.001726425617288	0.436328698385942	11.6833830971415	1.58858948110455	10.3781144817005	10.417625	0.0146108499211995		36G1B08	5.9	2	0.322	2023-11-03
B11	0.482797282696729	0.00632373044304379	0.286804032853813	15.0698819690871	2.41679718957526	15.975341799616	15.915	0.00929158516551577		36G1B08	6.2	2	0.493	2023-11-03
B12	0.471011505343795	0.00578439304970615	0.290801734556528	15.0871254924913	2.38357306092755	15.5788611332178	15.51275	0.00890340682299445		36G1B08	6.5	2	0.482	2023-11-03
B13	0.441015925734349	0.00458774226245337	0.322058477607788	14.1441263903691	2.1522401326261	15.0069691096355	14.975125	0.00720784384574355		36G1B08	6.8	2	0.451	2023-11-03
B14	0.289161453993554	0.0024946793729415	0.366586814284036	12.9414372781573	1.89081318135705	10.189949986867	10.191875	0.00478750107236698		36G1B08	7.1	2	0.297	2023-11-03
B15	0.282568949576715	0.0045248023340576	0.348155832569539	11.828628521324	1.99091072363839	10.2656554853533	10.28275	0.0117314240769469		36G1B08	7.4	2	0.308	2023-11-03
B16	0.262878381233619	0.00453147409567993	0.331234484302168	12.2066275725685	2.09261780825822	9.44932626370585	9.46125	0.00952210359111913		36G1B08	7.7	2	0.278	2023-11-03
B17	0.230867947628703	0.00670667494095953	0.293698821848683	11.9485071399528	2.3600611544743	8.34724316624816	8.3465	0.00592051411368188		36G1B08	8	2	0.242	2023-11-03
B18	0.195586466740791	0.00613315752624104	0.270721400941999	12.6714507295021	2.56037083935027	6.92685732681674	6.918	0.00328918610782812		36G1B08	8.3	2	0.2	2023-11-03
B19	0.152254250573539	0.00606386542125047	0.230303873861782	13.8189700057005	3.00970699683472	5.20874881614328	5.199	0.00368154899378427		36G1B08	8.6	2	0.159	2023-11-03
B2	0	0	0	0	0	0	0	0	cannot fit data	36G1B08	3.5	2	0.011	2023-11-03
B20	0.124243159575303	0.00401923603602353	0.181281135111392	18.7458236486493	3.82360348821749	3.64080673427593	3.619625	0.00370060501901691		36G1B08	8.9	2	0.133	2023-11-03
B21	0	0.00687845854903789	0	3.13935738065272	3.47628313353821	0.847260473331905	0.84725	0.00226485687792672		36G1B08	9.2	2	0.023	2023-11-03
B22	0	0.00442296330805033	0	24.0861804525836	7.36186132524314	1.13682301804036	1.13825	0.00394958526637085		36G1B08	9.5	2	0.049	2023-11-03
B23	0	0.0035240262887576	0	3.06076227942069	0.850083981409621	2.08438137162758	2.08575	0.0127775147853079		36G1B08	9.8	2	0.065	2023-11-03
B24	0.108236202818964	0.0223339535848385	0.116203365860725	11.5926238470698	5.96494925448813	3.76062797984171	3.74475	0.00643075456026736		36G1B08	10.1	2	0.116	2023-11-03
B3	0	0.00679659281746352	0	-0.116834301475037	1.33942459291513	0.61912005914599	0.617625000000001	0.000701433871509579	questionable fit	36G1B08	3.8	2	0.014	2023-11-03
B4	0	0.00964033834620929	0	26.5274903964466	13.6202130355971	1.06665699963892	1.063125	0.00164268842163032		36G1B08	4.1	2	0.04	2023-11-03
B5	0.144171896619689	0.00874328409578979	0.0963548382623243	28.4382064492681	7.19369357118181	2.96383278883814	2.967625	0.00302335776703653		36G1B08	4.4	2	0.123	2023-11-03
B6	0.144933113135855	0.00374971529025363	0.187768950709336	19.3236411608046	3.69148987594296	4.16899182494064	4.190875	0.00485924526939288		36G1B08	4.7	2	0.149	2023-11-03
B7	0.244278650663771	0.00799798180207181	0.212499409539553	15.9333672759867	3.26187814856459	7.84614342372379	7.82175	0.00865965892448457		36G1B08	5	2	0.259	2023-11-03
B8	0.256572657765591	0.00250894819568638	0.353518479263943	13.0621783915901	1.96070989557078	9.00948678493652	9.0365	0.00778210570185618		36G1B08	5.3	2	0.277	2023-11-03
B9	0.131242143335496	0.00380391810378025	0.313112171766133	11.2151504807874	2.21373438359229	4.8422663124829	4.855	0.00467506974404091		36G1B08	5.6	2	0.138	2023-11-03
C1	0	0.0150899487010277	0	-16.7027666788727	37.5904639727004	0.402802411860118	0.26975	0.0105051651403564	questionable fit (k < n0)	36G1B08	3.2	3	0.083	2023-11-03
C10	0.281916035837133	0.00156952791504413	0.44307679921138	11.7028277998208	1.56439511568572	10.2869172010759	10.325375	0.0153199046617872		36G1B08	5.9	3	0.322	2023-11-03
C11	0.481451024336546	0.00635137623291608	0.287661584033585	14.9997541833569	2.40959244832296	15.9644585603361	15.900625	0.00949848372904798		36G1B08	6.2	3	0.493	2023-11-03
C12	0.46943835383844	0.00490503144362949	0.303365340586162	15.0009614861313	2.28485950049748	15.5709303044098	15.5145	0.00838239364314168		36G1B08	6.5	3	0.48	2023-11-03
C13	0.433336193510052	0.00421811955869984	0.328347615552568	14.0775887085462	2.11101633673649	14.7756306396114	14.74525	0.00513560764050391		36G1B08	6.8	3	0.44	2023-11-03
C14	0.278614064845522	0.00221883298461467	0.374968135167404	12.8673612856917	1.84854955808576	9.8395459997614	9.844125	0.00542941351173005		36G1B08	7.1	3	0.286	2023-11-03
C15	0.287159135303313	0.00429980040313691	0.356329804682775	11.7486134067013	1.94524053685889	10.4565483565792	10.48	0.0125991242909476		36G1B08	7.4	3	0.31	2023-11-03
C16	0.261030434357269	0.00494157887250337	0.322455124449056	12.2430666679147	2.14959269679541	9.37162224660404	9.381875	0.00871054715276702		36G1B08	7.7	3	0.277	2023-11-03
C17	0.232325759959106	0.00668718085388126	0.297018296129292	11.846886771733	2.33368512846838	8.42403297318962	8.42425	0.00554291125607998		36G1B08	8	3	0.243	2023-11-03
C18	0.188109238523057	0.00584053601373076	0.27700722716827	12.4208290342217	2.50227110550762	6.70989587539539	6.705375	0.00348236920890263		36G1B08	8.3	3	0.194	2023-11-03
C19	0.148588181819082	0.00676970044898614	0.225790789973243	13.473052204253	3.06986472141793	5.13028751419655	5.121125	0.0044456466276406		36G1B08	8.6	3	0.156	2023-11-03
C2	0	0	0	0	0	0	0	0	cannot fit data	36G1B08	3.5	3	0.01	2023-11-03
C20	0.11671656513278	0.00357159708360893	0.195539836277817	17.6723940617672	3.5447875673535	3.54660008345439	3.538625	0.00274879222850462		36G1B08	8.9	3	0.125	2023-11-03
C21	0	0.00729948558509831	0	3.35763701205379	3.62204417872383	0.90302880430029	0.902875	0.00221339776971119		36G1B08	9.2	3	0.024	2023-11-03
C22	0.10416130010147	0.00378030452961157	0.0861526425615421	38.0623070277791	8.0455707445631	1.43346110240225	1.439625	0.00134963870142899		36G1B08	9.5	3	0.073	2023-11-03
C23	0	0.00637148367980231	0	-6.65308423611974	5.79366155971464	0.417030960686563	0.416	0.00249261874452781	questionable fit	36G1B08	9.8	3	0.018	2023-11-03
C24	0	0.0000731206259418186	0	2.64555782903569	0.322792819547425	0.980104487786871	0.98225	0.0145228951409216		36G1B08	10.1	3	0.047	2023-11-03
C3	0	0.00669116829436506	0	-0.102216344490051	1.20417064761657	0.611661805037746	0.603250000000001	0.000705799673715542	questionable fit	36G1B08	3.8	3	0.014	2023-11-03
C4	0	0.00812881628341114	0	12.9052801002908	8.6163136303641	1.00209992302447	0.99925	0.00112235977446982		36G1B08	4.1	3	0.033	2023-11-03
C5	0.139105562047769	0.00916082044592612	0.0902388739471196	29.3905878528073	7.68124811670559	2.77131503586871	2.7705	0.00336663496290325		36G1B08	4.4	3	0.116	2023-11-03
C6	0.134748779126781	0.00394367768216729	0.182265785863151	19.2114757782864	3.80294731277968	3.88858320023629	3.908375	0.00422501110350863		36G1B08	4.7	3	0.137	2023-11-03
C7	0.237778933752495	0.00922410394264402	0.199606962005262	16.0813834000891	3.47256014317613	7.59307572097416	7.553875	0.00888034893314363		36G1B08	5	3	0.25	2023-11-03
C8	0.25402358943394	0.00254402447129322	0.344485361993198	13.3347160017936	2.01212375628789	8.85038639040263	8.87375	0.00822051715015625		36G1B08	5.3	3	0.276	2023-11-03
C9	0.13313335227403	0.00436768835897786	0.334647148523821	10.1114272720883	2.07127771330944	5.05821869801762	5.072375	0.0058567405653989		36G1B08	5.6	3	0.141	2023-11-03
D1	0	0.00794523714155262	0	-9.43143880272229	9.33825922853816	0.229049177281437	0.195375	0.00150606643129785	questionable fit (k < n0)	36G1B08	3.2	4	0.00800000000000001	2023-11-03
D10	0.278185893844823	0.00156531734354809	0.438246703288201	11.8074093646211	1.58163695324849	10.1216372272849	10.161125	0.0147434308154586		36G1B08	5.9	4	0.316	2023-11-03
D11	0.478111129996904	0.00615085619784328	0.292272993398972	14.8501696123145	2.37157450813033	15.9260968832777	15.866875	0.0106837668477744		36G1B08	6.2	4	0.49	2023-11-03
D12	0.458441973414897	0.00500292645009539	0.300124982440743	15.0165367335362	2.30952843353119	15.198168282828	15.1415	0.00797990125128924		36G1B08	6.5	4	0.469	2023-11-03
D13	0.429682066918696	0.00436880382603378	0.325407401248488	14.0695531873365	2.13009039714694	14.6537954218903	14.6215	0.00478730609942731		36G1B08	6.8	4	0.435	2023-11-03
D14	0.273868179541931	0.00196278458257812	0.384681301853069	12.8186371393659	1.80187385563309	9.68600283768359	9.689625	0.00609864740777538		36G1B08	7.1	4	0.281	2023-11-03
D15	0.285387147177486	0.00446772908184279	0.354483009782498	11.6823303273576	1.95537490212928	10.4103199479788	10.4365	0.0122810820247209		36G1B08	7.4	4	0.308	2023-11-03
D16	0.25965653355476	0.0040807944183668	0.340872432800805	12.1371713366533	2.0334503874797	9.35311203461262	9.37025	0.00981642420507918		36G1B08	7.7	4	0.276	2023-11-03
D17	0.227195210167535	0.00564240811352156	0.314131242148593	11.684129140089	2.20655282747097	8.27912260222406	8.290125	0.00823398122751681		36G1B08	8	4	0.24	2023-11-03
D18	0.194804607301705	0.00527506712919875	0.282649085766005	12.6713783003652	2.45232415552116	6.9031687713126	6.900125	0.00356085918136783		36G1B08	8.3	4	0.201	2023-11-03
D19	0.141698445823092	0.00517748161076495	0.251332588927359	13.0192405141272	2.75788819714216	4.96482355349565	4.961875	0.00382912544921748		36G1B08	8.6	4	0.149	2023-11-03
D2	0	0	0	0	0	0	0	0	cannot fit data	36G1B08	3.5	4	0.00900000000000001	2023-11-03
D20	0.11733630418836	0.00391323945682763	0.186441542058129	18.0579885232781	3.71777219233596	3.51823489694957	3.510625	0.00250043930515004		36G1B08	8.9	4	0.123	2023-11-03
D21	0	0.00769990301864513	0	3.29364332306373	3.82021443507261	0.922031381071329	0.92175	0.00201062511991525		36G1B08	9.2	4	0.025	2023-11-03
D22	0	0.00478639511504462	0	38.2562253231946	9.82577925215727	1.11842587529104	1.11875	0.00113700347151517		36G1B08	9.5	4	0.052	2023-11-03
D23	0	0.00496907154422014	0	-6.24853056670079	5.28791488023067	0.325223713237379	0.324375	0.000659702667030065	questionable fit	36G1B08	9.8	4	0.00800000000000001	2023-11-03
D24	0	0.0010310405767389	0	0.0915222952313957	0.439098317253078	0.106045987220331	0.105875	0.000848842368414448		36G1B08	10.1	4	0.00700000000000001	2023-11-03
D3	0	0.0069844498586925	0	0.00982065201707633	1.53214113859504	0.653347314308623	0.650000000000001	0.000533426859077452		36G1B08	3.8	4	0.015	2023-11-03
D4	0	0.00757095197890179	0	11.8864110748391	7.60058739410865	1.00394801064675	1.001625	0.00086645457964878		36G1B08	4.1	4	0.032	2023-11-03
D5	0.113196127544121	0.00789859977053465	0.111206714046984	23.2908998669732	6.23296162016888	2.80835151069589	2.80375	0.00289632546771199		36G1B08	4.4	4	0.111	2023-11-03
D6	0.128048068479628	0.00444361225763103	0.176010387280496	18.8944472659853	3.9381038316524	3.73159899940111	3.744375	0.00368323204694554		36G1B08	4.7	4	0.129	2023-11-03
D7	0.233491985198257	0.009257195615953	0.198279718196153	16.0747278952401	3.49580474929984	7.45647091922753	7.42375	0.00800087851145038		36G1B08	5	4	0.244	2023-11-03
D8	0.25061156280866	0.00270831248036184	0.340078087303765	13.2813991229338	2.03820006768272	8.74418656246213	8.766875	0.00812032289783124		36G1B08	5.3	4	0.272	2023-11-03
D9	0.132452525048037	0.00454068890375202	0.337465752991865	9.89215194557239	2.05397784638803	5.06090632362215	5.07525	0.00576485706450431		36G1B08	5.6	4	0.142	2023-11-03
E1	0	0.0134885174507359	0	-106129.444578336	292431.242009618	0.650080406692155	0.65125	0.0381740226440279	questionable fit (k < n0)	04G2A10	3.2	1	0.19	2023-11-03
E10	0.0907301571375063	0.00614573067755095	0.187995188773639	13.9471256705792	3.68704744563729	3.0751160005458	3.048875	0.00670560109162986		04G2A10	5.9	1	0.097	2023-11-03
E11	0.157659422314373	0.0104735551630619	0.12316545246301	21.4576621387505	5.62777277798833	4.17555586920795	4.1245	0.00877797166440503		04G2A10	6.2	1	0.16	2023-11-03
E12	0.163629225407798	0.00588449731415175	0.123255384951528	26.6816477338791	5.62366651025052	3.56356286633981	3.52625	0.00422639398353628		04G2A10	6.5	1	0.156	2023-11-03
E13	0.140078895195828	0.00668971611589518	0.0989662610883549	30.2395941990156	7.00387357203601	2.66827066337802	2.655	0.00272106015423542		04G2A10	6.8	1	0.118	2023-11-03
E14	0.231762514624632	0.00186325619830623	0.114140080464077	42.1877712470984	6.07277634413527	2.20573607339518	2.21625	0.00346693628012962		04G2A10	7.1	1	0.152	2023-11-03
E15	0	0.0103626782473832	0	23.3210119317704	8.68725651066787	1.90021075489044	1.904875	0.00391781990709637		04G2A10	7.4	1	0.064	2023-11-03
E16	0	0.00344783246586033	0	3.40799536169141	1.63934901650064	0.797922149342883	0.799125	0.00496646893505607		04G2A10	7.7	1	0.035	2023-11-03
E17	0.106762813066351	0.00327180022365236	0.133490998058008	25.8754857347091	5.19246384133515	2.39863494916457	2.439375	0.00450397334677976		04G2A10	8	1	0.105	2023-11-03
E18	0.115239189817875	0.000359403157491481	0.167061393533845	34.5214214095734	4.14905661863475	1.64149392799005	1.736875	0.00509798050334079		04G2A10	8.3	1	0.099	2023-11-03
E19	0.163377755596167	0.00362861769485167	0.0750251496399233	50.4464561473216	9.23886435264235	1.28508037349353	1.30875	0.00462289267466614		04G2A10	8.6	1	0.067	2023-11-03
E2	0	0	0	0	0	0	0	0	cannot fit data	04G2A10	3.5	1	0.00700000000000001	2023-11-03
E20	0	0.000050102221362765	0	43.8042696246404	4.14082803238679	0.516254979428592	0.565	0.00205296952221535		04G2A10	8.9	1	0.049	2023-11-03
E21	0.011	0.00714576955386528	0.00263424653482174	4473.56957642418	263.129198955879	0.367285809164107	0.3655	0.00124709356789121		04G2A10	9.2	1	0.011	2023-11-03
E22	0.00700000000000001	0.0018966471521436	0.0140432918843245	1071.03483043911	49.3578846234519	0.130718088005884	0.130375	0.00105518305009413		04G2A10	9.5	1	0.00700000000000001	2023-11-03
E23	0	0.00469698867417815	0	-5.32573315184362	15.4196782725584	0.0805157419982672	0.0681250000000001	0.00074278695713428	questionable fit (k < n0)	04G2A10	9.8	1	0.00600000000000001	2023-11-03
E24	0	0	0	0	0	0	0	0	cannot fit data	04G2A10	10.1	1	0	2023-11-03
E3	0	0	0	0	0	0	0	0	cannot fit data	04G2A10	3.8	1	0.075	2023-11-03
E4	0.00900000000000001	0.00360261121286554	0.00911405026478274	1329.29039215637	76.0525957639612	0.218069566646411	0.217375	0.000843558840353306		04G2A10	4.1	1	0.00900000000000001	2023-11-03
E5	0	0.00401444795418746	0	11.8940359247545	3.8835560323003	1.34021077423116	1.341375	0.00181478059735162		04G2A10	4.4	1	0.042	2023-11-03
E6	0	0.00142420994823569	0	17.8198596611508	3.84804966171109	1.10823827890829	1.120125	0.00246487024884748		04G2A10	4.7	1	0.043	2023-11-03
E7	0.10726227205966	0.0133505610559357	0.0865544281292702	22.5383810834447	8.00822321331406	2.71589476789484	2.69625	0.00543512633785931		04G2A10	5	1	0.105	2023-11-03
E8	0	0.00302352170236447	0	14.6688850389362	3.26103791025722	2.37864799273499	2.37675	0.0028213393024532		04G2A10	5.3	1	0.079	2023-11-03
E9	0.157582635146561	0.00918112466096548	0.171737969272549	16.203590922421	4.03607416284233	4.99149987255663	4.976125	0.00629045869146463		04G2A10	5.6	1	0.166	2023-11-03
F1	0	0.00431418466388685	0	-21.2684418557759	28.7463633770843	0.247365272158845	0.246625	0.000544037875545015	questionable fit	04G2A10	3.2	2	0.00600000000000001	2023-11-03
F10	0.0913688669264277	0.00535394545130337	0.24970478796311	11.1198790088574	2.77586659917128	3.36633994732202	3.361125	0.00341164323604541		04G2A10	5.9	2	0.097	2023-11-03
F11	0.1168632924832	0.00620201606047364	0.20540918141528	14.0285820816075	3.37447029282784	3.96342032055444	3.94925	0.00466834199853936		04G2A10	6.2	2	0.126	2023-11-03
F12	0.128847618509599	0.00602988078771771	0.139315198779735	21.6342095836741	4.97538808853046	3.40176990103713	3.37875	0.00333082178622846		04G2A10	6.5	2	0.128	2023-11-03
F13	0	0.0101047104573729	0	10.2432255474765	5.00492717637997	1.8891407145049	1.8805	0.00447424652558428		04G2A10	6.8	2	0.056	2023-11-03
F14	0	0.000581900781728553	0	6.25339120415104	1.32271098518639	0.670090177580335	0.669125	0.00123747503849497		04G2A10	7.1	2	0.018	2023-11-03
F15	0	0.00483077461963431	0	1.43261614087923	0.679172743857219	1.19565249892463	1.19475	0.0049676355153541		04G2A10	7.4	2	0.039	2023-11-03
F16	0	0.00456914466691647	0	2.0212032526021	1.16697943201714	0.903248331051928	0.903125	0.00274005901930545		04G2A10	7.7	2	0.033	2023-11-03
F17	0	0.00555134047442195	0	2.52269854904817	1.31932962371975	1.19616744756702	1.195375	0.00165534242137307		04G2A10	8	2	0.032	2023-11-03
F18	0	0.00504490771069012	0	3.31059027133671	2.44833087992492	0.783776771063337	0.782625	0.00144575566772542		04G2A10	8.3	2	0.021	2023-11-03
F19	0	0.00114640039382632	0	2.68245149630514	0.748011509231208	0.6776387318971	0.679	0.00285245008849434		04G2A10	8.6	2	0.027	2023-11-03
F2	0	0	0	0	0	0	0	0	cannot fit data	04G2A10	3.5	2	0.00900000000000001	2023-11-03
F20	0.00899999999999999	0.00248448182256266	0.0129603237103911	969.277150228424	53.482242885971	0.166351725610852	0.165625	0.00118699516040598		04G2A10	8.9	2	0.00899999999999999	2023-11-03
F21	0	0.00844067228642894	0	-123.077623699764	28.8943107999502	0.397996150858895	0.39475	0.000980075015784225	questionable fit (k < n0)	04G2A10	9.2	2	0.013	2023-11-03
F22	0	0	0	0	0	0	0	0	cannot fit data	04G2A10	9.5	2	0.00700000000000001	2023-11-03
F23	0	0.00489610658690291	0	-9.57722940447198	12.6428688931898	0.127500645762528	0.11025	0.000843065390647652	questionable fit (k < n0)	04G2A10	9.8	2	0.00700000000000001	2023-11-03
F24	0	0	0	0	0	0	0	0	cannot fit data	04G2A10	10.1	2	0	2023-11-03
F3	0	0.00831936850593446	0	-0.835947707224691	0.861887041646131	0.599330960901036	0.597750000000001	0.000722312317869099	questionable fit	04G2A10	3.8	2	0.014	2023-11-03
F4	0	0.00659392384940738	0	9.96096465957979	6.59301862819474	0.902485559940606	0.902125	0.00124029650923731		04G2A10	4.1	2	0.026	2023-11-03
F5	0	0.00548603413704601	0	11.1225260981866	3.83903198251333	1.68697803153166	1.6905	0.00233762013041554		04G2A10	4.4	2	0.05	2023-11-03
F6	0	0.00259510870238052	0	13.9239341989298	3.35661368435313	1.65364490035581	1.66625	0.00304909414733955		04G2A10	4.7	2	0.052	2023-11-03
F7	0	0.00971047003301291	0	12.1210254094875	4.50528549816613	2.54618265634571	2.53425	0.00531283185090187		04G2A10	5	2	0.082	2023-11-03
F8	0	0.0061588282864441	0	12.2400099512732	3.53287744248479	2.63430574286267	2.627625	0.00361082565092944		04G2A10	5.3	2	0.078	2023-11-03
F9	0.16023502951094	0.0109303548623235	0.161099523536426	16.228758401161	4.3026023003924	5.05914008568004	5.05575	0.00737100437404934		04G2A10	5.6	2	0.17	2023-11-03
G1	0	0.0015082291954182	0	0.174461549623759	0.130993737358674	0.254454304700569	0.254125	0.00079661566329365		04G2A10	3.2	3	0.00700000000000001	2023-11-03
G10	0.0895025468807547	0.00428672685858365	0.288915738306632	10.3478738937166	2.39913264892581	3.37308547405181	3.3745	0.00511601659410443		04G2A10	5.9	3	0.097	2023-11-03
G11	0.0866114024380877	0.00178918915636761	0.323462574998834	11.9296488183575	2.14289761516442	3.13624783291653	3.13775	0.00382882277057359		04G2A10	6.2	3	0.094	2023-11-03
G12	0.108696717547965	0.00679440520953098	0.144611852092457	18.7254023982042	4.79315609703128	3.16629764919152	3.149875	0.00341712173367151		04G2A10	6.5	3	0.113	2023-11-03
G13	0	0.00486049925318046	0	14.0178926194316	4.37155522831221	1.66929741221622	1.659125	0.00224188891671887		04G2A10	6.8	3	0.053	2023-11-03
G14	0	0.00022006582483967	0	4.48220707386799	0.703937084571223	0.803758532219442	0.805125	0.00246023793382406		04G2A10	7.1	3	0.026	2023-11-03
G15	0	0.00439088095545077	0	1.25490873358643	0.642078213281373	1.00057389675984	1	0.0027755887610423		04G2A10	7.4	3	0.031	2023-11-03
G16	0	0.0040313569553193	0	1.99034029270729	0.925586768336347	1.00744250017333	1.007875	0.00396031684777992		04G2A10	7.7	3	0.036	2023-11-03
G17	0	0.00438815139452974	0	2.8685458620842	1.3135174639237	1.09370363513971	1.09325	0.00183620171043676		04G2A10	8	3	0.032	2023-11-03
G18	0	0.00419173447620751	0	3.81994500412007	1.96378084314026	0.889208601840331	0.888875	0.00321169400325771		04G2A10	8.3	3	0.03	2023-11-03
G19	0	0.0013405357376117	0	2.18841286821217	0.635542474860998	0.731445297104148	0.732375	0.00392057994332806		04G2A10	8.6	3	0.026	2023-11-03
G2	0	0	0	0	0	0	0	0	cannot fit data	04G2A10	3.5	3	0.00800000000000001	2023-11-03
G20	0	0	0	0	0	0	0	0	cannot fit data	04G2A10	8.9	3	0.012	2023-11-03
G21	0	0.0124415865144952	0	-31.9154892412506	21.4771098422491	0.475686619846838	0.46025	0.00217291810292886	questionable fit (k < n0)	04G2A10	9.2	3	0.018	2023-11-03
G22	0	0.00740445167930669	0	-14.6482373287463	8.88370659825872	0.267450871203593	0.266	0.000484041747198935	questionable fit (k < n0)	04G2A10	9.5	3	0.00800000000000001	2023-11-03
G23	0	0.00727739219018117	0	-14.8917622293706	19.4234447876838	0.209763794060591	0.180125	0.00172432638493552	questionable fit (k < n0)	04G2A10	9.8	3	0.01	2023-11-03
G24	0	0	0	0	0	0	0	0	cannot fit data	04G2A10	10.1	3	0.003	2023-11-03
G3	0	0.00813334062349796	0	-2.8606502042483	9.34877377540073	0.596040085921204	0.594875	0.000914866881358982	questionable fit	04G2A10	3.8	3	0.016	2023-11-03
G4	0	0.00620653933847683	0	6.93533540275276	4.64028285205716	0.930058484582757	0.92925	0.00162571465104935		04G2A10	4.1	3	0.027	2023-11-03
G5	0	0.0068297300138466	0	9.48731273407232	3.75352540111226	1.74930868796077	1.7515	0.00286140348496722		04G2A10	4.4	3	0.052	2023-11-03
G6	0	0.00719190349466706	0	10.5143155264734	4.08090278694865	1.84269269767173	1.84825	0.00358492266340596		04G2A10	4.7	3	0.058	2023-11-03
G7	0	0.00822648797455092	0	12.4503901315112	4.3297138014746	2.39940890933745	2.3865	0.00514504541183539		04G2A10	5	3	0.077	2023-11-03
G8	0	0.00595034861065231	0	12.3718273291137	3.44477449392577	2.7529352174473	2.746375	0.0035497354678011		04G2A10	5.3	3	0.081	2023-11-03
G9	0.161407117340649	0.00889785073202683	0.172846779558363	16.4389270619743	4.01018278923676	5.07811820609445	5.064125	0.00755996738056179		04G2A10	5.6	3	0.175	2023-11-03
H1	0	0.00637910325806877	0	-19.1988121705686	8.68872692615507	0.256000518161282	0.239875	0.000930059656490082	questionable fit (k < n0)	04G2A10	3.2	4	0.00800000000000001	2023-11-03
H10	0.093380655335661	0.00488254738598946	0.269257348976664	10.7603899938245	2.57429252421266	3.47796613234948	3.477625	0.00524507122694057		04G2A10	5.9	4	0.109	2023-11-03
H11	0.0863897278783251	0.00283786565898517	0.292308052407812	11.5714065161911	2.37129006488301	3.15487726761527	3.15675	0.00287157692860368		04G2A10	6.2	4	0.089	2023-11-03
H12	0.119590400937441	0.00677081215734687	0.137875613978776	20.4036729796997	5.02733703631335	3.29275770012811	3.28075	0.00274006662389808		04G2A10	6.5	4	0.122	2023-11-03
H13	0	0.00928385976261	0	13.6915081576216	6.06313461129937	1.77305794991673	1.76175	0.00405335371622931		04G2A10	6.8	4	0.066	2023-11-03
H14	0	0.000101660467295868	0	3.97430737871205	0.538705240911936	0.752116920107037	0.75275	0.00225852950120785		04G2A10	7.1	4	0.023	2023-11-03
H15	0	0.00461757564343062	0	1.09504570709116	0.614311674030749	0.961284705476339	0.960625	0.00257712306494719		04G2A10	7.4	4	0.034	2023-11-03
H16	0	0.00317305406234449	0	1.86806775206102	0.796192359311848	0.890690053740613	0.89125	0.00379624467088219		04G2A10	7.7	4	0.029	2023-11-03
H17	0	0.00824477717361906	0	3.65661863496361	3.2997430268593	1.1118608188225	1.109875	0.00149234638641952		04G2A10	8	4	0.032	2023-11-03
H18	0	0.00273783430598416	0	3.27427117604328	1.14234764786497	1.01517755662177	1.016625	0.00471022737340682		04G2A10	8.3	4	0.032	2023-11-03
H19	0	0.00181704933849666	0	2.14655846956096	0.704440733671978	0.773513048964091	0.774125	0.00327809567715512		04G2A10	8.6	4	0.027	2023-11-03
H2	0	0	0	0	0	0	0	0	cannot fit data	04G2A10	3.5	4	0.00800000000000001	2023-11-03
H20	0	0.00000493604666138352	0	3.49338743363263	0.346632679002458	0.238778113397169	0.243	0.00387160114552619		04G2A10	8.9	4	0.016	2023-11-03
H21	0	0	0	0	0	0	0	0	cannot fit data	04G2A10	9.2	4	0.019	2023-11-03
H22	0	0.00699879471954665	0	-2.92670839177464	0.234070721529123	0.337432648506108	0.328625	0.000664909841662157	questionable fit	04G2A10	9.5	4	0.00800000000000001	2023-11-03
H23	0	0.00882250817734111	0	-10.8528706500337	8.9940722624588	0.277177799308973	0.24625	0.00191350652813975	questionable fit (k < n0)	04G2A10	9.8	4	0.01	2023-11-03
H24	0	0	0	0	0	0	0	0	cannot fit data	04G2A10	10.1	4	0.002	2023-11-03
H3	0	0.011477330683134	0	-81.2774387584047	17.7165571147619	0.540415805066068	0.53625	0.000768902197477402	questionable fit (k < n0)	04G2A10	3.8	4	0.013	2023-11-03
H4	0	0.00539977502003454	0	8.0614881345913	5.48994585622801	0.767894806082381	0.767375	0.00108555904787754		04G2A10	4.1	4	0.022	2023-11-03
H5	0	0.00500438216854726	0	11.4283795418557	3.67597926783289	1.74409101709116	1.74975	0.00253825362781975		04G2A10	4.4	4	0.052	2023-11-03
H6	0	0.00386207134470098	0	11.7065527421912	3.31748614761124	1.74866256899744	1.757875	0.00292589819393662		04G2A10	4.7	4	0.053	2023-11-03
H7	0	0.0103045523524463	0	11.458615622664	4.45561868981602	2.55980157950525	2.546875	0.00575398128910094		04G2A10	5	4	0.083	2023-11-03
H8	0	0.00470802630705072	0	11.4711444760598	2.87438506872026	2.90238969069392	2.907375	0.0027724296296874		04G2A10	5.3	4	0.087	2023-11-03
H9	0.148906388323604	0.00700247604587729	0.209820868815935	14.3402625491107	3.30351877995514	5.00903270383	5.0105	0.00606025746101975		04G2A10	5.6	4	0.153	2023-11-03
I1	0	0	0	0	0	0	0	0	cannot fit data	24G4A05	3.2	1	0.003	2023-11-03
I10	0	0.0028731050614527	0	3.09810106867086	1.66650432199484	0.591944663019423	0.591375	0.00184749318878693		24G4A05	5.9	1	0.017	2023-11-03
I11	0	0.000113560481238081	0	9.82306846789014	1.29356361412328	0.846149231672283	0.85275	0.0042411404675553		24G4A05	6.2	1	0.033	2023-11-03
I12	0	0.000652178176105843	0	9.31162579911263	2.0518191138965	0.612755577054901	0.61375	0.0018978746357581		24G4A05	6.5	1	0.02	2023-11-03
I13	0	0.00200861911837428	0	19.1702094241581	4.77934785686125	0.987824261247278	0.982625	0.00154203979034171		24G4A05	6.8	1	0.037	2023-11-03
I14	0	0.00203436001397094	0	19.7765690750072	6.94620856107661	0.461748329302451	0.46025	0.000989716565517266		24G4A05	7.1	1	0.016	2023-11-03
I15	0	0.00668365324724517	0	14.2985592723941	13.9151327604103	0.594966512635808	0.594125	0.00120155886448654		24G4A05	7.4	1	0.019	2023-11-03
I16	0	0.00502027002211402	0	15.2604021581408	14.6845549213722	0.438706759157449	0.438	0.00101290386773285		24G4A05	7.7	1	0.014	2023-11-03
I17	0.013	0.00788228285747854	0.00405812686228169	2693.87492285978	170.804709680816	0.419673501867563	0.418375	0.00140573502980368		24G4A05	8	1	0.013	2023-11-03
I18	0	0.00352780698635138	0	-1.01735458156153	1.43808320226766	0.268563066984685	0.267875	0.00133999484500639	questionable fit	24G4A05	8.3	1	0.01	2023-11-03
I19	0	0.0013160203276752	0	0.871591986218902	0.673660037800126	0.213504387451912	0.2135	0.00224285278070983		24G4A05	8.6	1	0.012	2023-11-03
I2	0	0.00435524100159435	0	-327.823881935413	90.6622043260115	0.206949517636826	0.202625	0.000438382255623654	questionable fit (k < n0)	24G4A05	3.5	1	0.00600000000000001	2023-11-03
I20	0	0.00000384584716454343	0	11.3357817369801	1.29779387174386	0.0605358208299319	0.0618750000000001	0.00131423825753248		24G4A05	8.9	1	0.00700000000000001	2023-11-03
I21	0	0.00530186634695131	0	-175.453692353623	42.4363063621099	0.250932894326851	0.23775	0.000930099386598522	questionable fit (k < n0)	24G4A05	9.2	1	0.00800000000000001	2023-11-03
I22	0	0.00600000000000001	0	-22.3502975238531	14.1014677089734	0.223236756125143	0.2215	0.000426250324871583	questionable fit (k < n0)	24G4A05	9.5	1	0.00600000000000001	2023-11-03
I23	0	0	0	0	0	0	0	0	cannot fit data	24G4A05	9.8	1	0.00600000000000001	2023-11-03
I24	0	0	0	0	0	0	0	0	cannot fit data	24G4A05	10.1	1	0	2023-11-03
I3	0	0.00354186215757999	0	0.229922160325145	0.342372782393966	0.438356861268236	0.43775	0.00154746688308531		24G4A05	3.8	1	0.012	2023-11-03
I4	0	0.00208653943788346	0	3.71118453210447	2.04501246050673	0.412480386936465	0.411375	0.000826696061264433		24G4A05	4.1	1	0.012	2023-11-03
I5	0.218187760638804	0.00590372655950976	0.0375721133881393	95.3457515836042	18.4484480124761	0.753101278528637	0.751125	0.00147664120802994		24G4A05	4.4	1	0.034	2023-11-03
I6	0	0.0072408335963667	0	25.078103155548	9.93528203476406	1.14569422185874	1.144	0.00199708090463038		24G4A05	4.7	1	0.041	2023-11-03
I7	0	0.00642535222458502	0	10.1193911052782	5.00354172780739	1.188431795473	1.1895	0.00176165170859747		24G4A05	5	1	0.034	2023-11-03
I8	0	0.00593348925831101	0	8.12005726392784	3.91705761807941	1.2014991183595	1.202625	0.00190375493428462		24G4A05	5.3	1	0.035	2023-11-03
I9	0.118005994156776	0.0028506862788749	0.198693417479048	18.6152213926856	3.48852613918646	3.47887396197505	3.46575	0.003566702971023		24G4A05	5.6	1	0.122	2023-11-03
J1	0	0.0025797133145875	0	-8.56759873936328	12.1088589498225	0.0640691117386756	0.0591250000000001	0.000273200005055201	questionable fit (k < n0)	24G4A05	3.2	2	0.003	2023-11-03
J10	0	0.00212501514950187	0	3.18399679832409	1.41335246014591	0.54687874337831	0.5465	0.00177554661462937		24G4A05	5.9	2	0.017	2023-11-03
J11	0	0.000408371189403083	0	7.91879996192807	1.44810787907471	0.743962056040777	0.747375	0.00374917986956559		24G4A05	6.2	2	0.028	2023-11-03
J12	0	0.00177994930959577	0	8.40802145042524	2.80418732045499	0.629258986979102	0.63175	0.00218096059842354		24G4A05	6.5	2	0.021	2023-11-03
J13	0	0.00268762035320893	0	21.1793148000564	5.65199051117997	1.03658442591344	1.036375	0.00197202719426973		24G4A05	6.8	2	0.041	2023-11-03
J14	0	0.00279587715167219	0	24.3950320936335	9.01762822121614	0.5023843236909	0.50175	0.00125540688255306		24G4A05	7.1	2	0.018	2023-11-03
J15	0	0.00655616564536791	0	25.8661670160441	19.8315477494941	0.532305142153524	0.5315	0.001603662120358		24G4A05	7.4	2	0.016	2023-11-03
J16	0.013	0.00573570249027169	0.00936792336707279	1440.3207186399	73.9915511047284	0.349477188972302	0.348875	0.00141532742678286		24G4A05	7.7	2	0.013	2023-11-03
J17	0.011	0.00682901504621041	0.00599156246355309	1706.29454241286	115.687215943485	0.381654403946321	0.3805	0.0014246079977847		24G4A05	8	2	0.011	2023-11-03
J18	0	0.00338504771088238	0	-0.835809717495567	1.11909365898355	0.256334153078898	0.25575	0.00157844650917724	questionable fit	24G4A05	8.3	2	0.011	2023-11-03
J19	0	0.00135445170151306	0	0.932049242357927	0.774116548396206	0.209735967301794	0.20975	0.00203626943523171		24G4A05	8.6	2	0.00900000000000001	2023-11-03
J2	0	0.00484960304701601	0	-103.564402057856	41.2113658082655	0.219342738074454	0.211375	0.000536876849836974	questionable fit (k < n0)	24G4A05	3.5	2	0.00600000000000001	2023-11-03
J20	0	0.00000000772500859285384	0	19.2868488758593	1.26643245848622	0.00858113374113802	0.00875000000000001	0.000549276485861676		24G4A05	8.9	2	0.004	2023-11-03
J21	0	0.00574733395181646	0	-0.909100530440838	0.252369340106817	0.299681622299902	0.298625	0.00123279088668864	questionable fit	24G4A05	9.2	2	0.01	2023-11-03
J22	0	0.00670165100141947	0	-18.5261258310759	14.1347950204438	0.231760289758673	0.20825	0.000780894156652196	questionable fit (k < n0)	24G4A05	9.5	2	0.00700000000000001	2023-11-03
J23	0	0	0	0	0	0	0	0	cannot fit data	24G4A05	9.8	2	0.01	2023-11-03
J24	0	0	0	0	0	0	0	0	cannot fit data	24G4A05	10.1	2	0	2023-11-03
J3	0	0.00421453960447473	0	0.201859828411424	0.411595420767238	0.483293135183089	0.482375	0.00118413598431088		24G4A05	3.8	2	0.013	2023-11-03
J4	0	0.0034887930969434	0	4.14130818596152	4.45593959965415	0.419074969574114	0.418	0.000931983367381858		24G4A05	4.1	2	0.013	2023-11-03
J5	0.03	0.00536791785860856	0.0354016787627206	453.20593976668	19.5795003170826	0.683815683596389	0.683	0.00185379461942274		24G4A05	4.4	2	0.03	2023-11-03
J6	0	0.00659233036588005	0	30.1402605308585	10.4387233281788	1.11415444891972	1.11425	0.00182619706263656		24G4A05	4.7	2	0.044	2023-11-03
J7	0	0.00593440086375171	0	12.8577475917031	5.46285819327611	1.23403969015437	1.236625	0.00238248238015625		24G4A05	5	2	0.039	2023-11-03
J8	0	0.00594609253603594	0	9.73261395447954	4.39693607442956	1.24871169629694	1.25	0.00188512989953881		24G4A05	5.3	2	0.037	2023-11-03
J9	0.115220574157594	0.003750592084546	0.186430119041929	18.1936354290702	3.71799998906857	3.43973466198157	3.453125	0.00351594024589938		24G4A05	5.6	2	0.118	2023-11-03
K1	0	0.174656206659297	0	-1.35826696709957	163.963946632803	0.875413048845848	0.513375	0.0288217480558366	questionable fit (k < n0)	24G4A05	3.2	3	0.214	2023-11-03
K10	0	0.0000000000000104921386922995	0	28.5445127195718	0.740177834661474	0.0838480125694973	0.0847500000000001	0.00144949210336925		24G4A05	5.9	3	0.00700000000000001	2023-11-03
K11	0	0.000176239655323935	0	8.7705273819028	1.28721738075208	0.788359213589103	0.792625	0.00427544572291456		24G4A05	6.2	3	0.03	2023-11-03
K12	0	0.00000000000000900126781098336	0	27.8216824935386	0.703330308767581	0.148400592224	0.1655	0.00147909423184805		24G4A05	6.5	3	0.012	2023-11-03
K13	0	0.00391893291698292	0	25.5370031090279	7.45345931566213	1.05646729494103	1.0565	0.00195558761396171		24G4A05	6.8	3	0.042	2023-11-03
K14	0	0	0	0	0	0	0	0	cannot fit data	24G4A05	7.1	3	0	2023-11-03
K15	0	0.00510761877703179	0	21.9714895807736	14.9396066659846	0.485110432136869	0.48475	0.0012677703949223		24G4A05	7.4	3	0.016	2023-11-03
K16	0	0.001	0	-0.920659265380461	2.79180429637919	0.0111569796414496	0.011	0.000414951426636838	questionable fit (k < n0)	24G4A05	7.7	3	0.001	2023-11-03
K17	0	0	0	0	0	0	0	0	cannot fit data	24G4A05	8	3	0.01	2023-11-03
K18	0	0	0	0	0	0	0	0	cannot fit data	24G4A05	8.3	3	0.001	2023-11-03
K19	0	0.00000000000000754456513823579	0	1.15079149083954	0.0300420664384442	0.120638540444641	0.121	0.00167997006223025		24G4A05	8.6	3	0.00600000000000001	2023-11-03
K2	0	0.0189486309444524	0	-3.3322866768726	42.6015688109713	0.19420487659136	0.1465	0.00481287142858278	questionable fit (k < n0)	24G4A05	3.5	3	0.03	2023-11-03
K20	0	0	0	0	0	0	0	0	cannot fit data	24G4A05	8.9	3	0	2023-11-03
K21	0	0.0058477021066182	0	-8.29802332439904	1.57670111239614	0.288877428902674	0.27525	0.00114931827030111	questionable fit	24G4A05	9.2	3	0.00900000000000001	2023-11-03
K22	0	0.00488973805469307	0	-3.80657603362658	0.695805111412404	0.240911687682501	0.225125	0.000561460250169534	questionable fit	24G4A05	9.5	3	0.005	2023-11-03
K23	0	0	0	0	0	0	0	0	cannot fit data	24G4A05	9.8	3	0.00900000000000001	2023-11-03
K24	0	0	0	0	0	0	0	0	cannot fit data	24G4A05	10.1	3	0	2023-11-03
K3	0	0.00486033904105423	0	-1.10322813448262	0.932036558899656	0.33399935325785	0.318375	0.000874589977795608	questionable fit	24G4A05	3.8	3	0.00900000000000001	2023-11-03
K4	0	0	0	0	0	0	0	0	cannot fit data	24G4A05	4.1	3	0	2023-11-03
K5	0	0.00505639194766908	0	22.7922979195312	12.2225439791853	0.583991100736944	0.581875	0.00158435007309102		24G4A05	4.4	3	0.023	2023-11-03
K6	0	0	0	0	0	0	0	0	cannot fit data	24G4A05	4.7	3	0	2023-11-03
K7	0	0.00681439544660179	0	12.8408498095945	6.43017580520002	1.13924595263825	1.1395	0.00155589223126922		24G4A05	5	3	0.036	2023-11-03
K8	0	0	0	0	0	0	0	0	cannot fit data	24G4A05	5.3	3	0.001	2023-11-03
K9	0.112730026915333	0.00301597498883428	0.188738781092641	19.0419492757202	3.67252123038624	3.2737488206409	3.2785	0.00283805759543552		24G4A05	5.6	3	0.116	2023-11-03
L1	0	0.0088718938732654	0	-2.52709675397601	73382.4272376563	0.0672530950667969	0.0435	0.00229249954304153	questionable fit (k < n0)	24G4A05	3.2	4	0.014	2023-11-03
L10	0	0.00208847818153319	0	2.78559643396426	1.13156237248798	0.613698178311017	0.6135	0.00229219023617782		24G4A05	5.9	4	0.023	2023-11-03
L11	0	0.000995424236279349	0	7.98654344022936	1.83116647706777	0.860262741928747	0.8655	0.00436819643192814		24G4A05	6.2	4	0.032	2023-11-03
L12	0	0.00270674462460375	0	6.45708147507541	2.74816686906781	0.677221436114985	0.677125	0.00270689393754692		24G4A05	6.5	4	0.023	2023-11-03
L13	0	0.0033114389618338	0	34.1635130947713	7.52910313806563	1.30095475984176	1.292375	0.00169916343311922		24G4A05	6.8	4	0.066	2023-11-03
L14	0	0.00250620776684353	0	38.5949211466233	10.0492381315157	0.563020717134363	0.56225	0.00107210237328966		24G4A05	7.1	4	0.025	2023-11-03
L15	0	0.0046990012302584	0	18.5263720037355	11.5495833797048	0.522698624441476	0.523125	0.00162566999389408		24G4A05	7.4	4	0.017	2023-11-03
L16	0	0.00342063395151143	0	27.9586070945169	15.4726119524492	0.341731517564985	0.341875	0.00144497396617142		24G4A05	7.7	4	0.013	2023-11-03
L17	0	0.00810299505994221	0	-24.7201769071117	8.59225871379583	0.349887720237397	0.346	0.00184314804531959	questionable fit (k < n0)	24G4A05	8	4	0.011	2023-11-03
L18	0	0.00106182579096886	0	0.517423472671125	0.321149326187157	0.204761316239891	0.204625	0.00161152410748375		24G4A05	8.3	4	0.00900000000000001	2023-11-03
L19	0	0.000796238835102206	0	0.141934251179896	0.238034471616004	0.0957768788537156	0.0807500000000001	0.00164436047854096		24G4A05	8.6	4	0.00700000000000001	2023-11-03
L2	0	0	0	0	0	0	0	0	cannot fit data	24G4A05	3.5	4	0.00600000000000001	2023-11-03
L20	0	0.00116206365352436	0	-233.024645480193	81.9915562983994	0.054453055442072	0.05375	0.00127072097295605	questionable fit (k < n0)	24G4A05	8.9	4	0.005	2023-11-03
L21	0	0	0	0	0	0	0	0	cannot fit data	24G4A05	9.2	4	0.01	2023-11-03
L22	0	0	0	0	0	0	0	0	cannot fit data	24G4A05	9.5	4	0.00800000000000001	2023-11-03
L23	0	0.00544353347156949	0	-20.604226051665	10.7597304496193	0.211209345047459	0.1795	0.00124444368804601	questionable fit (k < n0)	24G4A05	9.8	4	0.00700000000000001	2023-11-03
L24	0	0	0	0	0	0	0	0	cannot fit data	24G4A05	10.1	4	0.003	2023-11-03
L3	0	0.00436843120073285	0	0.206157423950907	0.416595021751895	0.501762373168385	0.501	0.00118897310951825		24G4A05	3.8	4	0.013	2023-11-03
L4	0	0.00417810402112979	0	1.80874249652128	1.62023265778708	0.602367650605261	0.601375	0.000830151076013275		24G4A05	4.1	4	0.015	2023-11-03
L5	0.039	0.00776617523441585	0.0293633495467076	608.613558038937	23.6058621124736	0.8247572777713	0.826625	0.00253120166562006		24G4A05	4.4	4	0.039	2023-11-03
L6	0	0.00695279471715362	0	42.0714153648457	12.6014440515975	1.09842708887107	1.096625	0.00192879524666324		24G4A05	4.7	4	0.045	2023-11-03
L7	0	0.00346083443951407	0	15.7836372795525	5.01395935376877	1.08314833507032	1.087125	0.00154488249495416		24G4A05	5	4	0.033	2023-11-03
L8	0	0.004663164911419	0	10.3383986893767	4.18567514493539	1.12464264729029	1.125875	0.00170733382828792		24G4A05	5.3	4	0.033	2023-11-03
L9	0.114784392090488	0.00317893384990916	0.194680362622058	18.278289790182	3.56043707348945	3.42026451763967	3.435	0.00323799415437325		24G4A05	5.6	4	0.117	2023-11-03
M1	0	0.00737022037991605	0	-0.109643628159118	1.12379979545733	0.672071562223603	0.670625	0.000835957863932584	questionable fit	24G4A10	3.2	1	0.016	2023-11-03
M10	0.342976038759521	0.00737584585721711	0.371753956538215	10.269453476134	1.86453208733689	12.9908317809323	13.0265	0.0194561726648609		24G4A10	5.9	1	0.366	2023-11-03
M11	0.515963094273256	0.00427955386195145	0.359064594660973	13.3231113667169	1.93042475049486	17.9856607727064	18.00825	0.00723361199907302		24G4A10	6.2	1	0.523	2023-11-03
M12	0.512170983729166	0.00475620364197679	0.319596975387486	14.6117746399887	2.16881645929083	17.1904164445568	17.220375	0.00455119956962437		24G4A10	6.5	1	0.517	2023-11-03
M13	0.482792789980712	0.00487253100167807	0.295409809216038	15.5236225688126	2.34639188996272	15.7617261782824	15.79375	0.00655669307863139		24G4A10	6.8	1	0.493	2023-11-03
M14	0.399748976217727	0.0133056972963543	0.210302924241107	16.0187634197748	3.29594646893864	12.8041408847571	12.7705	0.00859496538737163		24G4A10	7.1	1	0.415	2023-11-03
M15	0.25678113529052	0.00767293271522981	0.254642179519257	13.6669755694623	2.722043857261	8.83820299897659	8.904875	0.0189034931467088		24G4A10	7.4	1	0.287	2023-11-03
M16	0.216433874109289	0.00749346732924189	0.268004563655206	12.4177641331146	2.58632603529728	7.71710944768037	7.77825	0.0113477189721094		24G4A10	7.7	1	0.231	2023-11-03
M17	0.163824347308978	0.0141370253213977	0.211179532805332	11.1741479015669	3.28226495888168	5.99681186522411	6.020125	0.00934459420830866		24G4A10	8	1	0.172	2023-11-03
M18	0.160982085472731	0.0141700120482377	0.183403903236937	12.7479590761389	3.7793480309112	5.62834319279985	5.651875	0.00650517369911739		24G4A10	8.3	1	0.159	2023-11-03
M19	0.109439477094432	0.0188362781736552	0.0986082999924784	15.9287283145333	7.02929855410566	3.36773978863488	3.370875	0.00513325117748982		24G4A10	8.6	1	0.106	2023-11-03
M2	0	0.0112426147988799	0	-0.257426209235786	0.849002499843519	0.96636827799552	0.96425	0.000933415835166544	questionable fit	24G4A10	3.5	1	0.022	2023-11-03
M20	0.094	0.0213408033836566	0.0307354331121686	566.854978126541	22.5520550834704	2.36071656033181	2.365875	0.00484666540403884		24G4A10	8.9	1	0.094	2023-11-03
M21	0.086	0.0260334090663158	0.0243774607773965	690.842931073599	28.4339368603416	2.39055470948885	2.39375	0.00550194118359728		24G4A10	9.2	1	0.086	2023-11-03
M22	0.091	0.0286259196038846	0.0225187432174631	766.835053469088	30.7808998870956	2.49276617069733	2.496125	0.00672777862677177		24G4A10	9.5	1	0.091	2023-11-03
M23	0.09	0.0234507493118792	0.027132669674321	633.557235653683	25.5465897340709	2.33229727099487	2.336875	0.00692171349048485		24G4A10	9.8	1	0.09	2023-11-03
M24	0.08	0.015967141395516	0.0310148808276161	579.61405364162	22.3488584209795	1.7810886177362	1.793375	0.00656000738552236		24G4A10	10.1	1	0.08	2023-11-03
M3	0.0953082192821814	0.00670293570253616	0.273788887852735	9.42933044205535	2.53168485396228	3.67023642079883	3.6865	0.00408508571688777		24G4A10	3.8	1	0.099	2023-11-03
M4	0.253703999900448	0.011646716006602	0.26987071641956	11.242976623313	2.56844162181098	9.33320782622901	9.339125	0.00327143133402397		24G4A10	4.1	1	0.254	2023-11-03
M5	0.274458200381211	0.00870344750574022	0.307144453583762	11.1310969471756	2.25674653236386	10.1463749237947	10.157125	0.00382707591776874		24G4A10	4.4	1	0.278	2023-11-03
M6	0.296877826170672	0.0105094150919149	0.330639781709942	9.9957953776395	2.09638167849995	11.3110247477943	11.329875	0.00591224662677736		24G4A10	4.7	1	0.301	2023-11-03
M7	0.30593043720342	0.0107903462548884	0.315931991031638	10.4731345764586	2.19397591961661	11.5084766658293	11.520875	0.00645759579647352		24G4A10	5	1	0.313	2023-11-03
M8	0.332197297267269	0.012482393637695	0.323481525855848	10.0256437257198	2.14277207554916	12.6436598201912	12.670625	0.0109799311330503		24G4A10	5.3	1	0.345	2023-11-03
M9	0.245779328733835	0.0213345269242064	0.226508020893146	10.3894910798343	3.06014408596566	9.19587897638239	9.18675	0.00374051577413484		24G4A10	5.6	1	0.248	2023-11-03
N1	0	0.005744129736658	0	0.494082975600637	0.569691663122592	0.768167590641312	0.767	0.00100492223415547		24G4A10	3.2	2	0.018	2023-11-03
N10	0.337396721469574	0.00748303106050915	0.357486619309154	10.5911464643193	1.93894580417991	12.6695305531518	12.711375	0.0186688555534941		24G4A10	5.9	2	0.358	2023-11-03
N11	0.52220811968729	0.00426206608882979	0.357598917503203	13.423186755242	1.93833690940559	18.1512385580545	18.183125	0.00876031173908719		24G4A10	6.2	2	0.532	2023-11-03
N12	0.511260967218089	0.00475253265604713	0.310213501010305	15.0504839224812	2.23441977316429	16.935132364118	16.979	0.00628081132371537		24G4A10	6.5	2	0.514	2023-11-03
N13	0.485137644461123	0.00533736919616085	0.289710516710087	15.5280419348206	2.39255097961658	15.8342920719396	15.8675	0.00655309638765603		24G4A10	6.8	2	0.493	2023-11-03
N14	0.402971708447135	0.0134781668485602	0.204840626187632	16.4214308496437	3.38383646574595	12.7437679094616	12.703375	0.00873671012451765		24G4A10	7.1	2	0.417	2023-11-03
N15	0.244763674785507	0.00904013636865354	0.25099707803061	12.9921249969393	2.76157470038521	8.58220728734815	8.638125	0.0170349539634903		24G4A10	7.4	2	0.27	2023-11-03
N16	0.206229411405151	0.0058326526781486	0.285139487806526	12.4038495003381	2.430905610065	7.36246930092429	7.4245	0.0114258566820071		24G4A10	7.7	2	0.213	2023-11-03
N17	0.161157790989392	0.00994269880355221	0.253820033956617	10.723601045791	2.7308607983183	5.99998884885938	6.03625	0.0109484879596101		24G4A10	8	2	0.178	2023-11-03
N18	0.145763775471664	0.0155687911295555	0.163190499030403	13.0140227348151	4.24747264502703	5.0314960883031	5.027	0.00491433767094837		24G4A10	8.3	2	0.147	2023-11-03
N19	0.109455174595615	0.0177755254547993	0.106656410917907	15.3809590547715	6.49887966972241	3.44137086933118	3.444	0.00568282716335479		24G4A10	8.6	2	0.108	2023-11-03
N2	0	0.0107540733961011	0	-0.513099820624286	1.054965599061	0.873327825227168	0.87125	0.000687689608035799	questionable fit	24G4A10	3.5	2	0.019	2023-11-03
N20	0.082	0.0189504678878803	0.0299078714711292	571.311809801004	23.1760786196054	2.04527522736144	2.05075	0.00531482256096365		24G4A10	8.9	2	0.082	2023-11-03
N21	0.083	0.0294843484515988	0.0201193039098877	829.670589060823	34.4518470253484	2.39977009096218	2.401375	0.00712070901905225		24G4A10	9.2	2	0.083	2023-11-03
N22	0.088	0.0277718054072102	0.0222239186923995	736.485713805975	31.1892421023391	2.39825796541531	2.400875	0.00786495388768923		24G4A10	9.5	2	0.088	2023-11-03
N23	0.084	0.0233793581230089	0.02545028459508	646.421413543916	27.2353410418815	2.21424425713839	2.217625	0.00697978930138344		24G4A10	9.8	2	0.084	2023-11-03
N24	0.068	0.0176654307450548	0.0245155299869625	669.915121512463	28.2737995437408	1.62860063830663	1.631625	0.00809711300382869		24G4A10	10.1	2	0.068	2023-11-03
N3	0.0967061969407095	0.0065237966030462	0.288799164740497	9.09413219610589	2.40010105701926	3.75885315524877	3.775875	0.00420341662178638		24G4A10	3.8	2	0.101	2023-11-03
N4	0.23911365713713	0.00851364870956714	0.289409735899994	11.3991121545907	2.39503753529378	8.77078981152735	8.778625	0.00452140455808365		24G4A10	4.1	2	0.243	2023-11-03
N5	0.283794064071628	0.00985071547626557	0.313154547120963	10.6189652007346	2.21343482613459	10.6346064309946	10.64425	0.00427985233363941		24G4A10	4.4	2	0.287	2023-11-03
N6	0.29360924408841	0.00930233459199613	0.333910284523498	10.241639986406	2.07584855180215	11.1180049719801	11.136625	0.00658237123517692		24G4A10	4.7	2	0.3	2023-11-03
N7	0.319373950580333	0.0123645954117378	0.31691742042866	10.1352618472153	2.18715392679392	12.1186092473184	12.1415	0.0078180424301016		24G4A10	5	2	0.327	2023-11-03
N8	0.324860786212084	0.00983221154693577	0.340359049010669	10.1863002315183	2.03651756160071	12.3213628031828	12.355375	0.0113960919273995		24G4A10	5.3	2	0.338	2023-11-03
N9	0.216668184197673	0.0148289753654815	0.258448607647618	10.1021566591516	2.68195362656013	8.19622322143851	8.18275	0.00417153923447287		24G4A10	5.6	2	0.219	2023-11-03
O1	0	0.00534231675624553	0	0.238488391324665	0.407394112795032	0.636733877395373	0.635625	0.000700326641896027		24G4A10	3.2	3	0.015	2023-11-03
O10	0.356304585913741	0.00764223336214394	0.353573753659159	10.8051405338086	1.96040337662657	13.3037948666832	13.3575	0.0210792205478212		24G4A10	5.9	3	0.381	2023-11-03
O11	0.52377667105096	0.0033250793605246	0.37552285520158	13.4564468410075	1.84581889213604	18.191456248944	18.256375	0.0120138763072038		24G4A10	6.2	3	0.536	2023-11-03
O12	0.5230436819795	0.00354339148654174	0.334473148510903	14.9123571693747	2.0723552358265	17.402754012682	17.429625	0.00569313585177117		24G4A10	6.5	3	0.528	2023-11-03
O13	0.489551860034933	0.00422982417171595	0.307478162590847	15.4243546822222	2.25429726364762	16.0339404001444	16.075	0.00701392997268992		24G4A10	6.8	3	0.499	2023-11-03
O14	0.385847452735145	0.0108770298045577	0.214953711006769	16.4695641951967	3.22463463093279	12.1955567196248	12.1515	0.00902457171788939		24G4A10	7.1	3	0.399	2023-11-03
O15	0.261561078991726	0.00778753917704669	0.247483081123134	14.077396172392	2.80078612814374	8.89466228486867	8.981	0.0198462520686049		24G4A10	7.4	3	0.292	2023-11-03
O16	0.198975274212655	0.00599557277760297	0.277850613983394	12.4943531101981	2.49467572024646	7.08360544030512	7.145625	0.0111893993459421		24G4A10	7.7	3	0.207	2023-11-03
O17	0.163493277423985	0.00872192836760933	0.243244909410635	11.8239206355117	2.84958555654624	5.91126447145292	5.944375	0.00891115432748172		24G4A10	8	3	0.167	2023-11-03
O18	0.143871281816807	0.0110964264127484	0.170625769246371	14.5466407363628	4.06238274336565	4.77745118758058	4.796125	0.0102766475268545		24G4A10	8.3	3	0.142	2023-11-03
O19	0.126675415873918	0.0200330360475958	0.0784191424403078	21.3225779679554	8.83900485251499	3.31241487398118	3.30975	0.00591949972261649		24G4A10	8.6	3	0.111	2023-11-03
O2	0	0.00600117342424405	0	0.279239604816384	0.673607078350356	0.663341001212975	0.647500000000001	0.00114942613706751		24G4A10	3.5	3	0.015	2023-11-03
O20	0.09	0.0186665493906409	0.0326165124759764	501.651710609034	21.2514192334475	2.18480969820034	2.186	0.00533825713559337		24G4A10	8.9	3	0.09	2023-11-03
O21	0.09	0.0301609055123672	0.0218787110873476	754.649832043108	31.6813535218164	2.57925489360617	2.5775	0.00603409568332883		24G4A10	9.2	3	0.09	2023-11-03
O22	0.081	0.0287980484217472	0.0194018537988822	799.684233457751	35.7258222716779	2.29750560671299	2.29725	0.00731114650045821		24G4A10	9.5	3	0.081	2023-11-03
O23	0.088	0.0272087563479743	0.0236243362727485	670.785167234177	29.3403874952253	2.44515114999213	2.444625	0.00763994700934662		24G4A10	9.8	3	0.088	2023-11-03
O24	0.081	0.015494455832911	0.0327177160355831	521.509325401321	21.185683615754	1.81908276476196	1.831875	0.00903878725332449		24G4A10	10.1	3	0.081	2023-11-03
O3	0.0989055200012017	0.00832820593739373	0.239176055919402	9.97823848442287	2.89806259199091	3.74448021760897	3.75375	0.00389521599816587		24G4A10	3.8	3	0.107	2023-11-03
O4	0.244158382773966	0.00974473806746678	0.287886092792497	11.0472853427034	2.40771332104449	9.03777557079941	9.041	0.00343560167876763		24G4A10	4.1	3	0.245	2023-11-03
O5	0.278729381337603	0.00875695422553595	0.324046769021135	10.58017547588	2.13903438276447	10.4596136492228	10.472	0.00579221373885461		24G4A10	4.4	3	0.285	2023-11-03
O6	0.291714121690172	0.00917829932701098	0.334058309357625	10.2585785846437	2.07492872095542	11.0415120341832	11.064125	0.00744608570045736		24G4A10	4.7	3	0.3	2023-11-03
O7	0.324075815928687	0.00988737871015005	0.34353665391732	10.068019872028	2.01768042116043	12.3299555231901	12.35825	0.00881815982358769		24G4A10	5	3	0.333	2023-11-03
O8	0.329439474411123	0.00939026982553939	0.343429728376652	10.2751754682446	2.01830861829103	12.4677521848873	12.497125	0.0114181735809819		24G4A10	5.3	3	0.343	2023-11-03
O9	0.212366620866744	0.0191961855277899	0.237855009272566	9.70701143551904	2.91415843071711	8.09113410251009	8.089875	0.0029165535808653		24G4A10	5.6	3	0.214	2023-11-03
