sample	k	n0	r	t_mid	t_gen	auc_l	auc_e	sigma	note	strain	pH	replicate	max.OD	date
A1	0	0.0072	0	-1.36280072342361	0.454266907807868	0.304209577548007	0.3018375	0.000199130957410065	questionable fit (k < n0)	23G4B04	3.2	1	0.0072	2024-02-16
A10	0.121573215443224	0.000126139198843797	0.275776856385933	24.9108931784242	2.51343491851951	2.83155578457845	2.8756125	0.00408738092729118		23G4B04	5.9	1	0.1264	2024-02-16
A11	0.152169387636788	0.001819852423981	0.142415931853488	30.9951797424355	4.86706207331513	2.69357236890869	2.7848	0.00811441958619343		23G4B04	6.2	1	0.1444	2024-02-16
A12	0	0.00465250133584972	0	29.4782757819871	8.86623426987508	1.03395957040606	1.032675	0.00264323121324219		23G4B04	6.5	1	0.0472	2024-02-16
A13	0	0.00112483756970148	0	12.2207913189831	3.39183401625298	0.526548797133396	0.531775	0.00225961274770529		23G4B04	6.8	1	0.0204	2024-02-16
A14	0	0.00352687336836695	0	5.27846155519317	6.17968913343438	0.386866117993597	0.386125	0.00151686756203155		23G4B04	7.1	1	0.0131	2024-02-16
A15	0	0.000715356735039565	0	4.27963248692239	2.64039533594856	0.124920405312274	0.1243	0.000846851737738333		23G4B04	7.4	1	0.00559999999999999	2024-02-16
A16	0	0.00106295613651806	0	14.6928384709005	7.65074175717603	0.159911632298705	0.1600875	0.00138711199654896		23G4B04	7.7	1	0.00889999999999999	2024-02-16
A17	0	0.00634316205332037	0	-14.1736168977135	4.01860230358521	0.328937387699881	0.32775	0.000479345497361002	questionable fit	23G4B04	8	1	0.0079	2024-02-16
A18	0	0.00208209996968331	0	1335.19552770104	59.4035236290515	0.134704481688073	0.134475	0.000547799609239229		23G4B04	8.3	1	0.0054	2024-02-16
A19	0	0.0000000000113043984738668	0	27.9183529443481	1.07308461524903	0.0155674362941472	0.0179875	0.000838814436993052		23G4B04	8.6	1	0.0039	2024-02-16
A2	0	0	0	0	0	0	0	0	cannot fit data	23G4B04	3.5	1	0.00370000000000001	2024-02-16
A20	0	0.0049	0	-0.737449937909449	0.301642060698968	0.193152150083916	0.1902625	0.000341813394037942	questionable fit (k < n0)	23G4B04	8.9	1	0.0049	2024-02-16
A21	0	0.00481935218201664	0	-19.3426749237691	6.53467130278936	0.207854768300694	0.198425	0.000623409865114268	questionable fit (k < n0)	23G4B04	9.2	1	0.0054	2024-02-16
A22	0	0.0044	0	-9.57710831912665	6.16866683525253	0.150499487676243	0.1340625	0.00070786323441313	questionable fit (k < n0)	23G4B04	9.5	1	0.0044	2024-02-16
A23	0	0.00397929267474452	0	-14.2232003135782	8.10628047517469	0.146311034108934	0.13495	0.000705156139846656	questionable fit (k < n0)	23G4B04	9.8	1	0.0043	2024-02-16
A24	0	0.00154235446157659	0	-17.4330626238935	24.5262286512812	0.0453515426163491	0.0304125000000001	0.000501129929492931	questionable fit (k < n0)	23G4B04	10.1	1	0.0021	2024-02-16
A3	0	0.00358958477009618	0	-8.12918954629968	5.51984490484274	0.223423171842167	0.2226	0.000237225447202229	questionable fit	23G4B04	3.8	1	0.0054	2024-02-16
A4	0	0.00428740229274287	0	-13.1815698644747	11.6543144427345	0.26420782415571	0.2633375	0.000193216737253219	questionable fit	23G4B04	4.1	1	0.0063	2024-02-16
A5	0	0.00410597625995113	0	487.001372124321	17.9580625835248	0.577250089860049	0.5843375	0.00159297671301514		23G4B04	4.4	1	0.03	2024-02-16
A6	0	0.00157307338742472	0	277.346195307589	9.1345403350819	0.782866822612455	0.827475	0.00315222056003685		23G4B04	4.7	1	0.069	2024-02-16
A7	0.1052317095074	0.0000198204177179045	0.276636576938133	31.0046454367588	2.5056237618027	1.8126505227611	1.94745	0.00604787850440427		23G4B04	5	1	0.104	2024-02-16
A8	0.104995020647401	0.00000107941284328854	0.39075137193249	29.3927072820498	1.77388290956455	1.97481296450042	2.0384	0.0037226287403678		23G4B04	5.3	1	0.1133	2024-02-16
A9	0.379765487338028	0.00107755965333054	0.110032782943855	53.2751548681589	6.29946059724427	1.55161374719633	1.61155	0.00492943366413329		23G4B04	5.6	1	0.1253	2024-02-16
B1	0	0.00369594110269811	0	-0.374061308570006	0.143144068589443	0.207124378983174	0.2052375	0.000236082305170356	questionable fit	23G4B04	3.2	2	0.0049	2024-02-16
B10	0.105340956666445	0.000040393528143856	0.321511141902978	24.4654179690854	2.15590407367318	2.50022760607887	2.534175	0.00316598161105188		23G4B04	5.9	2	0.11	2024-02-16
B11	0.13099398675185	0.000494432300887979	0.174754836551482	31.9059258334574	3.96639769312335	2.17381226442874	2.2464875	0.00566767898387179		23G4B04	6.2	2	0.136	2024-02-16
B12	0	0.00284128681635453	0	36.5402704975353	8.71776884172153	0.83130868597667	0.82685	0.00269504118779725		23G4B04	6.5	2	0.0408	2024-02-16
B13	0	0	0	0	0	0	0	0	cannot fit data	23G4B04	6.8	2	0.00850000000000001	2024-02-16
B14	0	0.00278514219456505	0	4.73530394372446	3.16247771619938	0.448090550651714	0.4474875	0.00144251822755005		23G4B04	7.1	2	0.0164	2024-02-16
B15	0	0.0063	0	-0.328223495410043	0.491514734988877	0.114156456186334	0.1131	0.00120762611214563	questionable fit (k < n0)	23G4B04	7.4	2	0.0063	2024-02-16
B16	0	0.000105541875226265	0	19.4946770812517	3.17417521635224	0.216505189010526	0.2217875	0.00107136897917916		23G4B04	7.7	2	0.0096	2024-02-16
B17	0	0.0048922266817788	0	30.2747884287753	23.201242443825	0.373090528097236	0.371725	0.00100410336239862		23G4B04	8	2	0.0111	2024-02-16
B18	0.3407704002252	0.00212881314683095	0.0356011261418354	142.393744688486	19.4698105278591	0.2689777204008	0.2695875	0.00125494848972431		23G4B04	8.3	2	0.0121	2024-02-16
B19	0	0.00237398272926704	0	-58.049248350889	35.9007670100804	0.098413907429577	0.0818250000000001	0.000753410520819752	questionable fit (k < n0)	23G4B04	8.6	2	0.00509999999999999	2024-02-16
B2	0	0.0021	0	-0.241201137803896	0.152180974435768	0.0676042395093237	0.0667125	0.000297430195745271	questionable fit (k < n0)	23G4B04	3.5	2	0.0021	2024-02-16
B20	0	0.00296819202739589	0	-7.50575629528805	6.11810210557465	0.0902749924829555	0.0806374999999999	0.000671294300780563	questionable fit (k < n0)	23G4B04	8.9	2	0.0033	2024-02-16
B21	0	0	0	0	0	0	0	0	cannot fit data	23G4B04	9.2	2	0.0025	2024-02-16
B22	0	0	0	0	0	0	0	0	cannot fit data	23G4B04	9.5	2	0.003	2024-02-16
B23	0	0.00409999999999999	0	-10.3279605906585	10.6999487844476	0.117857114591616	0.1073	0.000457296549053388	questionable fit (k < n0)	23G4B04	9.8	2	0.00409999999999999	2024-02-16
B24	0	0.0019	0	-0.482604823641167	0.386725044878162	0.0533551190032111	0.0410000000000001	0.000736805804411117	questionable fit (k < n0)	23G4B04	10.1	2	0.0019	2024-02-16
B3	0	0.00415199574162191	0	-33.7461281977417	12.4847511930842	0.219441460902826	0.2184	0.000305017731682451	questionable fit	23G4B04	3.8	2	0.0057	2024-02-16
B4	0	0.00446234188860756	0	-8.85750010896237	11.5444164543221	0.290697599173685	0.289775	0.000200563892872078	questionable fit	23G4B04	4.1	2	0.0072	2024-02-16
B5	0	0.00264742057963824	0	393.950492850353	14.1945559114891	0.516358168661199	0.5257875	0.00132086611440178		23G4B04	4.4	2	0.0292	2024-02-16
B6	0	0.000610723087948561	0	218.507406975277	6.82033491383994	0.799780712923401	0.83245	0.0021077529783404		23G4B04	4.7	2	0.0797	2024-02-16
B7	0.0991224654145369	0.0000106427132643435	0.30406896209904	30.05610468553	2.27957229101922	1.79971236780369	1.8646125	0.00315509504551799		23G4B04	5	2	0.0992	2024-02-16
B8	0.0936835207024651	0.00000175724629479764	0.390519528902286	27.8703369186023	1.77493602562801	1.90460940952744	1.9315375	0.00225190091383411		23G4B04	5.3	2	0.096	2024-02-16
B9	0.114814900017148	0.0000216813421992377	0.226183567969354	37.9091889084305	3.06453376247854	1.22865281783018	1.2657625	0.00252919316011326		23G4B04	5.6	2	0.1032	2024-02-16
C1	0	0.00605703606075735	0	2518.89386634556	178.736435597422	0.321013629247522	0.319725	0.000556802533113504		23G4B04	3.2	3	0.00800000000000001	2024-02-16
C10	0.202378026495056	0.0000143913762858322	0.353794092539566	26.9964721715941	1.9591824600136	4.29134701015846	4.3461875	0.00528560922003418		23G4B04	5.9	3	0.2007	2024-02-16
C11	0.348519220448125	0.000485691281770904	0.182755614358237	35.9741665174776	3.79275450986277	4.45215512311977	4.5280625	0.00613470823952433		23G4B04	6.2	3	0.3135	2024-02-16
C12	0	0.0022856095710291	0	28.8856635580826	7.24835528333148	0.777503694635065	0.775	0.00263236204484648		23G4B04	6.5	3	0.0399	2024-02-16
C13	0.299442940196039	0.00000690829343984142	0.331712198607197	32.1873404051702	2.08960413114246	4.79921738448495	4.9203	0.00562405419240089		23G4B04	6.8	3	0.3056	2024-02-16
C14	0.301075190856628	0.00000214348036382122	0.337998614903816	35.0672364552808	2.05073970719434	3.96431802674234	4.163425	0.00657342060150113		23G4B04	7.1	3	0.296	2024-02-16
C15	0.255449284934169	0.0000109707838399931	0.273510516323426	36.7645845503846	2.53426153362344	2.96111400295492	3.0537375	0.00411857824198696		23G4B04	7.4	3	0.2378	2024-02-16
C16	0	0.0000000000000432990392751139	0	24.4972510194645	0.674606340445716	0.0876385209947113	0.092675	0.00133478686711071		23G4B04	7.7	3	0.0062	2024-02-16
C17	0	0.000627298136565514	0	227.974776961943	7.53589877093855	0.567529148013525	0.652225	0.00432381747729377		23G4B04	8	3	0.0625	2024-02-16
C18	0	0.00237326122726949	0	1103.56340883635	51.2951708790079	0.16123953963353	0.1609375	0.000572504888952344		23G4B04	8.3	3	0.0064	2024-02-16
C19	0	0.00259999999999999	0	-0.521223384026047	0.340554310480785	0.0822944063018495	0.0661750000000001	0.000847411443344731	questionable fit (k < n0)	23G4B04	8.6	3	0.00259999999999999	2024-02-16
C2	0	0.00191522002828047	0	-4.62877844233389	4.23110742254259	0.128965380551569	0.1285875	0.000192839444910695	questionable fit	23G4B04	3.5	3	0.0033	2024-02-16
C20	0	0	0	0	0	0	0	0	cannot fit data	23G4B04	8.9	3	0.005	2024-02-16
C21	0	0	0	0	0	0	0	0	cannot fit data	23G4B04	9.2	3	0.00360000000000001	2024-02-16
C22	0	0.00360000000000001	0	-1.23855380164333	31373.3112227855	0.0164407435036054	0.01475	0.000218297990540746	questionable fit (k < n0)	23G4B04	9.5	3	0.00360000000000001	2024-02-16
C23	0	0.00205506203476251	0	-8.52036431741631	10.2505357682268	0.0540784821923842	0.0400625	0.000633664540504749	questionable fit (k < n0)	23G4B04	9.8	3	0.0023	2024-02-16
C24	0	0.00220000000000001	0	-7.89089248243872	10.3965437276471	0.0551208638279928	0.0461750000000001	0.000399782238186534	questionable fit (k < n0)	23G4B04	10.1	3	0.00220000000000001	2024-02-16
C3	0	0.00442087345010192	0	-28.2373001389689	19.3336803493642	0.248918768990391	0.24785	0.000340543167902199	questionable fit	23G4B04	3.8	3	0.0062	2024-02-16
C4	0	0.00231710994454613	0	7.47993384604775	15.3583590919108	0.178403652423211	0.177775	0.000225056670947071		23G4B04	4.1	3	0.0049	2024-02-16
C5	0	0.00143320767113194	0	335.477342531857	11.3382519066971	0.422961944070343	0.4306125	0.000842694263385765		23G4B04	4.4	3	0.0274	2024-02-16
C6	0	0.000493167605381496	0	219.046085859875	6.55424363089229	0.758219352604317	0.7819375	0.00162708014186653		23G4B04	4.7	3	0.0798	2024-02-16
C7	0.1344339365962	0.000110362080807875	0.220541698033582	32.2126852326697	3.14293027912753	2.16637903213143	2.214725	0.00307388875563487		23G4B04	5	3	0.1319	2024-02-16
C8	0.187410659100475	0.0000298761536546771	0.273028696959557	32.025342279753	2.53873379713862	3.03938506624958	3.0384875	0.00341837053905136		23G4B04	5.3	3	0.1905	2024-02-16
C9	0.154027726319062	0.0000620956505647223	0.205695861553646	37.9969177440216	3.36976726378704	1.65782368512581	1.6999625	0.00195505378399729		23G4B04	5.6	3	0.1399	2024-02-16
D1	0	0.00821318701557027	0	0.370545152604772	32.3290278737987	0.494414574481448	0.492775	0.000373586397419033		36G1B08	3.2	1	0.0125	2024-02-16
D10	0.273473973902437	0.00128455537594213	0.447317165185997	11.9737984251301	1.54956535207347	9.90396894161896	9.9196125	0.0105659131619664		36G1B08	5.9	1	0.3024	2024-02-16
D11	0.50817535108227	0.00943224262494569	0.231617464783949	17.131511510505	2.99263780132689	15.7486369229184	15.6972	0.0071823056331515		36G1B08	6.2	1	0.5149	2024-02-16
D12	0.31662766574914	0.00119302303162998	0.437829107387282	12.7388996373829	1.58314549869984	11.2251476043669	11.26845	0.0145301365655264		36G1B08	6.5	1	0.3508	2024-02-16
D13	0.31188157574701	0.00186286665504734	0.383971665077756	13.3200353022526	1.80520398665245	10.8734668373198	10.9116625	0.0117848359330053		36G1B08	6.8	1	0.3375	2024-02-16
D14	0.318773047442377	0.00157387128243728	0.383147300674897	13.8484376997897	1.80908799132604	10.9461473320349	10.997525	0.00936636021776486		36G1B08	7.1	1	0.3374	2024-02-16
D15	0.287661384177724	0.00155484851438758	0.36668236991268	14.2220803321792	1.89032044470807	9.76980672754013	9.8178375	0.00908752821552385		36G1B08	7.4	1	0.3011	2024-02-16
D16	0.247263461193437	0.0015014298980556	0.353462625461491	14.4228708458823	1.96101972494249	8.34752502405354	8.383375	0.017030999627197		36G1B08	7.7	1	0.2736	2024-02-16
D17	0.182117198710337	0.00469827099863226	0.278875122492474	13.0213091739101	2.48551098557976	6.38956153076347	6.38875	0.00369775560379428		36G1B08	8	1	0.1858	2024-02-16
D18	0.157779342437104	0.00524526477256062	0.236970370955789	14.2214501165978	2.92503732751156	5.33877049351733	5.3204125	0.00738017197163658		36G1B08	8.3	1	0.1634	2024-02-16
D19	0.0977174466717554	0.00147722850798686	0.306212176085262	13.6398221960274	2.26361730425424	3.37225224248943	3.377825	0.00783014115909568		36G1B08	8.6	1	0.1114	2024-02-16
D2	0	0.00489078075551173	0	147.122974026838	54.1879881884639	0.308866576292551	0.3077875	0.000278658207826579		36G1B08	3.5	1	0.0083	2024-02-16
D20	0.147373997051421	0.00258611764352143	0.102568040757067	39.2433351481524	6.75792552381562	1.77699499444518	1.7970625	0.00569619872415535		36G1B08	8.9	1	0.0979	2024-02-16
D21	0	0.00409116688793396	0	35.3261206080868	12.8552477663687	0.56246523275723	0.5638375	0.00243527338739334		36G1B08	9.2	1	0.0268	2024-02-16
D22	0	0.00338075912718902	0	1279.96779341976	57.5730788078457	0.220874347250554	0.220375	0.00090770668851242		36G1B08	9.5	1	0.0116	2024-02-16
D23	0	0.0022616843953184	0	1231.85469969681	54.8206431478033	0.150145855995561	0.1496875	0.000554852328305221		36G1B08	9.8	1	0.00699999999999999	2024-02-16
D24	0	0.00100281754788198	0	-7.22834457157567	9.8443156436143	0.0243854120188454	0.0199250000000001	0.000300146175991602	questionable fit (k < n0)	36G1B08	10.1	1	0.0015	2024-02-16
D3	0	0.00445145647144163	0	11.9599936400758	10.9970673884262	0.440440233366211	0.4394375	0.000256203196639984		36G1B08	3.8	1	0.0129	2024-02-16
D4	0	0.00383094776381119	0	47.6008871148716	12.5031259371068	0.664203571313187	0.661725	0.000629023165353958		36G1B08	4.1	1	0.0305	2024-02-16
D5	0.133645809127839	0.00362446699952399	0.124412387137992	28.7752003371358	5.57136790399448	2.65827533555389	2.6696875	0.00172679817168121		36G1B08	4.4	1	0.1194	2024-02-16
D6	0.165715469853821	0.00371398294179413	0.159143665445897	23.7238512328366	4.35548080797214	4.0533947984546	4.045125	0.00233629108382452		36G1B08	4.7	1	0.1676	2024-02-16
D7	0.273114705449373	0.00477333536741095	0.209266019243037	19.2540320425392	3.31227775568731	7.88553323461329	7.8785625	0.0042874512684973		36G1B08	5	1	0.2804	2024-02-16
D8	0.290499716687378	0.00274625472667201	0.30538023383769	15.233029179258	2.26978403889871	9.56781968201562	9.5595625	0.00631305027605764		36G1B08	5.3	1	0.3041	2024-02-16
D9	0.454845618151666	0.00637306131240666	0.203321342156504	20.9214020958593	3.40912160626209	12.3845700428542	12.3207375	0.00595937708368223		36G1B08	5.6	1	0.4609	2024-02-16
E1	0	0.00963608068656385	0	2029.73687226106	114.250103497442	0.539498251912627	0.5373125	0.000816750413343183		36G1B08	3.2	2	0.0142	2024-02-16
E10	0.298147120362828	0.00175260589810181	0.400225388707862	12.8192457695724	1.7318920791052	10.5441957304415	10.53745	0.00861302493785789		36G1B08	5.9	2	0.3216	2024-02-16
E11	0.526526819106667	0.00928722485548841	0.236576860960004	16.9917987681066	2.92990268679374	16.3935848341814	16.34435	0.00727469021013267		36G1B08	6.2	2	0.5323	2024-02-16
E12	0.307635048333831	0.00249309039329115	0.368073124002682	13.0605951045641	1.88317792133852	10.8032281365287	10.8248875	0.0112227607255852		36G1B08	6.5	2	0.335	2024-02-16
E13	0.310609577702753	0.00218982811787427	0.3642568708403	13.5828285443929	1.9029076348263	10.7463085142362	10.7731125	0.0115069288828244		36G1B08	6.8	2	0.3319	2024-02-16
E14	0.312407623283226	0.00200785706109728	0.356424545149818	14.1426652265387	1.94472347651756	10.6340374089544	10.6765	0.00776003525353729		36G1B08	7.1	2	0.3276	2024-02-16
E15	0.286093720086811	0.00158014346283924	0.3673976426441	14.1352712387283	1.88664025052387	9.74131553353034	9.781925	0.00776034288696324		36G1B08	7.4	2	0.299	2024-02-16
E16	0.233030816922509	0.00135538588822033	0.357559274575134	14.3787381601307	1.93855181461471	7.87753346630531	7.915625	0.0166273787686795		36G1B08	7.7	2	0.2555	2024-02-16
E17	0.153089713545026	0.00424590822551534	0.292701191276752	12.1521258777228	2.36810508879879	5.50381897593225	5.5009625	0.00491314418415458		36G1B08	8	2	0.1585	2024-02-16
E18	0.141711413846368	0.00421751941527572	0.267320079732722	13.0343084460254	2.59294842816516	4.96736776127266	4.9495875	0.0060956031068839		36G1B08	8.3	2	0.1525	2024-02-16
E19	0.0884074134843159	0.00231635007999156	0.265160266422648	13.6348215219361	2.61406880416659	3.04697620519147	3.0422625	0.00703817621800589		36G1B08	8.6	2	0.1012	2024-02-16
E2	0	0.00294834238864419	0	4.92889334314688	16.1380076997464	0.216477511455342	0.2158625	0.000289359325156666		36G1B08	3.5	2	0.0059	2024-02-16
E20	0.128747322105874	0.00353054144721422	0.0837165345523549	42.6271256439782	8.27969270665956	1.42341948377082	1.4271125	0.00207554798625733		36G1B08	8.9	2	0.076	2024-02-16
E21	0.0918074296806043	0.00490234442425912	0.029089383966735	98.8368474116733	23.828183551518	0.478192218428428	0.47715	0.000457995549432923		36G1B08	9.2	2	0.0179	2024-02-16
E22	0	0.00452490300242621	0	1775.16557843962	82.7528461006259	0.268699787347154	0.2678375	0.000692116010557081		36G1B08	9.5	2	0.00940000000000001	2024-02-16
E23	0	0.0036974808084773	0	2233.03886249333	117.876132129886	0.206038703185766	0.2051625	0.000572276033984127		36G1B08	9.8	2	0.0072	2024-02-16
E24	0	0	0	0	0	0	0	0	cannot fit data	36G1B08	10.1	2	0.0018	2024-02-16
E3	0	0.00380203884838921	0	12.2377324116813	10.1660418945618	0.40047450480526	0.3996625	0.000297159336163088		36G1B08	3.8	2	0.012	2024-02-16
E4	0	0.00423578967329487	0	47.5466975453925	14.5739832681294	0.575337524733949	0.573425	0.000559841397387103		36G1B08	4.1	2	0.024	2024-02-16
E5	0.155660672969761	0.00499526699057649	0.103101313377505	33.0410016119025	6.72297139437969	2.59758220123865	2.607625	0.00175089236509405		36G1B08	4.4	2	0.1237	2024-02-16
E6	0.160931180000156	0.00400335078534015	0.146791320458469	24.9923108184383	4.72199022663641	3.74293489746535	3.740925	0.00230732197935833		36G1B08	4.7	2	0.1605	2024-02-16
E7	0.282733795572254	0.00522171282401675	0.212309174303549	18.7134588574791	3.26480088688452	8.31448062660489	8.312475	0.00403254132526124		36G1B08	5	2	0.2896	2024-02-16
E8	0.292037528933999	0.00305672202084619	0.288532331585015	15.7660569340289	2.40232065762693	9.4612848981579	9.4481875	0.00613330473722704		36G1B08	5.3	2	0.3041	2024-02-16
E9	0.463344279260691	0.00638013153704308	0.202681634548862	21.0745104346435	3.41988154034175	12.5459586439173	12.4801875	0.00639298821226062		36G1B08	5.6	2	0.4745	2024-02-16
F1	0	0.00716447899817587	0	1706.77090755318	76.8909050679966	0.432505602018247	0.430975	0.000473318298798192		36G1B08	3.2	3	0.0117	2024-02-16
F10	0.264440093019092	0.000661920724608512	0.475497605912473	12.5925302264033	1.45773011670544	9.41457538403588	9.4426375	0.00978251546469953		36G1B08	5.9	3	0.2909	2024-02-16
F11	0.518206233642265	0.00945356082498302	0.234088680260766	17.025900221189	2.96104527475572	16.1152102323871	16.0661125	0.00745959330181259		36G1B08	6.2	3	0.5267	2024-02-16
F12	0.302533801940247	0.00114697058986622	0.419523018399993	13.2800112327129	1.65222681511856	10.5616540585505	10.5978125	0.0126148358460602		36G1B08	6.5	3	0.3334	2024-02-16
F13	0.298671876921033	0.00218184115045224	0.35644682614726	13.7800203750138	1.94460191454639	10.2740573369244	10.297525	0.00850992488051248		36G1B08	6.8	3	0.313	2024-02-16
F14	0.302998035006226	0.00165211145980382	0.369016708598489	14.1083170186713	1.87836259011819	10.3251422967615	10.36935	0.00653817407225783		36G1B08	7.1	3	0.3147	2024-02-16
F15	0.279975352645481	0.00136324003312832	0.374078147787462	14.2215104648402	1.85294753157772	9.50941091227908	9.5575	0.00844027203767181		36G1B08	7.4	3	0.2934	2024-02-16
F16	0.223003034786382	0.00163202560967878	0.340553382291754	14.4177634849496	2.03535544382326	7.52867602530529	7.5565625	0.0128829775360478		36G1B08	7.7	3	0.2389	2024-02-16
F17	0.158217553802208	0.00413486991084743	0.293115215742812	12.3433834373359	2.36476014663167	5.658822685993	5.6590125	0.00438253243503213		36G1B08	8	3	0.1641	2024-02-16
F18	0.1252884546976	0.00405044928967235	0.273018435125333	12.4494442589788	2.53882921950581	4.46404263316623	4.4445625	0.00687494747127705		36G1B08	8.3	3	0.1369	2024-02-16
F19	0.093064438610655	0.00195097137362102	0.282874960503519	13.5882590201728	2.45036598264527	3.21414454718624	3.2120375	0.00768963143183842		36G1B08	8.6	3	0.1074	2024-02-16
F2	0	0.00174570342851933	0	10.6346184364662	10.2432432162231	0.174968761051478	0.1745375	0.00028905130449678		36G1B08	3.5	3	0.00520000000000001	2024-02-16
F20	0.109360787214065	0.00214780313209047	0.109751226472272	35.6294135969266	6.31562127221479	1.57862042629611	1.593775	0.00322913532003992		36G1B08	8.9	3	0.0844	2024-02-16
F21	0	0.0050402547215151	0	50.3701389309972	18.2377654198143	0.531772098432249	0.5311375	0.00077392102015907		36G1B08	9.2	3	0.0231	2024-02-16
F22	0	0.00401834150585422	0	1877.21821144749	78.9439959928669	0.241115614196392	0.2401875	0.000369014922266256		36G1B08	9.5	3	0.00650000000000001	2024-02-16
F23	0	0.00389103973826843	0	2539.02451242692	125.176707887137	0.214958558959842	0.2140125	0.000560779175448255		36G1B08	9.8	3	0.00700000000000001	2024-02-16
F24	0	0	0	0	0	0	0	0	cannot fit data	36G1B08	10.1	3	0.0023	2024-02-16
F3	0	0.00588794786359444	0	9.53123967887463	13.4059913992639	0.495328362314141	0.4940375	0.000286575722494598		36G1B08	3.8	3	0.0141	2024-02-16
F4	0	0.00572431457283058	0	53.3981392920391	16.4368744786854	0.698012807486483	0.696	0.000541584740609577		36G1B08	4.1	3	0.0283	2024-02-16
F5	0.150846516072167	0.00569024036169527	0.0953168279978943	33.9820208407245	7.27203364945441	2.44694949756135	2.4534625	0.00139924813394266		36G1B08	4.4	3	0.1161	2024-02-16
F6	0.15859432336743	0.0038251154294129	0.147901141531038	25.0190522093861	4.68655734083353	3.68437327278295	3.6867125	0.0019937800213258		36G1B08	4.7	3	0.1585	2024-02-16
F7	0.271135033001538	0.00547974859425457	0.199140685483997	19.4894394015293	3.48069094406952	7.76103439378718	7.7527875	0.00424883905588199		36G1B08	5	3	0.2781	2024-02-16
F8	0.293557334409267	0.00225078424240972	0.317268206954721	15.3280326721216	2.18473570741006	9.64263131074428	9.6426	0.00623489287035208		36G1B08	5.3	3	0.3068	2024-02-16
F9	0.464730548879521	0.00619746227968087	0.202383381037847	21.2660374147031	3.42492143873376	12.4959130065352	12.4379125	0.00545044784946865		36G1B08	5.6	3	0.4743	2024-02-16
G1	0	0.0068889104349633	0	6860.18295162479	430.008937708489	0.345283049875837	0.3437625	0.000485587807911544		16G2A12	3.2	1	0.0086	2024-02-16
G10	0	0.00577058162401378	0	18.6508217256177	5.36317627905805	2.0350755381997	2.0172875	0.00440333444766912		16G2A12	5.9	1	0.0793	2024-02-16
G11	0.142862408313004	0.0130159536404641	0.137186446957808	16.7667934939234	5.05259226352821	4.40496838019021	4.3698875	0.00670917809542159		16G2A12	6.2	1	0.1514	2024-02-16
G12	0.104872565530289	0.0101550449084592	0.100010110439096	22.3270264156198	6.93077107421109	2.68257455315304	2.6609375	0.00522158931232203		16G2A12	6.5	1	0.1009	2024-02-16
G13	0.101282924948311	0.00917235552976274	0.129106961483842	17.867321356282	5.36878238472598	3.01315622281608	2.990525	0.00423384110850296		16G2A12	6.8	1	0.1034	2024-02-16
G14	0.105242767814159	0.0111229276928606	0.107361756654143	19.8912573325952	6.45618330177721	2.91560246549672	2.897825	0.00455447094162225		16G2A12	7.1	1	0.1037	2024-02-16
G15	0	0.00477831250731011	0	11.2513318197143	3.29845822285413	2.03095010813015	2.018925	0.00352953728193944		16G2A12	7.4	1	0.0651	2024-02-16
G16	0	0.000437953837001914	0	9.6638610125032	1.52816963305886	1.36782603253084	1.365	0.00489637627900406		16G2A12	7.7	1	0.0513	2024-02-16
G17	0	0.00673312849384551	0	14.7308904377079	4.69669190882061	2.1620308288649	2.1458875	0.00505742148288704		16G2A12	8	1	0.0725	2024-02-16
G18	0	0.00123893941422068	0	11.8289562698034	2.29556261293116	1.64414840116536	1.6429625	0.00539235272711072		16G2A12	8.3	1	0.062	2024-02-16
G19	0	0.00336226779490176	0	21.3022473096757	5.87102179013669	1.19480108459359	1.1808875	0.00460567776513894		16G2A12	8.6	1	0.058	2024-02-16
G2	0	0.0000158549518538808	0	21.8590155754142	3.7746022995054	0.0234938939912776	0.023475	0.000205182937100918		16G2A12	3.5	1	0.0013	2024-02-16
G20	0	0.00102369310758327	0	20.3279501624697	4.33798283695485	0.758451787523365	0.7512	0.00591873094640971		16G2A12	8.9	1	0.0443	2024-02-16
G21	0	0.000763548642592387	0	26.6372924676835	5.2721874395842	0.568239911143742	0.5689	0.0043326972623959		16G2A12	9.2	1	0.0352	2024-02-16
G22	0	0.000393656588728531	0	52.4572458054204	7.21305519689697	0.320595828704611	0.33585	0.00287244857222586		16G2A12	9.5	1	0.0348	2024-02-16
G23	0	0.00000000811434342440425	0	32.9350938174901	1.63485557996467	0.143702318093615	0.1822375	0.00380077158876534		16G2A12	9.8	1	0.0325	2024-02-16
G24	0	0.00000000757694885925778	0	43.9945539139697	2.1667164054956	0.0483682981926282	0.0590375000000001	0.000527362058967034		16G2A12	10.1	1	0.0084	2024-02-16
G3	0	0.0046640881937872	0	-5.88094916450101	16.8542336673286	0.304786862988712	0.303625	0.000248084821384918	questionable fit	16G2A12	3.8	1	0.0081	2024-02-16
G4	0.311663823846151	0.00390182120357954	0.0522203824563349	83.6432661100972	13.2734987366194	0.795674880332472	0.796475	0.000769663764183066		16G2A12	4.1	1	0.0416	2024-02-16
G5	0	0.00161632228462297	0	11.9532218434787	2.50686705015978	1.64911874310337	1.6628625	0.00186873420381081		16G2A12	4.4	1	0.0462	2024-02-16
G6	0	0.0011161033018462	0	9.83962467838771	1.95203949641918	1.44885646210734	1.457275	0.00130122021553229		16G2A12	4.7	1	0.0396	2024-02-16
G7	0	0.00215141496439938	0	8.96465046260768	2.30559054381532	1.32690528048306	1.3294625	0.00218254272283085		16G2A12	5	1	0.0386	2024-02-16
G8	0	0.00356273538986363	0	12.3006956642722	3.64250957254151	1.43727190111673	1.427025	0.00282654729424943		16G2A12	5.3	1	0.0452	2024-02-16
G9	0.0916897292198065	0.0021956212224266	0.31605478384447	11.7312186262322	2.19312352158872	3.33675859008105	3.3256125	0.00565648195642544		16G2A12	5.6	1	0.1059	2024-02-16
H1	0	0.00610248541404918	0	5401.58569143193	482.18470795023	0.304563036565861	0.3033375	0.000350634019848265		16G2A12	3.2	2	0.00810000000000001	2024-02-16
H10	0	0.00596316603241319	0	16.6103041755297	5.00218227090842	2.03116822500023	2.0184625	0.00360199096166167		16G2A12	5.9	2	0.0662	2024-02-16
H11	0.142962886513274	0.0130529259012351	0.138121230696143	16.6363221106766	5.01839707817852	4.42644323393812	4.3925375	0.00638436107254751		16G2A12	6.2	2	0.1514	2024-02-16
H12	0.110128210906749	0.00733926695484198	0.112771020539915	23.4052934678417	6.14650091168241	2.72108340058528	2.7066875	0.00554196975297659		16G2A12	6.5	2	0.1038	2024-02-16
H13	0	0.00775282822324411	0	15.9774153015299	5.08924596687524	2.39799554653114	2.3751625	0.0046345244878781		16G2A12	6.8	2	0.0815	2024-02-16
H14	0.0924501496603307	0.01069470546858	0.131812298028289	15.4309091838741	5.25859264217656	2.9525292253426	2.93385	0.00466671752029081		16G2A12	7.1	2	0.0968	2024-02-16
H15	0	0.00139364440705558	0	9.25996393353891	1.91327017389095	1.60449066300334	1.598375	0.00479228049886755		16G2A12	7.4	2	0.047	2024-02-16
H16	0	0.000248984436932003	0	9.40406618704745	1.29145473669218	1.51228113980729	1.5116125	0.00618965391392846		16G2A12	7.7	2	0.0555	2024-02-16
H17	0	0.00422651705321265	0	11.7394174294577	3.2971744162236	1.9513315300248	1.9441	0.00592779537931711		16G2A12	8	2	0.066	2024-02-16
H18	0	0.000136324006257076	0	10.0844198033095	1.2715048979427	1.27308691466553	1.2819625	0.00713449126072749		16G2A12	8.3	2	0.0575	2024-02-16
H19	0	0.00553286628276448	0	31.0157453106107	8.7266646147307	1.34129113366244	1.320275	0.00558339550977091		16G2A12	8.6	2	0.0692	2024-02-16
H2	0	0.000724258431756617	0	748.067697839187	40.4994077021534	0.0542395059883937	0.0542875	0.000566494284396814		16G2A12	3.5	2	0.0039	2024-02-16
H20	0	0.000179424298711713	0	17.9088877716559	2.44769438712747	0.871220095765501	0.8808875	0.00284481297649344		16G2A12	8.9	2	0.0388	2024-02-16
H21	0	0.00026286242690519	0	23.5384202886395	3.70186322766131	0.538145113877554	0.5480125	0.00369591843542875		16G2A12	9.2	2	0.0307	2024-02-16
H22	0	0.00149502534722862	0	441.926717818496	19.1929092830682	0.194623775087624	0.1959	0.00148106067331887		16G2A12	9.5	2	0.0183	2024-02-16
H23	0	0.00000000000000209468655596391	0	36.3625836301202	0.852248946162121	0.173101879862413	0.2024875	0.00424520327563379		16G2A12	9.8	2	0.0302	2024-02-16
H24	0	0.00000000508219616979935	0	40.9555439322614	1.96556369891045	0.0709586784147337	0.0710250000000001	0.000499267868173649		16G2A12	10.1	2	0.0116	2024-02-16
H3	0	0.00413330274676888	0	-3.12902090743921	12.5737366796537	0.290491893094104	0.2895375	0.0001946417987218	questionable fit	16G2A12	3.8	2	0.00750000000000001	2024-02-16
H4	0.118045970724389	0.0037254670163488	0.0531996811108117	64.3577865648188	13.0291604401944	0.712120635356535	0.7121	0.000490266755933022		16G2A12	4.1	2	0.0348	2024-02-16
H5	0	0.00136974887200213	0	11.6444912324822	2.3250057495067	1.65702067929431	1.674925	0.00246628138554982		16G2A12	4.4	2	0.048	2024-02-16
H6	0	0.000928403511280362	0	9.35612926062981	1.79009080652734	1.38392107934001	1.39515	0.00219686723190295		16G2A12	4.7	2	0.0403	2024-02-16
H7	0	0.00233415893641722	0	8.67942570613709	2.25579518479913	1.41239090152213	1.4142625	0.00177267988662463		16G2A12	5	2	0.0415	2024-02-16
H8	0	0.00162261520537866	0	9.16842936132677	2.13486291773004	1.30111700825091	1.29755	0.00164941495040445		16G2A12	5.3	2	0.0367	2024-02-16
H9	0.0878864718337775	0.00311524674347568	0.286269713923404	11.540332900326	2.42130811206039	3.21079312996147	3.1984125	0.00535275730716644		16G2A12	5.6	2	0.1011	2024-02-16
I1	0	0.00764486152096022	0	5139.88429602597	349.914383976769	0.386644025690082	0.3850375	0.000461909566747855		16G2A12	3.2	3	0.00929999999999999	2024-02-16
I10	0	0.00606255961080748	0	17.832722624998	5.26625695702323	2.07043170668821	2.0501125	0.00424511663924805		16G2A12	5.9	3	0.0763	2024-02-16
I11	0.13289913106169	0.0112944801629472	0.150055437451543	15.8372207729776	4.61927399854325	4.22915165584313	4.19495	0.00642439284289942		16G2A12	6.2	3	0.1426	2024-02-16
I12	0	0.00897272219777172	0	20.5825559629685	6.67926858518203	2.29943914017152	2.2787625	0.00537495035773431		16G2A12	6.5	3	0.0842	2024-02-16
I13	0.0994722121879192	0.00722016300438796	0.126545806630031	20.1322116825168	5.47744092845708	2.75492591264537	2.732625	0.00439664858209298		16G2A12	6.8	3	0.1004	2024-02-16
I14	0	0.00681380175382563	0	14.427177067432	4.54184474247197	2.26620840147308	2.2521125	0.00378408142581607		16G2A12	7.1	3	0.0736	2024-02-16
I15	0.0931442968514952	0.00720988597930733	0.123874936629663	20.0051057259482	5.59554014249209	2.58812227265222	2.5664125	0.00604774571524219		16G2A12	7.4	3	0.0966	2024-02-16
I16	0	0.000363662086177639	0	10.6543418905838	1.66241380113345	1.1730047838621	1.1668125	0.0065761673222776		16G2A12	7.7	3	0.044	2024-02-16
I17	0	0.00273308848985064	0	12.7638241065571	2.9678255016118	1.99365651548622	1.9907125	0.00375203395430809		16G2A12	8	3	0.0679	2024-02-16
I18	0	0.0046360717708325	0	19.7182473420536	5.23331927921347	1.90605231956323	1.88105	0.00712125959514842		16G2A12	8.3	3	0.0853	2024-02-16
I19	0.264272532639769	0.00608298507558524	0.0597127087547458	62.7705312981098	11.6080344538859	1.44550168601072	1.42925	0.00506529347091098		16G2A12	8.6	3	0.0893	2024-02-16
I2	0	0.00100273064858721	0	64.9570323652249	33.8794236709487	0.0705851401296748	0.0703500000000001	0.000277924916305122		16G2A12	3.5	3	0.00320000000000001	2024-02-16
I20	0	0.000186400383215389	0	20.8714281978882	2.84664250141773	0.825205687546742	0.838375	0.00355884041878406		16G2A12	8.9	3	0.0426	2024-02-16
I21	0	0.00018527934156119	0	23.7654749386239	3.45174126329373	0.539515024413964	0.5690875	0.004056022302133		16G2A12	9.2	3	0.0333	2024-02-16
I22	0	0.000104297025041849	0	34.4331630738797	4.40101641560803	0.342428336449967	0.363525	0.00224434562980154		16G2A12	9.5	3	0.0269	2024-02-16
I23	0	0.000000645808209963347	0	35.4671221059753	2.43278614042796	0.202684581196402	0.23055	0.00313172573935636		16G2A12	9.8	3	0.0271	2024-02-16
I24	0	0.0000000245210386619355	0	51.1367037195337	2.65561959464216	0.0224443821461031	0.0244875	0.000576919445527572		16G2A12	10.1	3	0.00650000000000001	2024-02-16
I3	0	0.00459096358054712	0	-6.4458033761234	14.9176428299235	0.302959631019312	0.30185	0.000278545894841385	questionable fit	16G2A12	3.8	3	0.0077	2024-02-16
I4	0	0.00215414590256679	0	120.985669394715	13.3715601422613	0.459147190780513	0.4581	0.000308938785429973		16G2A12	4.1	3	0.0256	2024-02-16
I5	0	0.000899359463373366	0	13.5748352032292	2.40997206692672	1.57308915912998	1.5878625	0.00152036876766645		16G2A12	4.4	3	0.0454	2024-02-16
I6	0	0.00058674367992899	0	10.3031568312838	1.74161666498038	1.36320182132988	1.373875	0.00188296331664236		16G2A12	4.7	3	0.0393	2024-02-16
I7	0	0.00184214415864431	0	9.60084649988383	2.3119061882003	1.3295596246138	1.3303625	0.00167143510690742		16G2A12	5	3	0.0379	2024-02-16
I8	0	0.00126447247841041	0	9.77405812513681	2.10241386883918	1.26369557148608	1.2615	0.00175841660604331		16G2A12	5.3	3	0.0376	2024-02-16
I9	0.0878869593982224	0.0015625191110974	0.348511071780604	11.5112940467442	1.9888813776232	3.2199113566415	3.214975	0.00518282150823762		16G2A12	5.6	3	0.1008	2024-02-16
J1	0	0	0	0	0	0	0	0	cannot fit data	30G3A09	3.2	1	0.0125	2024-02-16
J10	0.255889615361462	0.000212553528163604	0.511344851579183	13.8702415290347	1.3555376150152	8.78414177799996	8.8516625	0.00579694725041181		30G3A09	5.9	1	0.2611	2024-02-16
J11	0.325980453420069	0.000659798809508038	0.418869698090657	14.8032471154583	1.654803829734	10.8850219673063	10.9918625	0.0144759324273046		30G3A09	6.2	1	0.3468	2024-02-16
J12	0.269212074024792	0.000151470948219234	0.500449040713204	14.9511687886591	1.38505047301544	8.95060930486586	9.0205	0.00851544473203842		30G3A09	6.5	1	0.2761	2024-02-16
J13	0.258790307198008	0.000215298246689747	0.500587768786759	14.1651819765409	1.38466663346545	8.8073788758709	8.8941875	0.0139633439120253		30G3A09	6.8	1	0.2885	2024-02-16
J14	0.250550997699548	0.000161216097968649	0.454057892384579	16.1830210285955	1.52656124292817	8.0214615246318	8.0970375	0.0154139463377643		30G3A09	7.1	1	0.2729	2024-02-16
J15	0.220380787696096	0.0000721977612103972	0.493218931697875	16.2673712850928	1.40535396355089	7.03713031184165	7.1353	0.0166789913127509		30G3A09	7.4	1	0.2544	2024-02-16
J16	0.182593474124667	0.000171973053198283	0.347738652962058	20.0344062183639	1.99329920518089	5.14233740552412	5.215475	0.0114266392558415		30G3A09	7.7	1	0.1985	2024-02-16
J17	0.144703807817814	0.00301046432557993	0.18812052495049	20.4739532950625	3.68459093308594	4.000018304512	4.0072375	0.0063940721432755		30G3A09	8	1	0.1499	2024-02-16
J18	0.117943151830693	0.00066088740026878	0.251886056203524	20.5599127839733	2.75182831081321	3.25773837778055	3.2755625	0.00760661562762317		30G3A09	8.3	1	0.1307	2024-02-16
J19	0.0979672350157681	0.000494836822450669	0.184541025339882	28.6283034090475	3.75606009169684	1.92881557283099	1.954275	0.00435411440887154		30G3A09	8.6	1	0.0986	2024-02-16
J2	0	0.00227710785696931	0	13931.584313953	1141.95930360151	0.111376913862293	0.1107875	0.000285765496060424		30G3A09	3.5	1	0.0034	2024-02-16
J20	0	0.00416438632276813	0	918.321375689863	40.8272277345927	0.310699658225441	0.3103	0.00167096297632533		30G3A09	8.9	1	0.0164	2024-02-16
J21	0	0.00517060804502166	0	-43.6947099124073	19.2326430237797	0.219788265643392	0.20645	0.000764466506209877	questionable fit (k < n0)	30G3A09	9.2	1	0.0072	2024-02-16
J22	0	0	0	0	0	0	0	0	cannot fit data	30G3A09	9.5	1	0.0058	2024-02-16
J23	0	0.00485856206656562	0	-25.0100166430663	17.0584893558386	0.179701699180351	0.1604625	0.000735751504032559	questionable fit (k < n0)	30G3A09	9.8	1	0.00589999999999999	2024-02-16
J24	0	0.00219322283940307	0	-6.14581064250135	13.3284598787705	0.0431700166539575	0.0357375000000001	0.000598642964682521	questionable fit (k < n0)	30G3A09	10.1	1	0.0029	2024-02-16
J3	0	0.000473977112260327	0	17.9537372962071	2.46001641380675	2.26905826013353	2.3375625	0.00533998115734016		30G3A09	3.8	1	0.0783	2024-02-16
J4	0.0995463649340221	0.000519549352259263	0.335320354202792	15.6572187925191	2.06711931402992	3.23793986630504	3.264075	0.00291497031712609		30G3A09	4.1	1	0.1054	2024-02-16
J5	0.171405758755272	0.00106488164469302	0.357962236684476	14.1772997471419	1.93636956506928	5.82865747675859	5.858925	0.00408321612946379		30G3A09	4.4	1	0.181	2024-02-16
J6	0.179585504655656	0.00134102763567768	0.315069069545869	15.519517257134	2.19998485271508	5.86463806932323	5.872725	0.00331693351097977		30G3A09	4.7	1	0.1841	2024-02-16
J7	0.212495768709643	0.00171717673282009	0.327292289178603	14.696731046447	2.11782313081533	7.11398716158856	7.1334125	0.00500634078511598		30G3A09	5	1	0.2239	2024-02-16
J8	0.218210883856286	0.000567110343871811	0.39830180523987	14.9385741307184	1.74025618624176	7.25651981539217	7.281825	0.00278367732177884		30G3A09	5.3	1	0.2284	2024-02-16
J9	0.313665354633833	0.000926714946898516	0.369499218800817	15.7550457210464	1.87590973212204	10.174264496179	10.216475	0.00841395058354332		30G3A09	5.6	1	0.3264	2024-02-16
K1	0	0.0166329912246363	0	-54.3972151921808	8.83411815549263	0.793357300298579	0.7864625	0.000357757503093029	questionable fit (k < n0)	30G3A09	3.2	2	0.0178	2024-02-16
K10	0.260500235517071	0.000206465538197852	0.503566700634818	14.1777298507996	1.37647540968482	8.86232687475123	8.9262125	0.00541939831953262		30G3A09	5.9	2	0.27	2024-02-16
K11	0.332947953917079	0.000790738940844253	0.398335958259947	15.1640736248155	1.74010697800877	10.9971657512879	11.0936875	0.01133879912438		30G3A09	6.2	2	0.3475	2024-02-16
K12	0.272147640002687	0.000268349212222171	0.474412786629482	14.5881909067107	1.46106344536893	9.14673306738187	9.22265	0.00865265228208714		30G3A09	6.5	2	0.2849	2024-02-16
K13	0.260782828034329	0.000319442955228847	0.472454707306032	14.1889555894382	1.46711879433336	8.86874741508134	8.923925	0.0122618916806123		30G3A09	6.8	2	0.2901	2024-02-16
K14	0.259138909651104	0.000674588740406526	0.374304974584073	15.8918799162096	1.85182465536337	8.37041831094187	8.4115375	0.0139056827384725		30G3A09	7.1	2	0.2972	2024-02-16
K15	0.229686136417792	0.000114500253710168	0.4486423859545	16.9475591231712	1.54498817378847	7.1779337351227	7.2602875	0.0196759006699334		30G3A09	7.4	2	0.2613	2024-02-16
K16	0.178912610818968	0.000352245667344286	0.314742747637574	19.7887106188925	2.20226577343763	5.08204232810925	5.1243625	0.00769548117929826		30G3A09	7.7	2	0.1907	2024-02-16
K17	0.154670345182782	0.00502449874139383	0.142687281703533	23.7859025852035	4.85780633203261	3.77307194134425	3.760375	0.00645155136464069		30G3A09	8	2	0.1827	2024-02-16
K18	0.123113419869241	0.00110759400968178	0.224300286049567	20.9624284276575	3.09026436286742	3.34953431528472	3.362175	0.00632988340937419		30G3A09	8.3	2	0.1357	2024-02-16
K19	0.0919322019148675	0.000291969178754372	0.20814626977588	27.6198917133918	3.33009657730733	1.89659440377316	1.946125	0.00446149669405752		30G3A09	8.6	2	0.094	2024-02-16
K2	0	0	0	0	0	0	0	0	cannot fit data	30G3A09	3.5	2	0.0053	2024-02-16
K20	0	0.00459644682858523	0	1475.5438416115	69.2785410715796	0.28469904237706	0.2833625	0.0010603018029574		30G3A09	8.9	2	0.0117	2024-02-16
K21	0	0.00540345867317698	0	-23.7906897767029	12.2323676053615	0.212824048736306	0.1988625	0.00057230055049243	questionable fit (k < n0)	30G3A09	9.2	2	0.00599999999999999	2024-02-16
K22	0	0.0053185323890884	0	-14.5612591178047	12.1565042094733	0.173235690390438	0.160175	0.000442041665620778	questionable fit (k < n0)	30G3A09	9.5	2	0.00609999999999999	2024-02-16
K23	0	0	0	0	0	0	0	0	cannot fit data	30G3A09	9.8	2	0.00650000000000001	2024-02-16
K24	0	0.00614329552313416	0	0.29078235574228	0.20072584998373	1.09560055140714	1.094075	0.00179467571572564		30G3A09	10.1	2	0.0279	2024-02-16
K3	0	0.000721735302827337	0	21.3070575115101	3.24087256395931	1.86686187717167	1.911175	0.0032259461353029		30G3A09	3.8	2	0.0718	2024-02-16
K4	0.0967599886597374	0.000182003631363481	0.413270542615349	15.1815307639434	1.67722377736729	3.1943992956143	3.2329	0.00335464784308651		30G3A09	4.1	2	0.1049	2024-02-16
K5	0.139444208170982	0.000524372033212835	0.39674118715784	14.0632006165946	1.74710164458973	4.75881649710268	4.803375	0.0068228984377231		30G3A09	4.4	2	0.1557	2024-02-16
K6	0.18870727898143	0.00162584960101522	0.295792333297426	16.0433957494993	2.34335749284945	6.0626596649865	6.06485	0.00382335550418118		30G3A09	4.7	2	0.1969	2024-02-16
K7	0.209869515249342	0.00090984621288908	0.377802185910221	14.3901257207018	1.83468282188463	7.09319170735445	7.1311	0.00374388784944914		30G3A09	5	2	0.2208	2024-02-16
K8	0.224158680205668	0.000448379515318156	0.409210298203107	15.1816003027908	1.69386543692483	7.40020255844124	7.41885	0.00438440551289772		30G3A09	5.3	2	0.2389	2024-02-16
K9	0.311358673586182	0.000827035262831659	0.368064208818953	16.1064118550832	1.88322353532858	9.99028684111577	10.01505	0.00326586271879017		30G3A09	5.6	2	0.3158	2024-02-16
L1	0	0	0	0	0	0	0	0	cannot fit data	30G3A09	3.2	3	0.0103	2024-02-16
L10	0.257877511540305	0.000235614222869252	0.496336948964962	14.0975401907396	1.39652544910348	8.7937109407766	8.8387875	0.00474762132785887		30G3A09	5.9	3	0.2631	2024-02-16
L11	0.336670615228783	0.000541870061514438	0.422978045497311	15.2022625532264	1.63873087016842	11.1079936232601	11.21575	0.0125428696539161		30G3A09	6.2	3	0.3511	2024-02-16
L12	0.280474948234435	0.000439892120727449	0.449950878172859	14.3485452995481	1.5404952277783	9.49342883396704	9.552525	0.011440119442433		30G3A09	6.5	3	0.2917	2024-02-16
L13	0.261734085942548	0.000231293398196909	0.478432790765773	14.6948816017803	1.44878694340851	8.76887524077889	8.8404125	0.013623259294524		30G3A09	6.8	3	0.2762	2024-02-16
L14	0.248923817090318	0.000125518344083654	0.469683589084768	16.1639581678664	1.47577474850808	7.97419751888226	8.0615625	0.0154467890112454		30G3A09	7.1	3	0.2706	2024-02-16
L15	0.21857304690669	0.0000646364139271595	0.494512684532534	16.4319381561551	1.4016772516466	6.94345069587155	7.0223625	0.016984252086004		30G3A09	7.4	3	0.2431	2024-02-16
L16	0.180648655079485	0.000229981480381914	0.334818840310711	19.9063965506123	2.07021558260194	5.11050539296254	5.173125	0.00886388281453883		30G3A09	7.7	3	0.1934	2024-02-16
L17	0.149811847261684	0.00638376555428299	0.135121494500295	23.0316842837548	5.12980694243603	3.75856046557172	3.743575	0.00717092721470746		30G3A09	8	3	0.1488	2024-02-16
L18	0.11503758748968	0.00188055771914998	0.199230140213341	20.5652021410051	3.47912810691045	3.17183313899723	3.1877875	0.00866813450912596		30G3A09	8.3	3	0.1271	2024-02-16
L19	0.0945501471673792	0.000672954874978951	0.169102786560812	29.2015558447764	4.0989695951029	1.81434948688695	1.8285625	0.00457723841591693		30G3A09	8.6	3	0.1067	2024-02-16
L2	0	0	0	0	0	0	0	0	cannot fit data	30G3A09	3.5	3	0.00520000000000001	2024-02-16
L20	0	0.00345450492059914	0	877.972970527277	38.2723780023733	0.265882449511345	0.2654	0.00121357804488762		30G3A09	8.9	3	0.0125	2024-02-16
L21	0	0.00431387229388835	0	-11.7965955511496	5.64671536187436	0.166244482850329	0.1563375	0.000711107078305139	questionable fit (k < n0)	30G3A09	9.2	3	0.00549999999999999	2024-02-16
L22	0	0	0	0	0	0	0	0	cannot fit data	30G3A09	9.5	3	0.0042	2024-02-16
L23	0	0.00236618759809878	0	-16.3511009045456	20.6346770793725	0.0702240803280657	0.0552249999999999	0.000549744570144969	questionable fit (k < n0)	30G3A09	9.8	3	0.0034	2024-02-16
L24	0	0.0174498065760181	0	-9.25009969189198	11.3499436012924	1.13068091315442	1.1282125	0.00182474654328952	questionable fit	30G3A09	10.1	3	0.0304	2024-02-16
L3	0	0.000755128839857238	0	20.3806012064037	3.11276813836008	1.98312362274894	2.03785	0.00407251032935949		30G3A09	3.8	3	0.0739	2024-02-16
L4	0.101886537189821	0.000154502369728763	0.439477622087266	14.7672777072416	1.57720699695219	3.40596427180465	3.4610625	0.00412911791420611		30G3A09	4.1	3	0.1086	2024-02-16
L5	0.154039286105704	0.000893836221031917	0.371455789335998	13.8471952486891	1.86602874543695	5.28922660759148	5.330975	0.00512214757409011		30G3A09	4.4	3	0.1647	2024-02-16
L6	0.184527150555069	0.00103072304335169	0.349426067567787	14.8298456808639	1.98367335724167	6.15469476060026	6.1754875	0.00490559624179327		30G3A09	4.7	3	0.1928	2024-02-16
L7	0.215330542164369	0.00101212268903752	0.361221182782784	14.8258554816923	1.91889959282028	7.18360773185927	7.2012125	0.00552683075593955		30G3A09	5	3	0.227	2024-02-16
L8	0.224135495786169	0.000198578600679969	0.485473480961342	14.4764543319669	1.42777557939388	7.55817218020876	7.584625	0.00345805964803574		30G3A09	5.3	3	0.2324	2024-02-16
L9	0.332493196046321	0.00098590254700511	0.356935212893404	16.299449778861	1.94194115772755	10.6038678754911	10.6189875	0.00664254387464941		30G3A09	5.6	3	0.3473	2024-02-16
M1	0	0.00975051154835946	0	-1.24487765204582	0.280640671031442	0.448435538992999	0.445625	0.000295872710400369	questionable fit (k < n0)	23G4A04	3.2	1	0.0101	2024-02-16
M10	0	0.00113971956454917	0	26.6664808407507	4.40202215019327	1.66832564958454	1.6606875	0.00165564450021055		23G4A04	5.9	1	0.0798	2024-02-16
M11	0.356379390666562	0.0015847403099161	0.092138474862298	58.7281114530585	7.52288532663322	1.22589326896295	1.242875	0.00226092449582909		23G4A04	6.2	1	0.0948	2024-02-16
M12	0.150281615608388	0.00115381208274749	0.153355942833339	31.7022756036415	4.51985862271557	2.54682024843826	2.56195	0.00142437110465907		23G4A04	6.5	1	0.1402	2024-02-16
M13	0	0.00221850580988684	0	28.56240617566	6.97170684262925	0.819725927453771	0.8211625	0.000630351041856712		23G4A04	6.8	1	0.0356	2024-02-16
M14	0	0.00334774486975049	0	5.8248550597769	5.22811425699703	0.41888091768069	0.418325	0.000516356858546254		23G4A04	7.1	1	0.0124	2024-02-16
M15	0	0.000263115178774504	0	7.37635733652122	1.96753392711771	0.154387253425847	0.1562625	0.00114932146218567		23G4A04	7.4	1	0.0058	2024-02-16
M16	0	0.000159623858296207	0	30.7085369849943	13.2723528683756	0.0194838189238524	0.0194375	0.000527366926981378		23G4A04	7.7	1	0.00299999999999999	2024-02-16
M17	0	0.00638968472973842	0	2171.72646855827	110.994776509579	0.359354909396638	0.358025	0.000516229704683732		23G4A04	8	1	0.0093	2024-02-16
M18	0	0.000248253535589928	0	271.504889401551	12.6000592714953	0.0594590759607634	0.06085	0.000695821416344571		23G4A04	8.3	1	0.00410000000000001	2024-02-16
M19	0	0.00285769981210068	0	-18.8924402347244	35.7733166049801	0.161885459023835	0.161225	0.000410823002521314	questionable fit	23G4A04	8.6	1	0.0053	2024-02-16
M2	0	0.000166587074096278	0	-49.5295708994841	37.4383811213685	0.00661056359461437	0.00566250000000001	0.00017238886582415	questionable fit (k < n0)	23G4A04	3.5	1	0.00140000000000001	2024-02-16
M20	0	0.00370000000000001	0	-0.470059104806284	0.273022213569036	0.124634564966845	0.1240125	0.000315462406750034	questionable fit (k < n0)	23G4A04	8.9	1	0.00370000000000001	2024-02-16
M21	0	0.00509999999999999	0	-0.286724417006277	0.137355459144142	0.188186239767171	0.18475	0.00044487508633364	questionable fit (k < n0)	23G4A04	9.2	1	0.00509999999999999	2024-02-16
M22	0	0.00260000000000001	0	-0.867313574788627	0.510052526729248	0.0872465626751523	0.0864999999999999	0.000251889025801215	questionable fit (k < n0)	23G4A04	9.5	1	0.00260000000000001	2024-02-16
M23	0	0	0	0	0	0	0	0	cannot fit data	23G4A04	9.8	1	0.0039	2024-02-16
M24	0	0.00166693615925987	0	-7.3090263231571	18.4638968505189	0.0330715726375242	0.0267875000000001	0.000298078114483833	questionable fit (k < n0)	23G4A04	10.1	1	0.0019	2024-02-16
M3	0	0	0	0	0	0	0	0	cannot fit data	23G4A04	3.8	1	0.0083	2024-02-16
M4	0	0.0050742127479963	0	-31.9653113659804	20.649114376357	0.281856220874641	0.28075	0.000252011397752374	questionable fit	23G4A04	4.1	1	0.0067	2024-02-16
M5	0	0.00813303399181126	0	-3.75553681720498	26.9602035058778	0.498923094486542	0.497125	0.000223843295563142	questionable fit	23G4A04	4.4	1	0.0126	2024-02-16
M6	0	0.00617058994877279	0	50.2756651172231	35.7376330257133	0.410318593350299	0.4089125	0.000272536932588574		23G4A04	4.7	1	0.0114	2024-02-16
M7	0	0.00327878496630691	0	434.472156708249	15.2667387694594	0.572008478216538	0.578075	0.00110793196722881		23G4A04	5	1	0.0311	2024-02-16
M8	0	0.00643019199415578	0	430.298002466024	17.8354972127786	0.911517607562439	0.9173	0.00417855438336261		23G4A04	5.3	1	0.0457	2024-02-16
M9	0	0.00142027766890272	0	317.507384019671	10.2443712608681	0.526501186226024	0.5389125	0.00162536035588857		23G4A04	5.6	1	0.0402	2024-02-16
N1	0	0.00868137423989656	0	-22.1232856534713	5.48142650108486	0.439647062494647	0.4378625	0.000250379249048974	questionable fit	23G4A04	3.2	2	0.0097	2024-02-16
N10	0	0.001383472926292	0	27.2183302899759	4.60812574983269	1.78442612918689	1.786275	0.00202924039035659		23G4A04	5.9	2	0.0839	2024-02-16
N11	0.424614041710023	0.0016933658335825	0.0928041517641001	59.4851239222125	7.46892426021913	1.35776507981225	1.3863125	0.0034316985662335		23G4A04	6.2	2	0.1028	2024-02-16
N12	0.147238310330575	0.00103198154826	0.149031127332651	33.2382780446948	4.65102286324907	2.29687782867129	2.31265	0.00143951141310577		23G4A04	6.5	2	0.1341	2024-02-16
N13	0	0.00298325161742701	0	28.0161692044442	7.37469266405005	0.931629700856181	0.93165	0.000587512430504449		23G4A04	6.8	2	0.039	2024-02-16
N14	0	0.00363771631511472	0	4.55403355973809	5.11900793135864	0.420054433551582	0.419425	0.000535415753457813		23G4A04	7.1	2	0.0129	2024-02-16
N15	0	0.000649318819141557	0	7.34994070067734	3.38546837682947	0.142480134246055	0.1424	0.000630382676725221		23G4A04	7.4	2	0.0052	2024-02-16
N16	0	0.000228447673083996	0	324.824859859436	13.435667782807	0.0488009579333106	0.0489499999999999	0.000569524504919498		23G4A04	7.7	2	0.0035	2024-02-16
N17	0	0.00459863019960586	0	6109.91718646733	393.218609832226	0.231341198101791	0.2299125	0.000399533635763242		23G4A04	8	2	0.0082	2024-02-16
N18	0	0.00426621647926888	0	1754.04434568168	86.4342291851992	0.251027731945625	0.24965	0.000722749759033587		23G4A04	8.3	2	0.0091	2024-02-16
N19	0	0.0020808519253831	0	-4.25410861811821	12.4359811521915	0.144073842269722	0.1435375	0.000376283369625391	questionable fit	23G4A04	8.6	2	0.00460000000000001	2024-02-16
N2	0	0.00000949265500832575	0	4.84195702872861	1.01317269340691	0.0116974524967831	0.011875	0.000202828982779926		23G4A04	3.5	2	0.001	2024-02-16
N20	0	0	0	0	0	0	0	0	cannot fit data	23G4A04	8.9	2	0.0048	2024-02-16
N21	0	0.00306096145873328	0	-2.95845682602995	0.80421920066537	0.158771182678745	0.1569875	0.000262801397022545	questionable fit	23G4A04	9.2	2	0.0043	2024-02-16
N22	0	0.00270546330129593	0	-1.17995130814901	0.487543412864985	0.10635942170634	0.100875	0.000290971913034388	questionable fit (k < n0)	23G4A04	9.5	2	0.0028	2024-02-16
N23	0	0	0	0	0	0	0	0	cannot fit data	23G4A04	9.8	2	0.00369999999999999	2024-02-16
N24	0	0.00266303446674784	0	-20.8641895595451	17.456983537066	0.0914682339481251	0.0781500000000001	0.000430899778149032	questionable fit (k < n0)	23G4A04	10.1	2	0.00330000000000001	2024-02-16
N3	0	0	0	0	0	0	0	0	cannot fit data	23G4A04	3.8	2	0.004	2024-02-16
N4	0	0.00501069383201839	0	-18.6175796016739	9.56427720789249	0.284769538260817	0.2836125	0.000272672422006947	questionable fit	23G4A04	4.1	2	0.0069	2024-02-16
N5	0	0.00769437543562331	0	-13.6274600408126	16.6159057677714	0.472382767079078	0.4707125	0.000295699146671592	questionable fit	23G4A04	4.4	2	0.012	2024-02-16
N6	0	0.00535591344254511	0	93.4095292558547	37.9811109954921	0.374515583704442	0.373275	0.000318019000044323		23G4A04	4.7	2	0.0113	2024-02-16
N7	0	0.00403694603494091	0	474.575206351479	17.17950090544	0.59950329456299	0.60445	0.00118956293895564		23G4A04	5	2	0.0308	2024-02-16
N8	0	0.000521495365197427	0	39.3823999390833	6.21983342998421	0.491592794002834	0.4936625	0.000976549030968456		23G4A04	5.3	2	0.0319	2024-02-16
N9	0	0.00241259298646334	0	352.219763647921	11.9155261089671	0.643184889567177	0.6564375	0.00169659595204679		23G4A04	5.6	2	0.0436	2024-02-16
O1	0	0.0096	0	-1.35611845110065	0.388253499206701	0.422071615849672	0.4202	0.000274886248346915	questionable fit (k < n0)	23G4A04	3.2	3	0.0096	2024-02-16
O10	0.0983337561721521	0.000993457447273207	0.158490426350408	28.9277859104358	4.373432493818	1.91736688227166	1.914075	0.00189393106586536		23G4A04	5.9	3	0.0996	2024-02-16
O11	0	0.00325844052967472	0	91.1943143478572	10.2747173898432	1.16884815963698	1.178675	0.00223940082946662		23G4A04	6.2	3	0.0768	2024-02-16
O12	0.0934727103247639	0.0017276364857659	0.116327559978371	34.1471918940424	5.95858093033862	1.44169125381726	1.453525	0.00137391395633946		23G4A04	6.5	3	0.0767	2024-02-16
O13	0	0.00194553321029391	0	30.2718760735658	6.9257209419617	0.801512751575852	0.80245	0.00047530529252869		23G4A04	6.8	3	0.0361	2024-02-16
O14	0	0.00462969450888729	0	5.44215930151323	5.49106027244775	0.547266558551743	0.5462375	0.000526989533088244		23G4A04	7.1	3	0.0148	2024-02-16
O15	0	0.00171285649394732	0	-1.66354644485901	3.64585751681645	0.134207328571436	0.1336625	0.000665596981012867	questionable fit	23G4A04	7.4	3	0.00509999999999999	2024-02-16
O16	0	0.0000000000000068599931243044	0	33.1285585770892	1.01877682153849	0.000635854312826723	0.000625000000000001	0.0000508741353914373		23G4A04	7.7	3	0.000399999999999998	2024-02-16
O17	0	0.00518288035300902	0	-184.832636932824	68.7837925029941	0.257054010677054	0.2556875	0.000634402549055312	questionable fit	23G4A04	8	3	0.00789999999999999	2024-02-16
O18	0	0.00223816939557618	0	1077.48713779271	49.1803175459406	0.154443740292694	0.1541625	0.000630292256259864		23G4A04	8.3	3	0.00530000000000001	2024-02-16
O19	0	0.00292680404529389	0	88.4711260830994	74.8858669464292	0.164052225394642	0.163375	0.000709348035165463		23G4A04	8.6	3	0.0063	2024-02-16
O2	0	0.00362810947440079	0	-4.23726043176583	2.51423069975335	0.123876477645688	0.121775	0.00020189332723448	questionable fit (k < n0)	23G4A04	3.5	3	0.0044	2024-02-16
O20	0	0.00407332431984401	0	-40.1852101990056	11.6556395782061	0.183994393095008	0.1781625	0.000312029036666417	questionable fit (k < n0)	23G4A04	8.9	3	0.0049	2024-02-16
O21	0	0.00308364737359592	0	-2.08430255839083	0.694239995363091	0.166771917690235	0.1662	0.000396543175733703	questionable fit	23G4A04	9.2	3	0.0048	2024-02-16
O22	0	0.00375519491240557	0	-21.2214017114643	6.23754356375509	0.166905577094811	0.161825	0.000255248451512964	questionable fit (k < n0)	23G4A04	9.5	3	0.00410000000000001	2024-02-16
O23	0	0	0	0	0	0	0	0	cannot fit data	23G4A04	9.8	3	0.00460000000000001	2024-02-16
O24	0	0.00450225121239884	0	-14.243767402517	11.4597498171398	0.147925699810712	0.1362375	0.000357940780529158	questionable fit (k < n0)	23G4A04	10.1	3	0.005	2024-02-16
O3	0	0	0	0	0	0	0	0	cannot fit data	23G4A04	3.8	3	0.004	2024-02-16
O4	0	0.00370041574013749	0	-9.13338868480366	8.81929775808714	0.23830222985276	0.2374625	0.000227838092205773	questionable fit	23G4A04	4.1	3	0.0059	2024-02-16
O5	0	0.00783473015038317	0	-16.0143229281529	20.2849163035387	0.469127706371319	0.467575	0.000214588148014641	questionable fit	23G4A04	4.4	3	0.0116	2024-02-16
O6	0	0.00619999813332615	0	-0.35947778938364	21.0830751175765	0.405655558280876	0.404325	0.000298040869014399	questionable fit	23G4A04	4.7	3	0.0111	2024-02-16
O7	0	0.00843294366569978	0	715.850626992814	27.823961503475	0.786223310167276	0.786925	0.00146119139433306		23G4A04	5	3	0.0327	2024-02-16
O8	0	0.00180880148687365	0	48.8252033282897	9.77256865670725	0.537510599676562	0.5409	0.000987111016153876		23G4A04	5.3	3	0.027	2024-02-16
O9	0	0.00216831208026036	0	354.955783396633	12.4996173561768	0.527129408502841	0.532125	0.00134713478138116		23G4A04	5.6	3	0.0358	2024-02-16
