sample	k	n0	r	t_mid	t_gen	auc_l	auc_e	sigma	note	strain	pH	replicate	max.OD	date
A1	0	0.0175784521500747	0	-31.3357975985635	13.645615524506	0.732708183773228	0.68825	0.00113434985991683	questionable fit (k < n0)	25G2A02	3.2	1	0.018	2023-03-31
A10	0.282006680006852	0.0137010588078886	0.193752764308151	15.3528317591187	3.57748279378115	9.1944649079266	9.183125	0.0094481065689132		25G2A02	5.9	1	0.296	2023-03-31
A11	0.302539009371621	0.0196041750803658	0.157274596110857	16.9733327044592	4.40724184134209	9.33394550680262	9.33275	0.00694388328358183		25G2A02	6.2	1	0.301	2023-03-31
A12	0.282185281361823	0.0125446899263897	0.178025866553893	17.2322849830103	3.89351948667589	8.67426168856337	8.68525	0.00558831833698498		25G2A02	6.5	1	0.287	2023-03-31
A13	0.285028358990437	0.0119549580923011	0.178639476482604	17.513455552807	3.88014561063408	8.6861359990509	8.734125	0.00502706331529013		25G2A02	6.8	1	0.286	2023-03-31
A14	0.295740078015795	0.0121253130716051	0.160325926216142	19.6619578220424	4.32336302006131	8.38290845353744	8.432125	0.00271363217526011		25G2A02	7.1	1	0.294	2023-03-31
A15	0.245125524980242	0.0131262994327911	0.163284091905994	17.5896879603957	4.24503803444004	7.4319963490679	7.47025	0.00526686874206285		25G2A02	7.4	1	0.248	2023-03-31
A16	0.197508140038054	0.00635356142113035	0.251469898927079	13.5366774233345	2.75638230864738	6.8216685396142	6.854875	0.00654636520252244		25G2A02	7.7	1	0.203	2023-03-31
A17	0.172685627061713	0.00229233817965178	0.344744614904647	12.4977641623406	2.01061061026773	6.15938679162485	6.20925	0.0100506028603744		25G2A02	8	1	0.191	2023-03-31
A18	0.123170682535042	0.00970691663222354	0.161488221582273	15.2249175354131	4.29224604598676	4.00323611987057	4.025875	0.006637127069661		25G2A02	8.3	1	0.125	2023-03-31
A19	0.124770136844652	0.00966736036322853	0.119800560643723	20.6766155684978	5.78584254393691	3.38849273014552	3.36425	0.00315769103870527		25G2A02	8.6	1	0.119	2023-03-31
A2	0	0.0162705704814796	0	-2.11070976890639	2.0076304376214	1.13525754513239	1.131125	0.000405927008477864	questionable fit	25G2A02	3.5	1	0.025	2023-03-31
A20	0.103691657784058	0.015478705650746	0.0760683056617799	22.8779717952495	9.1121679986125	2.59114346831058	2.519875	0.00671264175472487		25G2A02	8.9	1	0.092	2023-03-31
A21	0	0.00634265628311876	0	21.1728655070918	6.19576275926626	1.97534628544169	1.970125	0.0027356813451057		25G2A02	9.2	1	0.073	2023-03-31
A22	0.053	0.00153394357805707	0.0753113389350702	257.738575628097	9.20375590663106	0.748045932092084	0.83575	0.00486794185498155		25G2A02	9.5	1	0.053	2023-03-31
A23	0.139	0.053957527254588	0.0183907941815083	772.283133697983	37.6898992897705	4.18578792546407	4.117	0.032096908389506		25G2A02	9.8	1	0.139	2023-03-31
A24	0.154	0.0756613519878924	0.0126185188090646	1030.9782803431	54.930946416787	5.02021901560053	4.993375	0.0332745455511865		25G2A02	10.1	1	0.154	2023-03-31
A3	0.182447747098892	0.0137962831675253	0.190235027515273	13.159695426556	3.64363592558839	6.31969492856663	6.357375	0.00444947509295512		25G2A02	3.8	1	0.185	2023-03-31
A4	0.168592507289875	0.0107995737269611	0.197643581549657	13.5687531150095	3.50705636441725	5.78380184500257	5.811	0.00344305147950476		25G2A02	4.1	1	0.171	2023-03-31
A5	0.19509081330201	0.0120565053202434	0.221134269823365	12.3005323321779	3.13450819320591	6.94861323535491	6.998	0.00588667078630548		25G2A02	4.4	1	0.2	2023-03-31
A6	0.190551478722068	0.00918533389076203	0.225272424927956	13.2413446465288	3.07692865996191	6.62085451579175	6.6485	0.00540370368236153		25G2A02	4.7	1	0.197	2023-03-31
A7	0.216259472931961	0.0139835663941843	0.197287971618166	13.5423858146439	3.51337780440803	7.4239584340891	7.435875	0.00568728772335733		25G2A02	5	1	0.224	2023-03-31
A8	0.222652583081838	0.0102657347235909	0.209183837313065	14.4829437285075	3.31357904828268	7.45891766964132	7.456375	0.00684834872597794		25G2A02	5.3	1	0.235	2023-03-31
A9	0.25814686100222	0.0186454231015076	0.174073932640568	14.6659449579975	3.98191257039715	8.55106786734937	8.531	0.00510370947129916		25G2A02	5.6	1	0.267	2023-03-31
B1	0	0.015	0	-33.3475847363229	14.3620230143003	0.629035711755909	0.588875	0.00140471213611327	questionable fit (k < n0)	25G2A02	3.2	2	0.015	2023-03-31
B10	0.267943438198026	0.0159197391481178	0.19045427248867	14.501976226284	3.63944148641339	8.94654735965284	8.946625	0.00796186687888297		25G2A02	5.9	2	0.28	2023-03-31
B11	0.281634883057893	0.0181120376957261	0.180598739839938	14.8260352369424	3.83805103609399	9.30069735235704	9.30975	0.00750052778419029		25G2A02	6.2	2	0.29	2023-03-31
B12	0.254023769729899	0.0129015469428559	0.170313708467411	17.1915505659936	4.06982612731128	7.80790097792887	7.83275	0.00570821093890606		25G2A02	6.5	2	0.259	2023-03-31
B13	0.258688739406697	0.0130300242436086	0.180189724471589	16.297749457312	3.846763085923	8.1843422584754	8.21225	0.005220969809646		25G2A02	6.8	2	0.267	2023-03-31
B14	0.23890570956338	0.00892278519350898	0.181961377718057	17.8576188297076	3.80930936692484	7.20535887740373	7.2585	0.00549360842966306		25G2A02	7.1	2	0.244	2023-03-31
B15	0.230169850562745	0.00991423071148773	0.178145788304195	17.4060674640803	3.89089850036955	7.03737542196542	7.084625	0.00438938201204289		25G2A02	7.4	2	0.227	2023-03-31
B16	0.184418448780221	0.00985305114958338	0.220512988449139	13.0355962003643	3.14333947145167	6.44027359831758	6.559125	0.00874487833780182		25G2A02	7.7	2	0.205	2023-03-31
B17	0.155539936003724	0.00249502559429434	0.342039262357122	12.034970472849	2.02651349375275	5.61848910088711	5.659625	0.00911928318857444		25G2A02	8	2	0.173	2023-03-31
B18	0.15225844183203	0.00398570855136107	0.21211856213805	17.0486648261562	3.26773467429425	4.72569972011267	4.789625	0.00456937519547429		25G2A02	8.3	2	0.157	2023-03-31
B19	0.136306121433493	0.0106496694630365	0.116158608681932	21.2470068649001	5.96724761449179	3.62918320166901	3.581625	0.00388223231737371		25G2A02	8.6	2	0.13	2023-03-31
B2	0.115105231743266	0.0161030988712808	0.0641726805327183	28.3006670290446	10.8012813989677	2.46183518989689	2.467125	0.000697538993401508		25G2A02	3.5	2	0.091	2023-03-31
B20	0	0.0123408572603438	0	15.2298561083263	6.22762574967372	2.52113483672747	2.50375	0.0053329162658754		25G2A02	8.9	2	0.081	2023-03-31
B21	0	0.00994974177842508	0	6.30826140786385	4.11329329919551	1.55568144555703	1.587375	0.00573709252221377		25G2A02	9.2	2	0.047	2023-03-31
B22	0	0.00728807748701389	0	5.4131375490221	3.78817103364069	1.10518826494632	1.13125	0.00601469313551316		25G2A02	9.5	2	0.04	2023-03-31
B23	0.109641913079144	0.00690991138249825	0.0710399032411163	37.9950807327953	9.75715265556227	1.62836439866195	1.627625	0.00798865777861603		25G2A02	9.8	2	0.072	2023-03-31
B24	0.154	0.0548637675281531	0.0180213017481139	802.770515068341	38.462658816114	4.21293348685963	4.16375	0.0351081768035397		25G2A02	10.1	2	0.154	2023-03-31
B3	0.164496092716848	0.0141695966160217	0.186721861343413	12.6482832084775	3.71219082528922	5.77069172277992	5.817625	0.00464353208619142		25G2A02	3.8	2	0.168	2023-03-31
B4	0.175558659584773	0.0109637877476408	0.205494033245167	13.1823258828906	3.37307691913846	6.0940324531073	6.15975	0.00492363015870419		25G2A02	4.1	2	0.18	2023-03-31
B5	0.204304480819813	0.00725077388097552	0.294294191062939	11.2213159843104	2.35528665399891	7.53080296210706	7.630375	0.00804493974681007		25G2A02	4.4	2	0.207	2023-03-31
B6	0.175135591088485	0.0117813137675416	0.193890379319324	13.5613052833217	3.57494365111525	6.00548467638087	6.0565	0.00436486541695595		25G2A02	4.7	2	0.179	2023-03-31
B7	0.19587190566307	0.0109573645265998	0.214992800770323	13.1440772840796	3.22404833127614	6.81543316242825	6.85075	0.00549110720843542		25G2A02	5	2	0.204	2023-03-31
B8	0.209491845547714	0.0103517174453125	0.211683769557713	13.9682711703653	3.27444651051042	7.12281044436384	7.122125	0.00639518787895183		25G2A02	5.3	2	0.221	2023-03-31
B9	0.246090696134711	0.0150238748561815	0.186038214535003	14.690886774469	3.72583225598272	8.16670592611986	8.187375	0.00725719365105611		25G2A02	5.6	2	0.26	2023-03-31
C1	0	0.0174050932560983	0	-33.086678170827	14.0570459691056	0.731473314335934	0.693	0.00124233361464175	questionable fit (k < n0)	25G2A02	3.2	3	0.018	2023-03-31
C10	0.278253527405467	0.0133987667926232	0.191197403070545	15.6070055468201	3.62529599998907	9.0014639682679	8.98975	0.00917181961071032		25G2A02	5.9	3	0.293	2023-03-31
C11	0.270743726103766	0.0194706220071289	0.181596120121234	14.0841866236852	3.81697131027469	9.12968505725781	9.08475	0.00680858530348092		25G2A02	6.2	3	0.276	2023-03-31
C12	0.263796242454384	0.0161301407915266	0.15470086382017	17.6559573530547	4.48056438369785	7.96610463771199	7.98975	0.00541175807289395		25G2A02	6.5	3	0.268	2023-03-31
C13	0.248943316197459	0.0148037712529249	0.184254604704223	14.9848918308768	3.76189882295007	8.18998695739317	8.17475	0.00491104276614651		25G2A02	6.8	3	0.252	2023-03-31
C14	0.254918561946557	0.0112757465790671	0.163002323346158	18.8527937493315	4.25237607864001	7.42461750676432	7.478375	0.00433407073639016		25G2A02	7.1	3	0.26	2023-03-31
C15	0.237446856745518	0.014952349783609	0.161366003549107	16.7323592978571	4.29549697776959	7.38644363977571	7.480875	0.0062684495803947		25G2A02	7.4	3	0.243	2023-03-31
C16	0.180437846879531	0.00592572689752296	0.228557380813041	14.8001819939449	3.03270530181188	6.00146284660944	6.1285	0.00807171129094465		25G2A02	7.7	3	0.19	2023-03-31
C17	0.148581413137628	0.00788051098835737	0.292414167839468	9.85671675642114	2.37042953725989	5.67011686450525	5.765875	0.0121105299174815		25G2A02	8	3	0.171	2023-03-31
C18	0.141921063381273	0.00903397613474303	0.165530084081571	16.2418041347377	4.18743930691397	4.48412911230923	4.53775	0.00638776808375693		25G2A02	8.3	3	0.145	2023-03-31
C19	0.155326934032748	0.0236869839616536	0.0872496580641706	19.6578976410954	7.94441142737944	4.28123170219778	4.221	0.00887163030678697		25G2A02	8.6	3	0.136	2023-03-31
C2	0	0.019	0	-33.8752280483234	10.4297980506367	0.846835751548441	0.832499999999999	0.00100621224643234	questionable fit (k < n0)	25G2A02	3.5	3	0.019	2023-03-31
C20	0.0864451944422381	0.00473213934680849	0.134091140052738	21.2455229154243	5.16922430734297	2.31132347217308	2.324125	0.0018254662729823		25G2A02	8.9	3	0.087	2023-03-31
C21	0	0.00741354842226671	0	5.64442577290359	2.42328969649639	1.87281367573636	1.91975	0.00798791940565368		25G2A02	9.2	3	0.057	2023-03-31
C22	0	0.00614460053914168	0	7.07585941566281	5.58334697601706	0.803480476365618	0.821125	0.00318940513594503		25G2A02	9.5	3	0.03	2023-03-31
C23	0	0.00135790838104474	0	1.02871688049661	0.22647055360352	1.55635512310221	1.484	0.0106860755208796		25G2A02	9.8	3	0.049	2023-03-31
C24	0.086	0.00199384117502776	0.07872678671899	241.726306924521	8.80446426746829	1.1011365661302	1.298375	0.0113042218750444		25G2A02	10.1	3	0.086	2023-03-31
C3	0.182630247659843	0.0132218814584261	0.214040414814912	11.9156890397076	3.23839393209611	6.56371320651474	6.605625	0.00535469635177506		25G2A02	3.8	3	0.189	2023-03-31
C4	0.178838175805361	0.00774487173192918	0.234135045988931	13.2196276732147	2.9604588994025	6.22306580464738	6.28725	0.00515619904541775		25G2A02	4.1	3	0.184	2023-03-31
C5	0.191336291117911	0.0115386734959273	0.24197531820926	11.3487920421125	2.86453670436136	7.00279914218095	7.085625	0.00643309855352711		25G2A02	4.4	3	0.197	2023-03-31
C6	0.181893310154212	0.00726836597395393	0.237851143008167	13.3659605512088	2.91420580028974	6.30594451769077	6.357375	0.00544592613672784		25G2A02	4.7	3	0.19	2023-03-31
C7	0.214099553965978	0.0119642548389749	0.22247675169952	12.7070078479029	3.11559376548305	7.54506387752322	7.5745	0.00611178215990488		25G2A02	5	3	0.222	2023-03-31
C8	0.221652276642049	0.0073203749453266	0.237284874067507	14.2312661969317	2.92116041228463	7.49921701174867	7.497125	0.00701143487231458		25G2A02	5.3	3	0.235	2023-03-31
C9	0.248338601915848	0.0177028929506269	0.181234699491397	14.1645688474439	3.82458316484172	8.35501299849128	8.366375	0.00695964568679726		25G2A02	5.6	3	0.26	2023-03-31
D1	0	0.0286552295214393	0	-1.4715848595153	2.06472644624483	2.15868272116284	2.15525	0.00082656069740318	questionable fit	35G2B04	3.2	1	0.047	2023-03-31
D10	0.264891033557823	0.0205161444916218	0.0909233850562709	27.2481206334329	7.62342031294775	5.72037884866198	5.67825	0.0032631933035371		35G2B04	5.9	1	0.23	2023-03-31
D11	0.287983232543382	0.0297349543750864	0.0911966292368657	23.7026103923672	7.60057895078149	7.0331865811749	7.004375	0.00264159171611246		35G2B04	6.2	1	0.26	2023-03-31
D12	0.271238769965654	0.0209736779217157	0.0987678135061892	25.101826364401	7.0179459882091	6.31236415994726	6.2685	0.00550346219119332		35G2B04	6.5	1	0.241	2023-03-31
D13	0.277357391291824	0.016227871791293	0.131897332354242	21.0640066261507	5.25520242288396	7.45872556135838	7.478875	0.00586420043641332		35G2B04	6.8	1	0.266	2023-03-31
D14	0.281981568565413	0.0123312949889727	0.142496332660393	21.6495782003272	4.86431592742741	7.44405302128175	7.51375	0.0100325338678233		35G2B04	7.1	1	0.274	2023-03-31
D15	0.26234594209789	0.00927220561643088	0.142667908424516	23.1773189182601	4.85846598730144	6.5506984052672	6.56775	0.00693854625101208		35G2B04	7.4	1	0.25	2023-03-31
D16	0.208511892280018	0.0106543971422435	0.0773069405780808	37.7918766936895	8.96617011844958	3.02650624612609	2.988625	0.00525775030561681		35G2B04	7.7	1	0.137	2023-03-31
D17	0.101	0.0209778596695498	0.0327154302863318	564.889631837702	21.1871638090463	2.46267647781823	2.4505	0.00303837869058545		35G2B04	8	1	0.101	2023-03-31
D18	0.049	0.0195022577112338	0.0164755006712823	982.416544705168	42.0713879589794	1.43544482383134	1.445125	0.00287233718618783		35G2B04	8.3	1	0.049	2023-03-31
D19	0	0.0179179258328354	0	-0.00753950061708354	2.41306693628378	1.63934294273679	1.63925	0.00422090068393284	questionable fit	35G2B04	8.6	1	0.051	2023-03-31
D2	0	0.0323870144508121	0	-2.29764164600277	5.70880224003963	2.47941114848649	2.461625	0.00255234156985818	questionable fit	35G2B04	3.5	1	0.063	2023-03-31
D20	0	0.0145332018672556	0	-0.726195780070857	1.65872658118941	1.18434553491729	1.1795	0.00252980519635943	questionable fit	35G2B04	8.9	1	0.035	2023-03-31
D21	0	0.0163829417580523	0	0.067259856302558	0.98520912199419	1.58353425799109	1.547	0.00673301169361701		35G2B04	9.2	1	0.05	2023-03-31
D22	0	0.0120553528293423	0	-0.555741372186868	0.875963819619528	0.943026092940595	1.000875	0.00624992874472715	questionable fit	35G2B04	9.5	1	0.032	2023-03-31
D23	0	0.0223906465105813	0	-22.9096691846529	11.1516981395212	0.891500895305713	0.868625	0.00472460141132282	questionable fit (k < n0)	35G2B04	9.8	1	0.031	2023-03-31
D24	0	0.00900195927799126	0	-1.02940669287747	0.589582716011031	0.560712569980234	0.604125	0.00593539162091816	questionable fit	35G2B04	10.1	1	0.025	2023-03-31
D3	0.129	0.0356403440377194	0.026220694116055	681.076975473887	26.4351194324611	3.45168586169054	3.42425	0.00461699804392514		35G2B04	3.8	1	0.129	2023-03-31
D4	0.09	0.032300524098664	0.019962746475234	862.850056073518	34.7220349374207	2.61751430669032	2.615875	0.00365369261220353		35G2B04	4.1	1	0.09	2023-03-31
D5	0.143	0.0322409737086854	0.0297804359483082	629.609796532025	23.2752529802816	3.46654413695984	3.450125	0.0056604103693681		35G2B04	4.4	1	0.143	2023-03-31
D6	0.069	0.0303767655151629	0.0138689423439414	1130.63453194899	49.9783735032068	2.08383146951875	2.068875	0.00471738083166614		35G2B04	4.7	1	0.069	2023-03-31
D7	0.108	0.0304169172808935	0.0248341799143917	739.139123741084	27.9110155015934	2.83000507449651	2.811375	0.00437330489328595		35G2B04	5	1	0.108	2023-03-31
D8	0.081	0.0249881263233464	0.0228846512198033	768.84315709838	30.2887369312463	2.1987252190878	2.19175	0.0029175472704312		35G2B04	5.3	1	0.081	2023-03-31
D9	0.348472654968892	0.0285828209752509	0.0677042006199669	35.6723921629814	10.2378755559153	5.76063845953463	5.705125	0.00574938321480648		35G2B04	5.6	1	0.236	2023-03-31
E1	0	0	0	0	0	0	0	0	cannot fit data	35G2B04	3.2	2	0	2023-03-31
E10	0.123591491036671	0.00000000000712991355760571	0.468109708472098	50.364151820636	1.48073660514832	0.0819407626595504	0.081125	0.000227930571433509		35G2B04	5.9	2	0.033	2023-03-31
E11	0.108	0.0000118740503491733	0.188979763214998	63.3495248762798	3.6678381259869	0.552474693756664	0.561125	0.0023995861080369		35G2B04	6.2	2	0.108	2023-03-31
E12	0.015	0.00219900814713629	0.0264191770111625	636.393447254388	26.2365167645866	0.214201149514765	0.214	0.00175467069866135		35G2B04	6.5	2	0.015	2023-03-31
E13	0	0.0000000020621236199799	0	46.0749813596929	1.85611394478741	0.191455533345428	0.1875	0.000460015592352935		35G2B04	6.8	2	0.044	2023-03-31
E14	0.032	0.0000250566457378019	0.148693137768947	153.901930973891	4.66159495293603	0.218370755606741	0.272875	0.0017068798688141		35G2B04	7.1	2	0.032	2023-03-31
E15	0	0	0	0	0	0	0	0	cannot fit data	35G2B04	7.4	2	0	2023-03-31
E16	0	0	0	0	0	0	0	0	cannot fit data	35G2B04	7.7	2	0	2023-03-31
E17	0	0	0	0	0	0	0	0	cannot fit data	35G2B04	8	2	0	2023-03-31
E18	0	0	0	0	0	0	0	0	cannot fit data	35G2B04	8.3	2	0.002	2023-03-31
E19	0	0	0	0	0	0	0	0	cannot fit data	35G2B04	8.6	2	0.002	2023-03-31
E2	0	0	0	0	0	0	0	0	cannot fit data	35G2B04	3.5	2	0.00399999999999999	2023-03-31
E20	0	0	0	0	0	0	0	0	cannot fit data	35G2B04	8.9	2	0.002	2023-03-31
E21	0	0	0	0	0	0	0	0	cannot fit data	35G2B04	9.2	2	0	2023-03-31
E22	0	0	0	0	0	0	0	0	cannot fit data	35G2B04	9.5	2	0.003	2023-03-31
E23	0	0	0	0	0	0	0	0	cannot fit data	35G2B04	9.8	2	0	2023-03-31
E24	0	0.00150106401295165	0	-563.829870180916	356.196360735279	0.0707578912375606	0.077125	0.000581724448888195	questionable fit (k < n0)	35G2B04	10.1	2	0.003	2023-03-31
E3	0	0	0	0	0	0	0	0	cannot fit data	35G2B04	3.8	2	0	2023-03-31
E4	0	0	0	0	0	0	0	0	cannot fit data	35G2B04	4.1	2	0	2023-03-31
E5	0	0	0	0	0	0	0	0	cannot fit data	35G2B04	4.4	2	0	2023-03-31
E6	0	0	0	0	0	0	0	0	cannot fit data	35G2B04	4.7	2	0	2023-03-31
E7	0	0	0	0	0	0	0	0	cannot fit data	35G2B04	5	2	0	2023-03-31
E8	0	0.000000000000000000000000508258003223134	0	47.8701839073952	0.666431443387039	0.00181026666462683	0.0015	0.000193953837244962		35G2B04	5.3	2	0.003	2023-03-31
E9	0.217407568317795	0.0000000000789235099047821	0.495063345389163	43.9066246200674	1.40011816066704	0.983852511432678	0.99025	0.00136717098398552		35G2B04	5.6	2	0.196	2023-03-31
F1	0	0.0159418051756781	0	-74.2492834830127	36.8320730786388	0.69252429385997	0.618125	0.0036346856603872	questionable fit (k < n0)	35G2B04	3.2	3	0.019	2023-03-31
F10	0.279869253502918	0.0100255963728481	0.112755642354587	29.202097694391	6.14733920259334	5.5031008476711	5.4655	0.00445083255299456		35G2B04	5.9	3	0.249	2023-03-31
F11	0.257960847189498	0.016450013805604	0.100695685397447	26.6802694053624	6.88358371884639	5.66131082643371	5.632	0.00337321247310077		35G2B04	6.2	3	0.23	2023-03-31
F12	0.285625174322712	0.0149771795281978	0.0870546472187554	33.2468337873665	7.96220767879478	4.88486479728201	4.864125	0.0046556925426279		35G2B04	6.5	3	0.221	2023-03-31
F13	0.263028065975282	0.00569871037464579	0.151767800361935	25.1049095754199	4.56715573993252	6.08920353512028	6.10125	0.00392857732738637		35G2B04	6.8	3	0.257	2023-03-31
F14	0.245527007699277	0.00453945684629771	0.153974275482524	25.7961136428841	4.50170769362454	5.52197823297141	5.520375	0.00509160258113936		35G2B04	7.1	3	0.241	2023-03-31
F15	0.264717912999228	0.00324932781020028	0.130352453688235	33.6615527494664	5.31748471891256	4.10894887636734	4.1515	0.0078330879615396		35G2B04	7.4	3	0.229	2023-03-31
F16	0.018	0.00257347201836696	0.0356775680995678	495.430283455551	19.4280949482188	0.330618745496302	0.347	0.00184873565799043		35G2B04	7.7	3	0.018	2023-03-31
F17	0	0.00304883274390361	0	3.17955125845425	1.66299354000365	0.645648562736816	0.6425	0.00193444983370038		35G2B04	8	3	0.022	2023-03-31
F18	0	0.00267075658480992	0	4.13765905897398	2.55324364821411	0.468299837407383	0.479875	0.00122132531418788		35G2B04	8.3	3	0.015	2023-03-31
F19	0	0.00751831830199969	0	-0.19640743876415	1.15831168487323	0.669551284273261	0.673625	0.00366610302458862	questionable fit	35G2B04	8.6	3	0.026	2023-03-31
F2	0	0.0142958638000263	0	-2.52632650228963	2.60915676489806	1.00778602623397	1.00775	0.000553167780644006	questionable fit	35G2B04	3.5	3	0.023	2023-03-31
F20	0	0.00338084227720918	0	-0.0539192415635528	0.0830825073733409	0.266577521017675	0.28525	0.00195254618269845	questionable fit	35G2B04	8.9	3	0.011	2023-03-31
F21	0	0.0083447894580746	0	-0.261312620948018	0.999282139305748	0.724444266484589	0.76025	0.00478180013270333	questionable fit	35G2B04	9.2	3	0.026	2023-03-31
F22	0	0.0124255438715312	0	-1.65571232599288	3.09367954195013	0.963115043218776	0.957875	0.00290899841788656	questionable fit	35G2B04	9.5	3	0.027	2023-03-31
F23	0	0.00884838892931939	0	-1.72911820275544	2.49433827464251	0.665520990991753	0.675125	0.00143874617682286	questionable fit	35G2B04	9.8	3	0.017	2023-03-31
F24	0	0.00414700827494848	0	-0.949875843898921	0.938057902085374	0.295609919407159	0.323	0.00275244865724189	questionable fit	35G2B04	10.1	3	0.012	2023-03-31
F3	0	0.0130015713564351	0	0.0970997982415852	3.49963182006532	1.1724880979456	1.164625	0.000509317376374231		35G2B04	3.8	3	0.027	2023-03-31
F4	0	0.0136564308422678	0	-0.524291244813534	3.91930604096189	1.16271653436931	1.16325	0.000275567594204433	questionable fit	35G2B04	4.1	3	0.026	2023-03-31
F5	0	0.0114166496652702	0	-0.424805068350378	1.36183677883034	0.969735628390142	0.983	0.00206570806778093	questionable fit	35G2B04	4.4	3	0.024	2023-03-31
F6	0	0.0123224739302849	0	-0.401878343133243	2.53807213470162	1.07152608464495	1.080125	0.00092995088233557	questionable fit	35G2B04	4.7	3	0.025	2023-03-31
F7	0	0.0197231219105086	0	-3.60138986337513	13.0864382032286	1.3691593178486	1.363375	0.00103253282756403	questionable fit	35G2B04	5	3	0.036	2023-03-31
F8	0.383219145061072	0.00970649121129071	0.0474145981273627	76.9838228845233	14.6188559628418	1.63161808731535	1.61225	0.00248252070218926		35G2B04	5.3	3	0.08	2023-03-31
F9	0.116	0.0116028946735418	0.0458157676266367	429.860518146834	15.1290094320489	2.05193782383725	2.066375	0.00428775256421623		35G2B04	5.6	3	0.116	2023-03-31
G1	0	0.0110200903578341	0	-73.5650542412397	21.4265034825926	0.50599784176221	0.49275	0.000843809672071363	questionable fit (k < n0)	35G3B04	3.2	1	0.013	2023-03-31
G10	0.296936307107595	0.0172294366080094	0.234808450616067	11.8697721684277	2.95196863120273	10.7138236570869	10.579625	0.00990154834460142		35G3B04	5.9	1	0.309	2023-03-31
G11	0.299460147576647	0.0181408345862464	0.248182109451865	11.0456185730212	2.79289744974298	11.0523873717611	10.906625	0.00964934403089404		35G3B04	6.2	1	0.306	2023-03-31
G12	0.291700910634205	0.0179751379931335	0.243026411318577	11.2051080380374	2.8521475373774	10.716629693539	10.61525	0.00516954258050964		35G3B04	6.5	1	0.299	2023-03-31
G13	0.307809294666196	0.0136679324018196	0.280069176308497	10.9580358957918	2.47491419689985	11.4149899825308	11.29225	0.0076176563860697		35G3B04	6.8	1	0.315	2023-03-31
G14	0.295711958282275	0.0172602641085076	0.215672144803243	12.8938190397741	3.21389292619268	10.3600709531147	10.38775	0.00476385877831471		35G3B04	7.1	1	0.302	2023-03-31
G15	0.263916570411148	0.0143410477057814	0.24693326849012	11.5684520307718	2.80702225665344	9.60933052073322	9.7095	0.00781533271567731		35G3B04	7.4	1	0.271	2023-03-31
G16	0.22197632577683	0.0056943514060172	0.285545200797526	12.7374169868463	2.42745169109475	7.85273089015256	7.946375	0.00949910169861418		35G3B04	7.7	1	0.242	2023-03-31
G17	0.137775265987173	0.0192696218220348	0.202670942465831	8.9624625533961	3.42006195918689	5.30443112203824	5.422125	0.00965140155421312		35G3B04	8	1	0.151	2023-03-31
G18	0.107101451885384	0.030058271664956	0.0909687872522141	10.3467154910176	7.61961549117029	3.70383465103281	3.738125	0.00698667791027031		35G3B04	8.3	1	0.106	2023-03-31
G19	0.196476223412773	0.0229224090134081	0.0704436962195896	28.7374575407323	9.83973325873251	4.10961707786309	4.107625	0.00773037478285672		35G3B04	8.6	1	0.149	2023-03-31
G2	0	0.017638486841282	0	-1.3100579654364	0.984363755059754	1.1765437976157	1.171625	0.00124318639440985	questionable fit	35G3B04	3.5	1	0.028	2023-03-31
G20	0.064	0.0338895446100852	0.0137433305334326	1042.57769325053	50.4351677254481	2.31700560646866	2.260625	0.00642250100165234		35G3B04	8.9	1	0.064	2023-03-31
G21	0.056	0.0296554497566833	0.0117888090904205	1213.59040057169	58.7970485605022	1.92496009841246	1.902375	0.007465625241047		35G3B04	9.2	1	0.056	2023-03-31
G22	0.053	0.0346137632091005	0.000281994534426855	32615.3142504399	2458.01636534816	1.67993790668774	1.7405	0.00802400778932915		35G3B04	9.5	1	0.053	2023-03-31
G23	0	0.00619160720094634	0	0.368292077032761	0.223685262235005	1.22115411390357	1.326875	0.00819365920841393		35G3B04	9.8	1	0.043	2023-03-31
G24	0	0.01980865337851	0	38.1243302880457	32.7261138454271	1.32450672411758	1.301	0.00338819622934252		35G3B04	10.1	1	0.038	2023-03-31
G3	0.180604953289061	0.00885563328836062	0.268971737096582	11.0233967984227	2.57702607731998	6.6814033933064	6.7055	0.00508955141097934		35G3B04	3.8	1	0.181	2023-03-31
G4	0.203070855568879	0.00664274749856683	0.325502582404276	10.4047433949748	2.12946753122546	7.65532795998639	7.617125	0.00682485676199486		35G3B04	4.1	1	0.212	2023-03-31
G5	0.226369589645431	0.0138967542400778	0.300516839888275	9.07489524666588	2.30651693534925	8.81008559082938	8.668125	0.00979212814161726		35G3B04	4.4	1	0.24	2023-03-31
G6	0.230521845621504	0.0150063952185174	0.269217946410383	9.89739421150865	2.57466929601842	8.7730666026154	8.6135	0.0101805453602021		35G3B04	4.7	1	0.245	2023-03-31
G7	0.230949146589504	0.0159805452766294	0.285058750673324	9.11783942334651	2.43159411497698	8.96899948473161	8.842375	0.00833686397488317		35G3B04	5	1	0.243	2023-03-31
G8	0.266718253710265	0.0175989290096669	0.251793585821921	10.5248667880991	2.75283891087746	9.97767859051058	9.8145	0.00996757616518978		35G3B04	5.3	1	0.281	2023-03-31
G9	0.275605216553863	0.0183529980651997	0.265574252885709	9.9417169638843	2.60999390200014	10.4740085805153	10.361	0.00954072707015122		35G3B04	5.6	1	0.291	2023-03-31
H1	0	0.00988180748626747	0	-8.74093123231147	1.36885805288747	0.481812420017195	0.45575	0.000979905911958337	questionable fit	35G3B04	3.2	2	0.011	2023-03-31
H10	0.28516139539086	0.0150394731940319	0.24863223425458	11.6163342155111	2.78784117690153	10.3715818946325	10.226875	0.0100456999545513		35G3B04	5.9	2	0.297	2023-03-31
H11	0.287699548268832	0.0163863282690112	0.244277241143635	11.4903320041501	2.83754302003261	10.4937964818665	10.360875	0.00856122624863064		35G3B04	6.2	2	0.294	2023-03-31
H12	0.270344380063236	0.0118276985209388	0.276676702746359	11.1484490029462	2.50526037674875	9.97427715037799	9.844375	0.00679748486900201		35G3B04	6.5	2	0.28	2023-03-31
H13	0.302167985541338	0.0104051965916793	0.301567656303808	11.0543544116714	2.29847984712806	11.190553700273	11.099125	0.00923895123461329		35G3B04	6.8	2	0.317	2023-03-31
H14	0.284637012633504	0.0156465735934507	0.211568830297328	13.4444373449104	3.27622542312037	9.81885890345768	9.850125	0.00480629038328806		35G3B04	7.1	2	0.293	2023-03-31
H15	0.265774758608676	0.0142208962308738	0.222327698885258	12.9221176536642	3.11768252015091	9.31195566206396	9.356625	0.00793750116836561		35G3B04	7.4	2	0.279	2023-03-31
H16	0.198036143799747	0.00729609805058521	0.258961131367902	12.6025545807977	2.67664562978451	7.02188514871149	7.114625	0.00913699034799452		35G3B04	7.7	2	0.214	2023-03-31
H17	0.13364787273263	0.012936103504813	0.233976831758376	9.54531904344687	2.9624607502838	5.10866440812829	5.210875	0.00893064418170461		35G3B04	8	2	0.148	2023-03-31
H18	0.136242865193679	0.0196409278497717	0.137799048707803	12.9257085670026	5.03013037506329	4.66022142740066	4.678	0.00547301226383265		35G3B04	8.3	2	0.141	2023-03-31
H19	0.17746506875586	0.0183219564750765	0.0827322488474657	26.1289129294898	8.3781982264003	4.00414687832874	3.98375	0.0065093236808145		35G3B04	8.6	2	0.147	2023-03-31
H2	0	0.0190213964168278	0	-1.59796014969905	0.773363231158996	1.13023383991853	1.13575	0.00150900101154818	questionable fit	35G3B04	3.5	2	0.027	2023-03-31
H20	0.0861839668783473	0.029048844951198	0.0505336799641994	13.3859299639923	13.716538772775	2.57062399614638	2.483875	0.00566674366206855		35G3B04	8.9	2	0.073	2023-03-31
H21	0	0.0168839714874488	0	2.52132741972223	3.8952769608724	1.85920587853465	1.821	0.00473440114260566		35G3B04	9.2	2	0.051	2023-03-31
H22	0	0.0122987099727485	0	0.878804887527077	1.81148367944615	1.3551670337195	1.36225	0.00324402211687032		35G3B04	9.5	2	0.036	2023-03-31
H23	0	0.0132191941360621	0	-5.60920333502078	6.98624963224826	0.908513869105649	0.946375	0.00506796637457606	questionable fit	35G3B04	9.8	2	0.033	2023-03-31
H24	0.03	0.00791339550403407	0.0255665554834721	654.178414420498	27.1114808957367	0.751997242413708	0.746375	0.00276956061207189		35G3B04	10.1	2	0.03	2023-03-31
H3	0.165065804484282	0.0107046123954946	0.225263206104443	11.8466774578348	3.0770545822675	5.95254176883899	5.999875	0.00455285955942816		35G3B04	3.8	2	0.164	2023-03-31
H4	0.182844732527008	0.00427620572109989	0.346664804541209	10.7651722346454	1.99947376105078	6.83314391363026	6.826625	0.00635813958848144		35G3B04	4.1	2	0.19	2023-03-31
H5	0.214697436019747	0.0112788189455484	0.304077945500519	9.51183574611904	2.2795049454146	8.26916732565592	8.139375	0.00878084873165027		35G3B04	4.4	2	0.226	2023-03-31
H6	0.21264110248691	0.0114394382086492	0.297205255079657	9.64734231254884	2.33221710825459	8.15932727416362	8.022875	0.00908950994168308		35G3B04	4.7	2	0.226	2023-03-31
H7	0.230896193548174	0.0154911222961451	0.275813455201656	9.5435996811204	2.51310140055772	8.86858754574651	8.75225	0.0086050772185082		35G3B04	5	2	0.241	2023-03-31
H8	0.243380660752564	0.0136631287110997	0.27234495215565	10.362408190578	2.54510750088659	9.15848556875874	9.017	0.00919426712727258		35G3B04	5.3	2	0.259	2023-03-31
H9	0.260517098821555	0.0171762598332497	0.268370795826717	9.87788143577649	2.58279660581064	9.91862106330927	9.80125	0.00913760433978933		35G3B04	5.6	2	0.276	2023-03-31
I1	0	0	0	0	0	0	0	0	cannot fit data	35G3B04	3.2	3	0.01	2023-03-31
I10	0.27974400183959	0.0152382749906307	0.24815667232968	11.5010107188022	2.79318373369824	10.2046263244351	10.05375	0.0105855595348498		35G3B04	5.9	3	0.292	2023-03-31
I11	0.282280548214002	0.0176737035324597	0.242238430360839	11.1715026249622	2.86142533010734	10.3785615569171	10.2505	0.00833605399560809		35G3B04	6.2	3	0.289	2023-03-31
I12	0.273899337857499	0.0145221638314035	0.266633005036157	10.8111418908972	2.59963008130201	10.1861629177682	10.07125	0.00566580913826999		35G3B04	6.5	3	0.281	2023-03-31
I13	0.294961666255507	0.0111241165539846	0.292072560968292	11.0906914420465	2.37320198193899	10.9084125458753	10.7975	0.00823732801068253		35G3B04	6.8	3	0.309	2023-03-31
I14	0.293274413290011	0.0154069154877641	0.222930546201641	12.9741211173947	3.10925170359109	10.2617521056128	10.30875	0.0050265834953865		35G3B04	7.1	3	0.301	2023-03-31
I15	0.26873466841571	0.0136248400014193	0.243939021610217	12.010376754376	2.84147725109558	9.66951758519691	9.75525	0.00816256712177797		35G3B04	7.4	3	0.277	2023-03-31
I16	0.202881640184183	0.00985066586244279	0.244952535167493	12.1464822136255	2.82972037862759	7.27445203771709	7.384	0.00778717892473431		35G3B04	7.7	3	0.209	2023-03-31
I17	0.141129880403632	0.0172077072806868	0.20356085129014	9.69880180188378	3.40511044322558	5.34446092811951	5.459875	0.00737575257733317		35G3B04	8	3	0.15	2023-03-31
I18	0.102068218551929	0.0184658283714783	0.143208398643867	10.5451231607179	4.84012939969866	3.70484394066059	3.7285	0.00440029442323472		35G3B04	8.3	3	0.106	2023-03-31
I19	0.149852803758082	0.0278871534900169	0.0504913688741825	29.2242683929677	13.728033048325	3.19662478765472	3.1135	0.00850619617766528		35G3B04	8.6	3	0.101	2023-03-31
I2	0	0.0139920445542472	0	-1.46190162744729	1.2864644818427	0.96714026675609	0.9715	0.00104251897765651	questionable fit	35G3B04	3.5	3	0.023	2023-03-31
I20	0.055	0.0288247207334717	0.0138011445368699	956.877507118279	50.2238911206383	1.97377592727671	1.971	0.00516298993592144		35G3B04	8.9	3	0.055	2023-03-31
I21	0.066	0.0254116535151017	0.0186313927716297	779.94727028752	37.2031865280308	1.98447806960593	2.034	0.00970831197510015		35G3B04	9.2	3	0.066	2023-03-31
I22	0	0.0128795094378482	0	2.98865507714032	3.96531401414871	1.47219637804184	1.495375	0.00363895074271937		35G3B04	9.5	3	0.045	2023-03-31
I23	0	0.010265764116284	0	0.0939506148956317	0.348374380874305	1.08243021638231	1.112	0.00399918978985222		35G3B04	9.8	3	0.036	2023-03-31
I24	0.026	0.00812869723131626	0.0230669818161597	688.935117208767	30.049322710887	0.718972067841474	0.69725	0.00199117393520804		35G3B04	10.1	3	0.026	2023-03-31
I3	0.16306212214659	0.0113536186361295	0.217555736061892	11.9161391504171	3.1860671343676	5.86347964046649	5.895625	0.00361650805708286		35G3B04	3.8	3	0.162	2023-03-31
I4	0.178212997612134	0.0063640128119491	0.303431616877845	10.8622727125504	2.28436043577815	6.63355980100374	6.6215	0.00557475199976683		35G3B04	4.1	3	0.183	2023-03-31
I5	0.205061081257736	0.0108117454879987	0.32469349999057	8.89611119871078	2.13477381154866	8.0264598321223	7.91125	0.00830746404614179		35G3B04	4.4	3	0.217	2023-03-31
I6	0.211260252574176	0.0127532241279728	0.27577525584158	9.95390390081645	2.51344950599239	8.03319794973913	7.895	0.00856684964610051		35G3B04	4.7	3	0.223	2023-03-31
I7	0.222080818334452	0.0156786710933038	0.284748482695921	9.05193647678843	2.43424363142313	8.63799219344038	8.509875	0.00792287599922956		35G3B04	5	3	0.232	2023-03-31
I8	0.236539860641477	0.0136629717792156	0.266856666969167	10.4622837382222	2.5974512401447	8.87489070677136	8.734625	0.00839429601636663		35G3B04	5.3	3	0.249	2023-03-31
I9	0.251846050430685	0.0181841504833532	0.262956307995684	9.71007258148061	2.63597852374518	9.62298758828324	9.51375	0.00771143659555043		35G3B04	5.6	3	0.265	2023-03-31
J1	0	0	0	0	0	0	0	0	cannot fit data	25D05	3.2	1	0.025	2023-03-31
J10	0.22615967274421	0.0101482499379613	0.307267767210723	9.95232935329165	2.25584084803984	8.61736311204053	8.57175	0.00631579464187552		25D05	5.9	1	0.231	2023-03-31
J11	0.212927594631933	0.0142087212379032	0.271895513484731	9.70238584609613	2.54931452040628	8.14414883854307	8.14275	0.00686355745469443		25D05	6.2	1	0.214	2023-03-31
J12	0.222816788415819	0.0114086700509654	0.272799878171143	10.7016795535317	2.54086323354256	8.31340764342497	8.33075	0.00615051894288273		25D05	6.5	1	0.227	2023-03-31
J13	0.257096212314802	0.0132083482420425	0.299546320996156	9.73425233274117	2.3139899640725	9.84535304180249	9.911	0.00815912625186295		25D05	6.8	1	0.261	2023-03-31
J14	0.284946174997389	0.0122939220625511	0.303321803207315	10.2171757937483	2.28518745843731	10.7829840631807	10.884125	0.00780538659045837		25D05	7.1	1	0.29	2023-03-31
J15	0.2508646444869	0.0174000368970411	0.293634933517304	8.84281081371643	2.36057465049232	9.81310738232086	9.920375	0.00993275430271596		25D05	7.4	1	0.258	2023-03-31
J16	0.1928234372354	0.0170741443983784	0.289091072849869	8.06490905530541	2.39767756827244	7.67806107564211	7.705125	0.00532262001772484		25D05	7.7	1	0.204	2023-03-31
J17	0.171828828662374	0.0194030580521754	0.27224839871196	7.57119987481639	2.54601012839491	6.90639571329491	6.912875	0.00687766833439955		25D05	8	1	0.185	2023-03-31
J18	0.151125508528757	0.0168636788327931	0.182715622862603	11.3544188848608	3.79358464098701	5.47214274930605	5.50225	0.00588962547648261		25D05	8.3	1	0.161	2023-03-31
J19	0.14002484288733	0.0157768554213502	0.132311804239697	15.5975157311281	5.23874029640041	4.45337159838915	4.566375	0.00513156845409864		25D05	8.6	1	0.138	2023-03-31
J2	0	0.0234560640660639	0	-13.0973151912643	3.37375985981116	1.19937894924377	1.1945	0.000814424011028641	questionable fit	25D05	3.5	1	0.027	2023-03-31
J20	0.381475869620225	0.0271779993564026	0.031850434674752	80.6183723439606	21.7625658060299	2.76364415881303	2.706	0.00652729071491964		25D05	8.9	1	0.096	2023-03-31
J21	0.076	0.0287215477445715	0.0197567686513743	799.49697554469	35.0840358963119	2.31415449347232	2.2575	0.00489044024055397		25D05	9.2	1	0.076	2023-03-31
J22	0.055	0.0253591257088764	0.0135253141026668	1117.71945940504	51.2481392519584	1.72371478111753	1.716625	0.00511086442038969		25D05	9.5	1	0.055	2023-03-31
J23	0	0	0	0	0	0	0	0	cannot fit data	25D05	9.8	1	0.029	2023-03-31
J24	0	0.0100943029780358	0	0.459561813469003	0.763701180944438	1.1991765814105	1.190875	0.00148771275152006		25D05	10.1	1	0.029	2023-03-31
J3	0.135493354124749	0.0179654654091174	0.276997880702924	6.78064512537213	2.50235553716505	5.54311222440277	5.555125	0.00390498617140855		25D05	3.8	1	0.14	2023-03-31
J4	0.165305409382097	0.0144391661308677	0.25549262395884	9.18401955010665	2.7129831375156	6.39122640464119	6.3935	0.00329838413793335		25D05	4.1	1	0.167	2023-03-31
J5	0.210350843700539	0.021596444076927	0.283099370036086	7.65779882087245	2.44842360642339	8.44859488727311	8.3845	0.00511059325032303		25D05	4.4	1	0.215	2023-03-31
J6	0.183886459385322	0.0149978073121698	0.262649248687619	9.21889415322934	2.63906020680965	7.10942533600137	7.1295	0.00464994512858159		25D05	4.7	1	0.185	2023-03-31
J7	0.162090019654909	0.0183926655438333	0.315896799903449	6.50768671146913	2.19422033009451	6.69687396136676	6.7055	0.00349864336171576		25D05	5	1	0.166	2023-03-31
J8	0.18371799482711	0.00973042674846596	0.309256510755563	9.32470617196027	2.24133415612327	7.11063434853232	7.146875	0.00551965247683624		25D05	5.3	1	0.185	2023-03-31
J9	0.213381976655684	0.0194571363947963	0.291221060840963	7.89522826231514	2.38014097798537	8.53126812797237	8.482875	0.00442262111975581		25D05	5.6	1	0.22	2023-03-31
K1	0	0.0184551429576731	0	-0.519676107265106	0.257047025140383	1.10683086930753	1.077125	0.00130811868132956	questionable fit	25D05	3.2	2	0.025	2023-03-31
K10	0.229803453216243	0.0103499769442849	0.306380339031564	9.96851160357528	2.26237487284892	8.75225352834845	8.72075	0.00657462010847938		25D05	5.9	2	0.235	2023-03-31
K11	0.234150623538149	0.0156818638386507	0.270629178825987	9.73338560320076	2.56124333513067	8.94813588636094	8.958875	0.00766279920939097		25D05	6.2	2	0.236	2023-03-31
K12	0.210201526938059	0.0104881808101723	0.265962313493261	11.0791414179715	2.60618570900463	7.76344181544471	7.787	0.00638008560790134		25D05	6.5	2	0.214	2023-03-31
K13	0.256491575152547	0.0149563650684672	0.297680811147428	9.34517170547857	2.32849130546296	9.91538809346918	9.969625	0.00924049313761137		25D05	6.8	2	0.261	2023-03-31
K14	0.2598610818526	0.0142364264143137	0.294177647259503	9.68122726495214	2.35621974346847	9.96099755335628	10.079375	0.0105010445704524		25D05	7.1	2	0.267	2023-03-31
K15	0.255019948601577	0.0183532208107714	0.275400439650669	9.28410957789293	2.51687027602123	9.85639149869494	9.986	0.0108548227319627		25D05	7.4	2	0.262	2023-03-31
K16	0.197479802352512	0.0158981088084963	0.290020998044102	8.3976867597352	2.38998963948997	7.80394240285099	7.874	0.00661180831934505		25D05	7.7	2	0.203	2023-03-31
K17	0.175511477255186	0.019922814754652	0.264151709194166	7.78094605987665	2.6240495761867	7.01479515371301	7.043625	0.00600714073459807		25D05	8	2	0.183	2023-03-31
K18	0.144687304876569	0.0218421659201891	0.142041838569538	12.1589682907045	4.87988037567261	5.05473388217865	5.108375	0.00680740393404208		25D05	8.3	2	0.152	2023-03-31
K19	0.138198759867827	0.0236955933809396	0.118023457106025	13.3474600607945	5.87296116853504	4.61596883920587	4.67075	0.00497958060257692		25D05	8.6	2	0.138	2023-03-31
K2	0	0.022886893128319	0	-29.4670061159001	9.52972404663589	1.19488509345513	1.18425	0.000692889680782955	questionable fit	25D05	3.5	2	0.027	2023-03-31
K20	0.166207944285331	0.0269769950042968	0.0408743771549531	40.1510605976445	16.9579875904225	2.82251074157083	2.771625	0.00551083176913357		25D05	8.9	2	0.095	2023-03-31
K21	0.079	0.0285245857742201	0.0207586546288413	795.72462433581	33.3907564316289	2.36358614031321	2.313125	0.00434212976725365		25D05	9.2	2	0.079	2023-03-31
K22	0.047	0.0337289939037053	0.000252223197768215	28563.5615389432	2748.14999846654	1.63581364119669	1.709	0.00610113628900642		25D05	9.5	2	0.047	2023-03-31
K23	0	0.0227321379405955	0	-1.26970473936826	0.683118797832354	1.39097714826164	1.315375	0.00718549757724766	questionable fit	25D05	9.8	2	0.037	2023-03-31
K24	0.035	0.0256554645741394	0.00494524428914343	2322.39430564132	140.164396343705	1.39656500215102	1.380625	0.00260885241370227		25D05	10.1	2	0.035	2023-03-31
K3	0.123452370233785	0.0176775448876411	0.285241777959269	6.27193314554242	2.43003386642374	5.10981895968256	5.103125	0.00248744599900355		25D05	3.8	2	0.127	2023-03-31
K4	0.160120588688242	0.014568878573003	0.252793444318834	9.1048396315559	2.74195077498022	6.20030434911954	6.207625	0.00304373436901336		25D05	4.1	2	0.162	2023-03-31
K5	0.218753245902757	0.0242339155231514	0.267214056180417	7.79441939901958	2.59397724231972	8.74378231256055	8.67025	0.00588185294707398		25D05	4.4	2	0.226	2023-03-31
K6	0.18579665299498	0.0169710481214549	0.252729345216189	9.09018861975305	2.74264620899887	7.19696835580913	7.2165	0.00424518670640596		25D05	4.7	2	0.187	2023-03-31
K7	0.222361697548569	0.0190566964318533	0.311431176634977	7.60132234371055	2.22568333732487	8.96467029624377	8.9415	0.00381355418953815		25D05	5	2	0.229	2023-03-31
K8	0.187652463936941	0.0106640862305375	0.292649251825218	9.59921264532015	2.36852538059424	7.20691072637165	7.24175	0.0056371436126781		25D05	5.3	2	0.19	2023-03-31
K9	0.232390405733571	0.020625761539091	0.279036358930037	8.34634828008736	2.48407477512183	9.18530989248007	9.149625	0.00431137646455856		25D05	5.6	2	0.238	2023-03-31
L1	0	0	0	0	0	0	0	0	cannot fit data	25D05	3.2	3	0.021	2023-03-31
L10	0.238552875057655	0.0092625195522832	0.322391424341828	9.95377911620012	2.15001742671979	9.09557240216471	9.061125	0.00696693530708309		25D05	5.9	3	0.244	2023-03-31
L11	0.228014561464881	0.0177722309449725	0.257470167159661	9.59576663839544	2.69214561130151	8.73158179579098	8.708625	0.00714766458046475		25D05	6.2	3	0.23	2023-03-31
L12	0.21161300413088	0.0109767569084868	0.271498676719805	10.7024960836406	2.55304073277415	7.89447166754116	7.915875	0.0072740342433334		25D05	6.5	3	0.212	2023-03-31
L13	0.257111184988509	0.0159905920780634	0.301931775802718	8.98645607096066	2.29570795825361	10.0287815225414	10.100125	0.0100044040686636		25D05	6.8	3	0.261	2023-03-31
L14	0.266796197375886	0.0132182071564942	0.278387347693491	10.6113882138979	2.48986595943689	9.98108795951867	10.058625	0.00533803696422334		25D05	7.1	3	0.272	2023-03-31
L15	0.253538957185176	0.0182424789384177	0.281680492620311	9.0779926669179	2.46075677485508	9.85295385125674	9.959625	0.00893886936213622		25D05	7.4	3	0.261	2023-03-31
L16	0.192803970988514	0.0192899624499744	0.258459237390504	8.4991098745478	2.6818433249212	7.57678841589849	7.609375	0.00544739219870042		25D05	7.7	3	0.201	2023-03-31
L17	0.186589886318424	0.0150311195997168	0.268051932565844	9.08332633791207	2.58586899159804	7.24121306875836	7.234625	0.00649422062917473		25D05	8	3	0.2	2023-03-31
L18	0.146451425010285	0.0191827413987258	0.136512735474301	13.8616333105575	5.07752758855553	4.88880720378772	4.939125	0.0061849073095988		25D05	8.3	3	0.149	2023-03-31
L19	0.133654361497879	0.0284965806569485	0.0959786950480888	13.6038294036547	7.22188585928005	4.34004496513866	4.366875	0.00504124327925138		25D05	8.6	3	0.13	2023-03-31
L2	0	0.0219607049225799	0	-6.25522335182332	0.685401771808215	1.06046499816264	1.049	0.000455304601646896	questionable fit	25D05	3.5	3	0.024	2023-03-31
L20	0.0978555583790694	0.0220904730311911	0.0551563315909947	22.3454153766049	12.5669557885013	2.45847065055862	2.431875	0.00359462694142556		25D05	8.9	3	0.078	2023-03-31
L21	0.075	0.0201766293721601	0.0278891685231868	599.873009357837	24.8536337676639	2.05161294710105	2.016875	0.00410722403392438		25D05	9.2	3	0.075	2023-03-31
L22	0.048	0.0214319827999683	0.0110987988532835	1365.0663106085	62.4524500103796	1.36614317830183	1.34775	0.00537581226677661		25D05	9.5	3	0.048	2023-03-31
L23	0	0	0	0	0	0	0	0	cannot fit data	25D05	9.8	3	0.034	2023-03-31
L24	0	0	0	0	0	0	0	0	cannot fit data	25D05	10.1	3	0.029	2023-03-31
L3	0.108845520399346	0.0166843499466087	0.275547456364387	6.20244428507659	2.51552741478883	4.50603659528573	4.534375	0.00333051865080984		25D05	3.8	3	0.113	2023-03-31
L4	0.15940716843943	0.0151947130025427	0.23160985393584	9.71608081623767	2.99273614132134	6.06651228980428	6.073375	0.00340175781872858		25D05	4.1	3	0.161	2023-03-31
L5	0.198827361646456	0.0181812172213926	0.279540745715834	8.21401212305005	2.47959265753895	7.88304933569287	7.836125	0.00348461661849232		25D05	4.4	3	0.202	2023-03-31
L6	0.187651787575603	0.0160356392829708	0.248753724254083	9.5292908424946	2.78647961005781	7.1901778944028	7.22075	0.00492391763899967		25D05	4.7	3	0.189	2023-03-31
L7	0.216594113848512	0.0176052099186504	0.327765484046741	7.39874790273255	2.11476563060282	8.7823131024175	8.754	0.00333280653088459		25D05	5	3	0.222	2023-03-31
L8	0.193200235348252	0.0110952121577109	0.29834088289802	9.37876789075067	2.32333957661739	7.46288922934652	7.502375	0.00546165381698377		25D05	5.3	3	0.194	2023-03-31
L9	0.231286130615095	0.0199394695973439	0.293958824246628	8.03105186699685	2.35797371395935	9.22068418117739	9.17325	0.00421411839394322		25D05	5.6	3	0.237	2023-03-31
M1	0	0.000345123529832652	0	0.190019259875964	0.0506237689097622	0.240047396742944	0.241375	0.00173256261560916		28D03	3.2	1	0.00700000000000001	2023-03-31
M10	0.134586945077789	0.00453252005707503	0.172183684422119	19.4947328448119	4.02562637038623	3.84276621037791	3.8775	0.003062145573175		28D03	5.9	1	0.143	2023-03-31
M11	0.160811719503502	0.00635393306543854	0.120206475339946	26.5447166759601	5.7663048400655	3.52475846173766	3.54275	0.00149253534218999		28D03	6.2	1	0.152	2023-03-31
M12	0.122360955407521	0.00388293608263441	0.117458470590865	29.1008034197286	5.90121067534021	2.40897477808702	2.405125	0.00116874276331589		28D03	6.5	1	0.113	2023-03-31
M13	0.108866208001461	0.00479930289447803	0.110663096520848	27.8011679621471	6.26358020290316	2.27474315303641	2.235125	0.00492746083604766		28D03	6.8	1	0.099	2023-03-31
M14	0	0.0101578999292677	0	9.73405607378341	6.84167162143571	1.32887846085202	1.3235	0.0014004933448179		28D03	7.1	1	0.039	2023-03-31
M15	0	0.0055061735437167	0	12.163872426266	5.15458613148477	1.17435225292675	1.172875	0.00133828201571954		28D03	7.4	1	0.036	2023-03-31
M16	0	0.00417896827013018	0	14.1778255997037	5.40787718806628	0.985223619628159	0.9845	0.0008228056567304		28D03	7.7	1	0.031	2023-03-31
M17	0	0.00528615468737562	0	15.9125559706996	7.54070830261323	0.859335813848158	0.84675	0.00121315697565168		28D03	8	1	0.028	2023-03-31
M18	0	0.00615368723066493	0	9.71700285179208	7.15191157377283	0.775058517847147	0.768375	0.000956021988558908		28D03	8.3	1	0.024	2023-03-31
M19	0	0.00567238793907154	0	4.51893067187714	14.3534911100665	0.430708111794274	0.424875	0.00096670425116244		28D03	8.6	1	0.013	2023-03-31
M2	0	0.00674434154052085	0	-1.16016346943083	1.8925859077817	0.522354505608518	0.52	0.000376530929063226	questionable fit	28D03	3.5	1	0.012	2023-03-31
M20	0	0.00449363006733014	0	-5.15175828481039	16.7568946451819	0.295825325318821	0.2915	0.00115632728699464	questionable fit	28D03	8.9	1	0.00900000000000001	2023-03-31
M21	0	0.00764855583489984	0	-2.4094135561092	2.33894886656992	0.533911885373254	0.5365	0.000648166045137176	questionable fit	28D03	9.2	1	0.013	2023-03-31
M22	0	0.00453847266463011	0	0.139350368066129	0.340331942001821	0.504965838720736	0.50675	0.00100335592949409		28D03	9.5	1	0.013	2023-03-31
M23	0	0.00436990347835454	0	-0.063642608216511	0.267076573357502	0.387317816462486	0.392625	0.00108551104832617	questionable fit	28D03	9.8	1	0.011	2023-03-31
M24	0	0.00147291529503248	0	0.540428645209942	0.279415794528706	0.337830000584983	0.34025	0.000864602492622185		28D03	10.1	1	0.00900000000000001	2023-03-31
M3	0.11105239899964	0.00584639645665394	0.101655495672103	28.4302865952593	6.81859033766107	2.27425880282135	2.28875	0.0016408988304748		28D03	3.8	1	0.102	2023-03-31
M4	0.155599163152519	0.00824419852563911	0.0957633664305791	30.1089525658199	7.23812462318169	2.99171037218029	3.0245	0.00394165286953211		28D03	4.1	1	0.138	2023-03-31
M5	0.198026744011957	0.00870854961823278	0.101973644506655	30.1952913884055	6.79731693334454	3.76619258537947	3.805875	0.00329959743794137		28D03	4.4	1	0.174	2023-03-31
M6	0.19415231687395	0.00864082015400397	0.1079377456687	28.4110005680841	6.42173112163624	3.96185172944117	4.0055	0.00351233113865812		28D03	4.7	1	0.177	2023-03-31
M7	0.200116499642881	0.00699674166829024	0.124864366111072	26.5717597639458	5.55120089220141	4.3761987442827	4.4145	0.00279462121862079		28D03	5	1	0.189	2023-03-31
M8	0.208677431148942	0.00650160583014208	0.131035713337345	26.2301662383013	5.2897577531056	4.6222108161879	4.656875	0.00275870261120211		28D03	5.3	1	0.2	2023-03-31
M9	0.210275893133131	0.00683348833565636	0.142541083309745	23.8075057550657	4.86278877966518	5.12627634935129	5.16275	0.00216420507235877		28D03	5.6	1	0.206	2023-03-31
N1	0	0.0024141660547602	0	0.235911738506322	0.254858092412852	0.334693124610903	0.307125	0.00274597828952817		28D03	3.2	2	0.01	2023-03-31
N10	0.196772060411298	0.00408769233892403	0.159491158814735	24.1585357440239	4.34599124936515	4.73208095984581	4.77875	0.0027028362582219		28D03	5.9	2	0.197	2023-03-31
N11	0.164087204159746	0.0068129294841871	0.118552491449194	26.4791487188211	5.84675338398091	3.60771609608391	3.61825	0.00151147845757042		28D03	6.2	2	0.155	2023-03-31
N12	0.11378782661646	0.00371273357603804	0.11671885925962	29.0389607997614	5.93860482322027	2.24739580275245	2.2395	0.00158940074769651		28D03	6.5	2	0.106	2023-03-31
N13	0.121575927773873	0.00364378434353682	0.10880755966171	31.9562962150188	6.37039542762456	2.11749624495945	2.095875	0.00485631615195319		28D03	6.8	2	0.107	2023-03-31
N14	0	0.0066236747002159	0	10.4975273828338	4.42342886119142	1.49830785574045	1.501125	0.00112130760876559		28D03	7.1	2	0.042	2023-03-31
N15	0	0.00616167999204139	0	11.8242362233407	5.645050190236	1.12897903565266	1.132	0.00126644019949615		28D03	7.4	2	0.035	2023-03-31
N16	0	0.00276315474220542	0	15.1305046853747	5.65107267978029	0.654686774272177	0.653125	0.000746193740394307		28D03	7.7	2	0.022	2023-03-31
N17	0	0.0053426666167391	0	12.7050181351601	7.03270335100836	0.799074369855317	0.797375	0.000648158795090519		28D03	8	2	0.024	2023-03-31
N18	0	0.00636197085435294	0	6.55134323753537	7.25645919877947	0.682128692833007	0.677375	0.000822666153635723		28D03	8.3	2	0.02	2023-03-31
N19	0	0.00571389128254564	0	7.98853271669042	12.5300157058815	0.48333047776693	0.483625	0.000700777239629801		28D03	8.6	2	0.014	2023-03-31
N2	0	0.00472388663682549	0	-0.648023244587207	1.54665585980123	0.387743299343836	0.388375	0.000495199946639607	questionable fit	28D03	3.5	2	0.01	2023-03-31
N20	0.00900000000000001	0.00495359643721198	0.00109168303986294	8230.97610242032	634.934459224511	0.245180578879323	0.243875	0.000782943793733558		28D03	8.9	2	0.00900000000000001	2023-03-31
N21	0	0.00167143879205659	0	1.10610969894298	0.518706260417166	0.422503835175656	0.4135	0.000850457082313205		28D03	9.2	2	0.01	2023-03-31
N22	0	0.00598122982395635	0	-0.91695800733335	1.06931968532857	0.441156637682645	0.43475	0.00105880887728384	questionable fit	28D03	9.5	2	0.011	2023-03-31
N23	0	0.00390548435249358	0	-0.186605422447877	0.212979027228717	0.290024503975648	0.302	0.00132694519504398	questionable fit	28D03	9.8	2	0.00900000000000001	2023-03-31
N24	0	0.000532931383576315	0	0.674151701770227	0.274228339638197	0.164315962484574	0.161375	0.000770564563009603		28D03	10.1	2	0.005	2023-03-31
N3	0.0957302804455893	0.00623713355793409	0.0974792728757041	27.325207313897	7.11071348925405	2.05321770901874	2.070625	0.00166022348062809		28D03	3.8	2	0.088	2023-03-31
N4	0.14241351607671	0.00779747930982705	0.0981846634627969	29.0129429329671	7.05962780859951	2.85664700288107	2.885375	0.00330535748096978		28D03	4.1	2	0.13	2023-03-31
N5	0.192578813585525	0.00804422553481681	0.108014489073042	29.004279266081	6.41716853459561	3.83261524506475	3.870875	0.00307812333799835		28D03	4.4	2	0.174	2023-03-31
N6	0.172543169319393	0.00737525200462366	0.114639757524304	27.1182758275685	6.04630710609272	3.7011148078899	3.743875	0.00347046652760929		28D03	4.7	2	0.163	2023-03-31
N7	0.167580990166874	0.00709359109611722	0.136244540242327	22.892834528227	5.08752262165589	4.227084981045	4.262625	0.00238800918447407		28D03	5	2	0.166	2023-03-31
N8	0.192346081620631	0.00478815045545645	0.147081855417594	24.9381104341055	4.71266274546214	4.48428330385832	4.523875	0.00309391197974793		28D03	5.3	2	0.19	2023-03-31
N9	0.202185147236456	0.00558976004207571	0.152638806796584	23.3244183395824	4.5410940710751	5.02266376752886	5.06275	0.00232305905877582		28D03	5.6	2	0.201	2023-03-31
O1	0	0.00120201155881544	0	0.313274511768168	0.187876629262149	0.240053553563661	0.243125	0.00256787864727447		28D03	3.2	3	0.01	2023-03-31
O10	0.210431284824643	0.00525807996736679	0.147043349213764	24.9184244567889	4.71389684923652	4.90983205455192	4.948375	0.00201484934654492		28D03	5.9	3	0.207	2023-03-31
O11	0.170286541350532	0.00687880108865031	0.124260288113693	25.4932949458459	5.57818745700752	3.89012160179927	3.905625	0.00165679214978756		28D03	6.2	3	0.163	2023-03-31
O12	0.128162859863592	0.00402460466546562	0.115525461151539	29.681502114829	5.99995164399922	2.46200443124674	2.460125	0.00138754758024235		28D03	6.5	3	0.119	2023-03-31
O13	0.115370435729304	0.00367559219290429	0.120773669071552	28.2682169643432	5.73922433497727	2.3514875682415	2.335875	0.00261887799448165		28D03	6.8	3	0.109	2023-03-31
O14	0	0.00709136288755992	0	11.699396042964	5.44308107570327	1.34869516477356	1.349875	0.00102191372199125		28D03	7.1	3	0.04	2023-03-31
O15	0	0.00652268809054814	0	13.3291895270629	6.00527733661332	1.23047141240266	1.227	0.000979961433016053		28D03	7.4	3	0.038	2023-03-31
O16	0	0.00363797089849477	0	15.1835073440808	5.69604902921848	0.854133944098614	0.85525	0.000723461832304688		28D03	7.7	3	0.028	2023-03-31
O17	0	0.00479366655432061	0	13.8676488940681	6.54091887366094	0.836373438930867	0.83625	0.00106026172793709		28D03	8	3	0.028	2023-03-31
O18	0	0.00506132871120226	0	9.96544540755997	7.11394328928121	0.648365346381569	0.649375	0.000745056064230753		28D03	8.3	3	0.02	2023-03-31
O19	0	0.00735041522878065	0	8.61649469481813	10.3133387382964	0.695323133205403	0.689375	0.00087671345712511		28D03	8.6	3	0.021	2023-03-31
O2	0	0.00463862330374384	0	-1.03828775015838	1.49389025373138	0.353944252666465	0.356375	0.000649063191936296	questionable fit	28D03	3.5	3	0.00899999999999999	2023-03-31
O20	0	0.0058161528499074	0	-1.96689827594007	3.61257448374018	0.445921715999856	0.45025	0.000693431434706047	questionable fit	28D03	8.9	3	0.012	2023-03-31
O21	0	0.00255729554742031	0	0.717395880684184	0.448982947156909	0.487114837452948	0.487875	0.000628646826616563		28D03	9.2	3	0.012	2023-03-31
O22	0	0.00478472072490298	0	0.239502213368415	0.456878472196472	0.555496800543516	0.556625	0.000807616737257156		28D03	9.5	3	0.014	2023-03-31
O23	0	0.00254139459825863	0	0.28911506184072	0.356504314792754	0.333785252873914	0.34575	0.0011942793571172		28D03	9.8	3	0.00900000000000001	2023-03-31
O24	0	0.00162374011122911	0	1.03827149612422	0.597745705222993	0.330283252269583	0.33625	0.000740235470694542		28D03	10.1	3	0.00800000000000001	2023-03-31
O3	0.0995646951763091	0.00585999930838299	0.0953875402009124	29.0603868447692	7.26664278269454	1.99863501191666	2.014	0.0013175375774205		28D03	3.8	3	0.088	2023-03-31
O4	0.171059458290915	0.0074813881172829	0.0935148219690311	32.9880542238105	7.41216382563923	2.91610275051276	2.943	0.00274847279751638		28D03	4.1	3	0.142	2023-03-31
O5	0.202010959494105	0.00898198520667662	0.0957617173837268	32.0338801310222	7.23824926596121	3.57731213520446	3.613625	0.00311597453871979		28D03	4.4	3	0.169	2023-03-31
O6	0.18559130524266	0.00719094955572362	0.110144846026158	29.1544007784491	6.29305142789281	3.66395048729955	3.702125	0.00339548523063401		28D03	4.7	3	0.169	2023-03-31
O7	0.199800195363879	0.00682047913553669	0.124085251440476	26.9383776351343	5.5860561389316	4.30420828230418	4.344375	0.00245225580726457		28D03	5	3	0.188	2023-03-31
O8	0.203501815206115	0.00499001922358779	0.142704231744569	25.8114893774203	4.85722933431036	4.57888088787306	4.62125	0.00267280512829264		28D03	5.3	3	0.199	2023-03-31
O9	0.218210996855294	0.00611415139852361	0.147787932595191	23.9967969002504	4.69014735092451	5.28116402905697	5.3185	0.00224807609631337		28D03	5.6	3	0.215	2023-03-31
