sample	k	n0	r	t_mid	t_gen	auc_l	auc_e	sigma	note	strain	pH	replicate	max.OD	date
A1	0	0.0234442235645799	0	-1.70979068176526	2.5886518765119	1.77502148927992	1.769625	0.00253403116605634	questionable fit	26G3A06	3.2	1	0.042	2025-10-18
A10	0.198346920219176	0.0185232196240078	0.237036474147936	9.58903847207256	2.92422161210239	7.57729713786925	7.58575000000001	0.00486465407620035		26G3A06	5.9	1	0.204	2025-10-18
A11	0.201022670928312	0.0165518366010468	0.279953146802491	8.61213503207986	2.47593995094103	7.89726270752696	7.92675	0.0107365291246156		26G3A06	6.2	1	0.213	2025-10-18
A12	0.213675829051605	0.0084311988991645	0.314149953796529	10.1615918349436	2.20642139902681	8.10146048185144	8.154125	0.0108900100413671		26G3A06	6.5	1	0.23	2025-10-18
A13	0.256192956850301	0.00984479575678628	0.399341990888083	8.062770587183	1.7357232556949	10.2588754848408	10.28625	0.0144250215584025		26G3A06	6.8	1	0.278	2025-10-18
A14	0.224746246486611	0.00895189108599154	0.375775423025986	8.469050651955	1.84457827225176	8.90607092958788	8.92137500000001	0.00622971577932713		26G3A06	7.1	1	0.234	2025-10-18
A15	0.237397996898598	0.0279705619907565	0.237933248832203	8.46130045653208	2.91320016837483	9.30994206831028	9.27287500000001	0.0209438451280529		26G3A06	7.4	1	0.265	2025-10-18
A16	0.190287847557775	0.0108717214598973	0.357815348831388	7.83516634273511	1.93716446995284	7.65049721481717	7.65275	0.005920291411936		26G3A06	7.7	1	0.207	2025-10-18
A17	0.227914178392788	0.0260349222306439	0.18617409233409	11.001697130516	3.72311298457194	8.33174024463193	8.299375	0.00934517351048885		26G3A06	8	1	0.24	2025-10-18
A18	0.247307831248232	0.019267284537043	0.212913495166068	11.6061919502842	3.25553427235463	8.95730089945816	8.935	0.00719828488036723		26G3A06	8.3	1	0.262	2025-10-18
A19	0.254066021863577	0.0296914795237777	0.18667588801066	10.8340537235623	3.71310503968442	9.32667524805786	9.286125	0.0102276127760874		26G3A06	8.6	1	0.272	2025-10-18
A2	0	0.0242958335221417	0	-2.64590559810874	2.33907584669665	1.66094647458247	1.6565	0.00347185206856547	questionable fit	26G3A06	3.5	1	0.043	2025-10-18
A20	0.267415196505009	0.0264565265893129	0.154492256596311	14.2992444637896	4.48661438334182	8.89561014113323	8.86225	0.00584309918006992		26G3A06	8.9	1	0.275	2025-10-18
A21	0	0.0279020340558438	0	12.3516008541434	4.04109598487973	9.15408271047388	9.135625	0.00504002393941463		26G3A06	9.2	1	0.267	2025-10-18
A22	0	0.0334325917829671	0	12.2299211336816	4.66401992561241	8.37299832612658	8.345875	0.00854373979719988		26G3A06	9.5	1	0.248	2025-10-18
A23	0	0.0217966770671649	0	8.55139957228996	4.55333471525613	3.88179880026353	3.878	0.0014407204309516		26G3A06	9.8	1	0.103	2025-10-18
A24	0	0.0109360771326786	0	5.41703453356473	4.01677722628637	1.58526376152271	1.585625	0.00240330388906794		26G3A06	10.1	1	0.042	2025-10-18
A3	0.102541364157415	0.0249463404436343	0.289026939827879	3.92619512414724	2.39820959586925	4.4414531696532	4.436375	0.00379054836603147		26G3A06	3.8	1	0.109	2025-10-18
A4	0.0994590733685372	0.0185143689303035	0.270401469559812	5.45566240136642	2.56340019781817	4.17599420237529	4.17475	0.00225732773325605		26G3A06	4.1	1	0.104	2025-10-18
A5	0.12637139088187	0.0284973914190231	0.250174087537026	4.93203908476655	2.77065937317492	5.33932008623231	5.327625	0.00474049038650425		26G3A06	4.4	1	0.137	2025-10-18
A6	0.141531444192523	0.0320250034888503	0.170508641770225	7.21058121893292	4.06517331534445	5.58974403617102	5.57275	0.00621277111575871		26G3A06	4.7	1	0.155	2025-10-18
A7	0.13448877547934	0.0253101637142372	0.305556898846684	4.78398342105759	2.26847170911935	5.74779750263924	5.74125	0.00160605467286215		26G3A06	5	1	0.137	2025-10-18
A8	0.153934743249249	0.0193671080064129	0.271154044725895	7.14903875142025	2.55628560238014	6.24352736619677	6.244125	0.00282847946184691		26G3A06	5.3	1	0.157	2025-10-18
A9	0.185954303345142	0.0258734885254506	0.224706423917459	8.11040429180607	3.08467897123653	7.33177612301824	7.34075000000001	0.00685859365623878		26G3A06	5.6	1	0.19	2025-10-18
B1	0	0.0315550698196003	0	-1.26138258865767	0.503346038641013	1.25697154155716	1.216	0.00698601086978588	questionable fit (k < n0)	26G3A06	3.2	2	0.037	2025-10-18
B10	0.18826443369339	0.0188550451999738	0.234578471661894	9.35950200041209	2.95486271885599	7.22851548642926	7.233625	0.00418223803509877		26G3A06	5.9	2	0.193	2025-10-18
B11	0.180885651782563	0.0174133188398636	0.253236594490637	8.84314685666765	2.73715251128752	7.04762557424972	7.07375	0.0105002882636166		26G3A06	6.2	2	0.193	2025-10-18
B12	0.176819109884397	0.0171217951921359	0.268781323221426	8.30760109759999	2.57885173066478	6.98753827189248	7.02324999999999	0.0188137426348452		26G3A06	6.5	2	0.205	2025-10-18
B13	0.232459862631179	0.0076750010543764	0.444167962860594	7.6033744563888	1.5605519499782	9.4205479658392	9.448375	0.014624008809382		26G3A06	6.8	2	0.256	2025-10-18
B14	0.223706317697744	0.00825451663538958	0.40617047377103	8.03105324664225	1.70654251187813	8.96633424028449	8.98562500000001	0.00798061193202746		26G3A06	7.1	2	0.235	2025-10-18
B15	0.202954537379959	0.01005617021118	0.413404124567006	7.14549488552721	1.67668182141612	8.30815153357014	8.320625	0.00369636970790955		26G3A06	7.4	2	0.208	2025-10-18
B16	0.1872540418203	0.0229517654985598	0.342716906225144	5.74326209846015	2.0225065293528	7.87958439340779	7.88975	0.00650559481676014		26G3A06	7.7	2	0.192	2025-10-18
B17	0.191909620483856	0.0153226092325769	0.263216951805172	9.28695608118768	2.63336831388048	7.40799795607843	7.402375	0.0053541082106828		26G3A06	8	2	0.206	2025-10-18
B18	0.232274170766756	0.0231561387333418	0.210459731369682	10.4563419679291	3.29349075972353	8.65239548020871	8.622125	0.00803226485998727		26G3A06	8.3	2	0.25	2025-10-18
B19	0.238132835132656	0.027003361024259	0.191548159649333	10.7362567710497	3.61865747929341	8.77372715517878	8.738	0.00933014287608667		26G3A06	8.6	2	0.255	2025-10-18
B2	0	0.0238514482423846	0	-1.48686562081018	1.07552038875161	1.57412251791963	1.569625	0.00127168394859961	questionable fit	26G3A06	3.5	2	0.035	2025-10-18
B20	0.257323280806932	0.0308712922938813	0.156195729680067	12.7577511574827	4.43768329633406	8.91719387790844	8.876	0.00980598901759154		26G3A06	8.9	2	0.276	2025-10-18
B21	0	0.0307590085966321	0	11.2544277475245	3.88338441465975	9.42743354736157	9.403125	0.00544311072848931		26G3A06	9.2	2	0.274	2025-10-18
B22	0	0.0350602813722908	0	11.9991969751608	4.82062495081768	8.14058001076013	8.11475	0.00622384179313005		26G3A06	9.5	2	0.24	2025-10-18
B23	0	0.032369722653805	0	9.06784668794643	3.83062059972098	7.60868964505475	7.59325000000001	0.00498071632629309		26G3A06	9.8	2	0.209	2025-10-18
B24	0	0.013472323020582	0	5.74348016982918	4.30797701437218	1.91521910014924	1.914625	0.00189418227917916		26G3A06	10.1	2	0.049	2025-10-18
B3	0.0943531445637183	0.0239583572205635	0.259218156345544	4.15789551440097	2.67399163057068	4.04931212178674	4.045	0.0022043144353556		26G3A06	3.8	2	0.098	2025-10-18
B4	0.103363876228287	0.0190071908204989	0.327542429806531	4.54975159363102	2.11620577208689	4.44819335919502	4.44587500000001	0.00372484029348726		26G3A06	4.1	2	0.109	2025-10-18
B5	0.115551545643868	0.0223797113507709	0.305195827306162	4.67336226806533	2.27115549605665	4.94857967184786	4.9445	0.00163511122188188		26G3A06	4.4	2	0.117	2025-10-18
B6	0.127984970584634	0.0257073159008305	0.192203711832897	7.18464586270339	3.60631526805564	5.10086336557409	5.08825000000001	0.00436075597396617		26G3A06	4.7	2	0.14	2025-10-18
B7	0.127406157757184	0.0244845815163606	0.28141853702053	5.10244891514228	2.4630473454184	5.39484406643358	5.38750000000001	0.00187839007238241		26G3A06	5	2	0.13	2025-10-18
B8	0.146150322100697	0.0198236614885882	0.313134765735249	5.91436994673524	2.21357465349597	6.11267569183952	6.108	0.00211022682798341		26G3A06	5.3	2	0.152	2025-10-18
B9	0.157584700321942	0.0143277774517725	0.213565165771826	10.7809695511894	3.24560036771402	5.82727956652487	5.854875	0.0084776100970209		26G3A06	5.6	2	0.162	2025-10-18
C1	0	0	0	0	0	0	0	0	cannot fit data	26G3A06	3.2	3	0.034	2025-10-18
C10	0.180200674132755	0.0138912067753032	0.268614617195178	9.24221587799993	2.58045220248122	6.96722269522608	6.984125	0.00472162122899451		26G3A06	5.9	3	0.181	2025-10-18
C11	0.175925466874378	0.0193350080785903	0.234363029862288	8.92511294472694	2.95757902160268	6.82291411984961	6.8405	0.0077790656665152		26G3A06	6.2	3	0.184	2025-10-18
C12	0.151337319702741	0.0144712589403705	0.241794399212692	9.29235026086394	2.86668005055909	5.82599586185566	5.85775	0.0157564410386958		26G3A06	6.5	3	0.173	2025-10-18
C13	0.218184288286431	0.00472911551812608	0.507829778942043	7.50190086130994	1.36492031247945	8.87124069566663	8.907625	0.0180123665240006		26G3A06	6.8	3	0.25	2025-10-18
C14	0.201716915383658	0.0099723643647454	0.388206558218139	7.61539509410911	1.78551125911288	8.16115289603794	8.174625	0.0112527909316678		26G3A06	7.1	3	0.22	2025-10-18
C15	0.19312621964192	0.0100807742730139	0.401022645476306	7.2292784898092	1.72844897508637	7.88756143770483	7.899125	0.00423464373032331		26G3A06	7.4	3	0.2	2025-10-18
C16	0.16054112782383	0.00846383392975838	0.412354350572111	7.00510773295519	1.68095032730528	6.59310150056836	6.60775	0.0036144236538768		26G3A06	7.7	3	0.163	2025-10-18
C17	0.148657114293102	0.010755946375271	0.319718574540849	7.97913760533602	2.16799158933878	5.94485817209573	5.951375	0.00376504097908654		26G3A06	8	3	0.154	2025-10-18
C18	0.157266574567165	0.0102495275387206	0.346216982535415	7.69262361422125	2.00206002456579	6.34054253484017	6.3465	0.004556681820199		26G3A06	8.3	3	0.169	2025-10-18
C19	0.214407733631764	0.0237578338993026	0.196035400338112	10.6232161757652	3.53582658726148	7.92994933479027	7.8995	0.00877655198531437		26G3A06	8.6	3	0.234	2025-10-18
C2	0	0.0217832757326496	0	-0.92048297145273	0.842710705923209	1.52757969854245	1.5175	0.000670506876892234	questionable fit	26G3A06	3.5	3	0.033	2025-10-18
C20	0.257761981743247	0.0327969217929127	0.139913461373286	13.7628675534632	4.95411359104786	8.64182719724694	8.602125	0.00872982258624739		26G3A06	8.9	3	0.272	2025-10-18
C21	0	0.0313871116310648	0	12.3721732661997	4.35167071155854	8.98994274087393	8.963625	0.00546207370279899		26G3A06	9.2	3	0.268	2025-10-18
C22	0	0.0320012033127053	0	11.1329692555094	4.12195025874372	8.69850034781322	8.675875	0.00517659691948449		26G3A06	9.5	3	0.246	2025-10-18
C23	0	0.0302627881060122	0	9.77815389722794	3.73948911323971	8.11121126124859	8.096625	0.0065861495772953		26G3A06	9.8	3	0.228	2025-10-18
C24	0	0.0260742041494163	0	14.2481353761883	5.84730027170232	5.46472714586964	5.449	0.00469029464459614		26G3A06	10.1	3	0.168	2025-10-18
C3	0.08955805095831	0.0249899990780559	0.27737435071472	3.42224875919271	2.49895918196433	3.90497237248597	3.9	0.00126019810626063		26G3A06	3.8	3	0.092	2025-10-18
C4	0.0981943430308128	0.0177995340559283	0.36061941614664	4.1810763959981	1.92210166597932	4.26838729994926	4.266875	0.00401705118214373		26G3A06	4.1	3	0.105	2025-10-18
C5	0.109491861929018	0.0216670827967745	0.313482988982502	4.4645149670841	2.21111576998086	4.71214922000944	4.707	0.00320312118098182		26G3A06	4.4	3	0.12	2025-10-18
C6	0.123139492132867	0.0241282371633547	0.21858642072529	6.45900465540603	3.17104410356334	5.0177169998162	5.006375	0.00384264609037674		26G3A06	4.7	3	0.131	2025-10-18
C7	0.125200461446429	0.0251686532629619	0.267297889379678	5.16236367737582	2.59316368778124	5.28377262346887	5.275625	0.0021383403267384		26G3A06	5	3	0.128	2025-10-18
C8	0.143509017276189	0.0210200626395256	0.302760491041564	5.82157701020986	2.28942415232372	6.00725393316392	6.00137499999999	0.00211170975612549		26G3A06	5.3	3	0.148	2025-10-18
C9	0.140888596385347	0.0195513376368499	0.201983327351335	9.03802432257058	3.43170493153758	5.41415043122518	5.42975	0.00802245317567259		26G3A06	5.6	3	0.144	2025-10-18
D1	0	0.0170763624974434	0	-13.205287297075	1.69191819103119	0.819661533068544	0.803375	0.000527733362551225	questionable fit (k < n0)	19G1B04	3.2	1	0.018	2025-10-18
D10	0.197345130351336	0.0235617180467535	0.200714410364008	9.95537134107255	3.45340017840712	7.4237136740543	7.395375	0.0113331357439154		19G1B04	5.9	1	0.215	2025-10-18
D11	0.168599617686578	0.0143451710224204	0.296135469014893	8.02062017920587	2.34064221643469	6.72435433574629	6.71812500000001	0.00534465981077002		19G1B04	6.2	1	0.178	2025-10-18
D12	0.160977942739693	0.0130995136043815	0.314342688618219	7.71074212675924	2.20506856261511	6.47512815589827	6.47275000000001	0.00477082627790912		19G1B04	6.5	1	0.17	2025-10-18
D13	0.151779741027095	0.00648849325656531	0.316619924994056	9.81842817800579	2.18920897215473	5.80527819993879	5.81175	0.00614991111667064		19G1B04	6.8	1	0.161	2025-10-18
D14	0.154718678353703	0.00698495493081717	0.225466159233391	13.5348602079717	3.07428477478269	5.33260751276682	5.341375	0.00598316091097736		19G1B04	7.1	1	0.161	2025-10-18
D15	0.155574371063539	0.00665208742851034	0.21116327250454	14.7208074691454	3.28251770461192	5.17762615670609	5.191375	0.00468662367091413		19G1B04	7.4	1	0.159	2025-10-18
D16	0	0.0118599369682701	0	0.562682566991946	2.12452359498716	1.19545486128775	1.19325	0.00254552553579811		19G1B04	7.7	1	0.031	2025-10-18
D17	0	0.0117753357415082	0	0.965804370478578	2.33302749157545	1.24561003706895	1.244	0.00395202480489145		19G1B04	8	1	0.036	2025-10-18
D18	0	0.00842704062461761	0	0.988716560091446	1.22592279497513	1.07525840967339	1.07325	0.00372567483188479		19G1B04	8.3	1	0.04	2025-10-18
D19	0	0.0127142824328856	0	8.91297112827	4.0625737153905	2.70368424046665	2.695375	0.00303646918347165		19G1B04	8.6	1	0.08	2025-10-18
D2	0	0.0111464065798438	0	2.42195798662997	1.3148455573092	2.31596705110001	2.315375	0.00400646804571927		19G1B04	3.5	1	0.058	2025-10-18
D20	0.0917030023244847	0.0167559757914001	0.128235735334926	11.6818185575446	5.40525758088871	3.21152554147939	3.2	0.0032693156025639		19G1B04	8.9	1	0.099	2025-10-18
D21	0	0.0246423970551681	0	10.5701698022557	5.50164903053849	4.22872369082514	4.211375	0.0055005368507114		19G1B04	9.2	1	0.129	2025-10-18
D22	0	0.0212816357100392	0	10.1886273975873	4.36636741877083	4.74199914592289	4.728375	0.00426151863271998		19G1B04	9.5	1	0.139	2025-10-18
D23	0	0.025168465338188	0	8.53365862591122	3.96513956230744	5.27822274901955	5.25975	0.00608229543422039		19G1B04	9.8	1	0.152	2025-10-18
D24	0	0.0225131142240549	0	12.0200394030665	5.31527113785161	4.53981833572836	4.52075	0.00537967334653245		19G1B04	10.1	1	0.136	2025-10-18
D3	0.185157937248497	0.0298051809236646	0.166723340956849	9.90272947977229	4.15746935361224	6.89881962236757	6.874125	0.00644327733048293		19G1B04	3.8	1	0.192	2025-10-18
D4	0.213708792249646	0.0297585686465008	0.156661823257968	11.6272621304995	4.42448049017386	7.6167349536324	7.583	0.00889637321600116		19G1B04	4.1	1	0.221	2025-10-18
D5	0.218516651723081	0.0319696925406192	0.156649530915375	11.2601336438203	4.42482768068035	7.85656726968952	7.824625	0.00959720742811599		19G1B04	4.4	1	0.227	2025-10-18
D6	0.214998823856834	0.0279660027924435	0.165515711700688	11.4810522165628	4.18780291875497	7.71745154606009	7.681	0.0110608359480251		19G1B04	4.7	1	0.227	2025-10-18
D7	0.217731938991512	0.0285169596022272	0.168507793721252	11.2302511349193	4.11344285776216	7.87161534500914	7.84825	0.0112586120235869		19G1B04	5	1	0.232	2025-10-18
D8	0.204978521846879	0.0267206425941687	0.181638040463293	10.4482236171229	3.81609038939188	7.58277778570354	7.5535	0.0118404383867019		19G1B04	5.3	1	0.22	2025-10-18
D9	0.21348374794872	0.0275654025423333	0.182864174350324	10.4380539577641	3.79050288566661	7.90227651727152	7.878375	0.0111880677023482		19G1B04	5.6	1	0.23	2025-10-18
E1	0	0	0	0	0	0	0	0	cannot fit data	19G1B04	3.2	2	0.019	2025-10-18
E10	0.203044534794425	0.0239757890942886	0.191663409883807	10.4909187104588	3.6164815234173	7.52517677843046	7.497375	0.0111374367337573		19G1B04	5.9	2	0.221	2025-10-18
E11	0.165061828526732	0.0106749065870886	0.355017763734767	7.52516182565811	1.95242957216584	6.68351199822553	6.68837500000001	0.00630331976888714		19G1B04	6.2	2	0.177	2025-10-18
E12	0.15988867479289	0.0116855084075976	0.313890531143124	8.09274046126542	2.20824495098864	6.37475040183064	6.36912500000001	0.00482155234237534		19G1B04	6.5	2	0.171	2025-10-18
E13	0.145794049836791	0.0100126642012417	0.301273508032667	8.65391530429178	2.3007239670233	5.73180427048671	5.739625	0.0057997047603029		19G1B04	6.8	2	0.156	2025-10-18
E14	0.138461756942738	0.00743952375900657	0.20006410190666	14.3382054277215	3.46462545731134	4.65174653549995	4.657125	0.00318759523563183		19G1B04	7.1	2	0.14	2025-10-18
E15	0	0.00704845042946675	0	4.92813136159351	1.90241005306204	2.12134458104954	2.130625	0.0116988357062062		19G1B04	7.4	2	0.073	2025-10-18
E16	0	0.011702405012261	0	0.577700408790354	1.40876750464973	1.26684809975523	1.265	0.00359137765160159		19G1B04	7.7	2	0.035	2025-10-18
E17	0	0.00922161000336682	0	2.03291633240302	2.37618304529642	1.15711399632646	1.156375	0.00435556024020422		19G1B04	8	2	0.035	2025-10-18
E18	0	0.00687438521538697	0	1.77834209111539	1.379937038697	1.08270073815978	1.08175	0.00193980148775771		19G1B04	8.3	2	0.038	2025-10-18
E19	0	0.00593012129452028	0	1.6042725451031	1.05850549848491	1.05598217688476	1.054625	0.00498538581376226		19G1B04	8.6	2	0.043	2025-10-18
E2	0	0.0107416822460431	0	2.71046604120059	1.5430951662396	2.1126950655556	2.112125	0.00269673534140913		19G1B04	3.5	2	0.052	2025-10-18
E20	0	0.011125944095772	0	6.51864047148772	3.465717447852	2.10944393857138	2.10375	0.00284784070595047		19G1B04	8.9	2	0.061	2025-10-18
E21	0	0.0192476036128332	0	9.2587690916518	4.76223226438213	3.48842078762917	3.474125	0.00473745473796743		19G1B04	9.2	2	0.105	2025-10-18
E22	0	0.0208354007252869	0	12.1186084198868	5.31418152741143	4.23783883044173	4.22275	0.0040273597962713		19G1B04	9.5	2	0.125	2025-10-18
E23	0	0.0262404063039827	0	9.21133877816391	4.81787903233417	4.67199276952062	4.653375	0.00621230966778011		19G1B04	9.8	2	0.136	2025-10-18
E24	0	0.020979201436272	0	9.9238427343655	4.26309179454116	4.69553335886455	4.6805	0.00510152425083943		19G1B04	10.1	2	0.135	2025-10-18
E3	0.181671169467778	0.0301248952170665	0.165211445571358	9.77861491248676	4.19551549932151	6.78341698577956	6.762	0.00547835353291597		19G1B04	3.8	2	0.185	2025-10-18
E4	0.212678585863925	0.0295677204452764	0.155171011493044	11.7509612977546	4.46698886532049	7.55249007194421	7.51662499999999	0.00891802628346589		19G1B04	4.1	2	0.22	2025-10-18
E5	0.216701372251054	0.0352846005030865	0.139517078000162	11.7358418894505	4.96818877298407	7.63630663298371	7.604	0.00952917049637239		19G1B04	4.4	2	0.222	2025-10-18
E6	0.217710638224856	0.0282089007806433	0.155677025138785	12.235335513965	4.45246933477828	7.64195708405528	7.60625	0.010414862145399		19G1B04	4.7	2	0.227	2025-10-18
E7	0.211963744385611	0.033143027846657	0.150625648639291	11.1903341988755	4.60178719110351	7.61170118427203	7.583125	0.0103375604893998		19G1B04	5	2	0.221	2025-10-18
E8	0.209509892373226	0.0258489917388191	0.18144283606585	10.8068170262869	3.82019591177677	7.68442782378306	7.65375	0.011425535634085		19G1B04	5.3	2	0.223	2025-10-18
E9	0.212963429336483	0.0268111545710655	0.198237303123037	9.77488582381794	3.496552715559	8.04006747379909	8.013375	0.0123544328763596		19G1B04	5.6	2	0.233	2025-10-18
F1	0	0.0170109207198604	0	-889.707560641677	83.8936977621449	0.819909740512269	0.805875	0.000578673449415276	questionable fit (k < n0)	19G1B04	3.2	3	0.018	2025-10-18
F10	0.200241521857308	0.0216568222425731	0.198653168758335	10.6202306742366	3.48923294248163	7.41112021897475	7.38425	0.010370648321435		19G1B04	5.9	3	0.217	2025-10-18
F11	0.163932155236369	0.0111157623235523	0.323138241337786	8.11068666280172	2.14504844022896	6.53703610347539	6.53925	0.0044188395091377		19G1B04	6.2	3	0.173	2025-10-18
F12	0.150240841090538	0.00956243214542833	0.317657125721316	8.46395115005633	2.18206085881433	5.93954301431878	5.936875	0.00355075373221759		19G1B04	6.5	3	0.157	2025-10-18
F13	0.14802017019207	0.00915607099566663	0.307136400653384	8.85300013086831	2.25680570289091	5.79403722129432	5.80675	0.00844247976233988		19G1B04	6.8	3	0.162	2025-10-18
F14	0.13032567778956	0.00671361607093613	0.212716240234349	13.6943489138781	3.25855317768077	4.46554543480209	4.4805	0.00531207956505922		19G1B04	7.1	3	0.138	2025-10-18
F15	0	0.00705014933579741	0	5.0994415092467	1.94163626941189	2.15909175198144	2.16925	0.0124653976669147		19G1B04	7.4	3	0.074	2025-10-18
F16	0	0.0126179143600232	0	-2.76954858145134	4.08967499799056	0.929862145288199	0.927625	0.00213543388491678	questionable fit	19G1B04	7.7	3	0.026	2025-10-18
F17	0	0.0123298305072392	0	-0.572777685801478	1.84430620428365	1.03855437348417	1.0365	0.0035641309771525	questionable fit	19G1B04	8	3	0.03	2025-10-18
F18	0	0.00749717992275439	0	1.08645463683946	1.50422535868107	0.915610306861266	0.914124999999999	0.00127130947359039		19G1B04	8.3	3	0.022	2025-10-18
F19	0	0.00647575362432493	0	1.27460161236383	1.17342979962516	0.935935933244468	0.934749999999999	0.00193328973037848		19G1B04	8.6	3	0.026	2025-10-18
F2	0	0.0103933521745263	0	2.61471978283564	1.48011062428145	2.06083398568242	2.060125	0.00270481196532889		19G1B04	3.5	3	0.05	2025-10-18
F20	0	0.00740015004802289	0	2.08882417380079	1.62072492395264	1.15462264966383	1.152875	0.00308041246942613		19G1B04	8.9	3	0.039	2025-10-18
F21	0	0.0142157906209138	0	7.00297934050836	4.12840957637985	2.38759607437533	2.380625	0.00282449173311283		19G1B04	9.2	3	0.067	2025-10-18
F22	0	0.0189053411189068	0	10.4433517928861	5.3060707583011	3.35044837536752	3.3375	0.00411917530934946		19G1B04	9.5	3	0.1	2025-10-18
F23	0	0.0264082519900704	0	10.7864982712975	5.89259605130994	4.26161788941849	4.245625	0.00582107948526752		19G1B04	9.8	3	0.125	2025-10-18
F24	0	0.0143383313258142	0	14.26658852012	5.36928439348304	3.44658174715928	3.43425	0.0028504575721765		19G1B04	10.1	3	0.108	2025-10-18
F3	0.182040623230182	0.0295716920761515	0.166004131446962	9.88013536711343	4.1754815046962	6.7840783943508	6.761	0.00590270548464957		19G1B04	3.8	3	0.188	2025-10-18
F4	0.212935042320061	0.02792311300741	0.153358690909211	12.3303447980726	4.51977763014611	7.44933282885032	7.417875	0.00841016299740933		19G1B04	4.1	3	0.219	2025-10-18
F5	0.210565720277003	0.0328936143433413	0.14984063667344	11.2563670407442	4.62589585808141	7.54683027924502	7.512625	0.00952033418739477		19G1B04	4.4	3	0.219	2025-10-18
F6	0.216450701785026	0.0265332263140393	0.166628336974937	11.8118676758668	4.15983975561253	7.71034071542124	7.676125	0.0102783582124693		19G1B04	4.7	3	0.227	2025-10-18
F7	0.211765229462835	0.0305017388964152	0.161719149428346	11.020142221812	4.28611690705846	7.673884743192	7.6445	0.0100453512156219		19G1B04	5	3	0.223	2025-10-18
F8	0.214417152209472	0.0236357883698365	0.183555025224998	11.3773298124947	3.77623647029168	7.76128586638291	7.736375	0.0119560146840568		19G1B04	5.3	3	0.233	2025-10-18
F9	0.207286741009483	0.0263988380691628	0.191776025502241	10.0354437784577	3.61435783615114	7.7653999403381	7.7395	0.0117393469186003		19G1B04	5.6	3	0.225	2025-10-18
G1	0	0.00819614405854656	0	-8.08380670614955	5.94061809576823	0.516970857790446	0.515250000000002	0.000529531929260149	questionable fit	39G1A08	3.2	1	0.012	2025-10-18
G10	0.147323760752169	0.00693963271996654	0.0982263205842547	30.6143360373041	7.05663386795997	2.7643576289901	2.766375	0.00171291423505477		39G1A08	5.9	1	0.126	2025-10-18
G11	0.40381036474995	0.0137303931143993	0.0552243649255591	60.6025968236197	12.5514740005483	2.73257425936681	2.721125	0.00600243333170777		39G1A08	6.2	1	0.128	2025-10-18
G12	0.0883550903592821	0.00956654927643438	0.0887732313178945	23.7514729833663	7.80806522720576	2.15401691239685	2.1445	0.00407251436991065		39G1A08	6.5	1	0.09	2025-10-18
G13	0	0.00356073918771009	0	8.12045874317138	2.8509824164644	1.15498053975295	1.157125	0.00459033662502425		39G1A08	6.8	1	0.041	2025-10-18
G14	0	0.00583112889510021	0	2.11046356613848	1.98830276336693	0.809513501883913	0.8105	0.00814567776396994		39G1A08	7.1	1	0.031	2025-10-18
G15	0	0.00875703502477496	0	-5.08400374200209	4.96428649247257	0.592332696008268	0.590625	0.00085897012871999	questionable fit	39G1A08	7.4	1	0.017	2025-10-18
G16	0	0.00652716691388436	0	-14.1929892963349	9.8192574486694	0.39216691734822	0.39075	0.000583005816410786	questionable fit	39G1A08	7.7	1	0.01	2025-10-18
G17	0	0.00393449560486059	0	1.7884606946637	7.79825724242889	0.338942184478083	0.338125000000001	0.000969882189106351		39G1A08	8	1	0.012	2025-10-18
G18	0	0.00331130566918483	0	0.00952542229709693	2.13364626408864	0.305550186301282	0.304875	0.000692291960228539		39G1A08	8.3	1	0.00900000000000001	2025-10-18
G19	0	0.000631156332942142	0	11.7230409770308	2.69448844106676	0.490318511286153	0.49325	0.00171355202546858		39G1A08	8.6	1	0.017	2025-10-18
G2	0	0.00826391031776634	0	-0.378307392201943	2.17851936254522	0.720434391089785	0.718624999999999	0.000538547115355987	questionable fit	39G1A08	3.5	1	0.017	2025-10-18
G20	0	0.00265047626152241	0	-0.0170478177278827	0.098041733431344	0.240573349870101	0.23675	0.000722239336164076	questionable fit	39G1A08	8.9	1	0.00800000000000001	2025-10-18
G21	0	0.00683443796311662	0	1747.66190125832	92.6233765087738	0.396711898939341	0.395	0.00221483526284809		39G1A08	9.2	1	0.016	2025-10-18
G22	0	0.00874330978411449	0	14.9002569873699	5.74914896471102	1.97742422826507	1.964	0.0035420993197756		39G1A08	9.5	1	0.069	2025-10-18
G23	0	0.014679996968202	0	13.263252383173	5.53064304177495	3.0982941577269	3.08325	0.00399883747594157		39G1A08	9.8	1	0.098	2025-10-18
G24	0	0.0150328636258016	0	15.5856483011357	6.31272596087047	3.08108123305794	3.064875	0.00444421410218561		39G1A08	10.1	1	0.103	2025-10-18
G3	0.110195045820508	0.00971080533098164	0.0815924944509601	28.6394196268237	8.49523213163375	2.28057389443169	2.27925	0.000468546734470155		39G1A08	3.8	1	0.091	2025-10-18
G4	0.133954076203536	0.00535358299503582	0.112255962305042	28.3187148930842	6.17470258440618	2.73671118220769	2.739375	0.00389888085753457		39G1A08	4.1	1	0.133	2025-10-18
G5	0.0872525292254418	0.00600383125824879	0.13413813325921	19.4211513480695	5.16741335009114	2.47859125527689	2.48175	0.00139129969723396		39G1A08	4.4	1	0.088	2025-10-18
G6	0.0862010518133811	0.00468002538703187	0.144350539884641	19.7959595282638	4.80183296241135	2.42531462249625	2.425125	0.00157291054814298		39G1A08	4.7	1	0.09	2025-10-18
G7	0.101321783368694	0.00473872191559191	0.163895221037949	18.3936779741834	4.22920922385804	2.99552058866775	3.003375	0.0020401920481843		39G1A08	5	1	0.105	2025-10-18
G8	0.136180130594654	0.00612209284852119	0.129033887597606	23.6842960027802	5.37182280922618	3.33429496106479	3.335375	0.0037459563490467		39G1A08	5.3	1	0.134	2025-10-18
G9	0.160942219655321	0.00742505194975328	0.099971690270261	30.2981045239014	6.93343464220829	3.0543861718251	3.056375	0.00129865077240901		39G1A08	5.6	1	0.139	2025-10-18
H1	0	0.00693442360351153	0	-31.7679550282181	24.1314605098102	0.386690321602312	0.385124999999999	0.000549133294879967	questionable fit	39G1A08	3.2	2	0.00900000000000001	2025-10-18
H10	0.156996041524898	0.00580808863380886	0.106064054502283	30.7292820472614	6.53517521852819	2.90319398864921	2.91475	0.00280594055401292		39G1A08	5.9	2	0.133	2025-10-18
H11	0.346793762203107	0.0143171058660492	0.051441492442039	61.1396455475986	13.4744764907616	2.51214127047691	2.499875	0.00550164133204281		39G1A08	6.2	2	0.118	2025-10-18
H12	0.0913279408774322	0.0105783953891971	0.0867925025943165	23.4183658992748	7.98625641433382	2.24992984739988	2.241375	0.00396911235636433		39G1A08	6.5	2	0.092	2025-10-18
H13	0	0.00512684804717786	0	6.70570095128573	3.01642492380545	1.18155171922285	1.18125	0.00534331869145944		39G1A08	6.8	2	0.041	2025-10-18
H14	0	0.00594756057023715	0	1.70591666805201	1.86190891779009	0.778840453272245	0.779875	0.00797464059891142		39G1A08	7.1	2	0.028	2025-10-18
H15	0	0.00776058457400407	0	-3.30258091898964	3.43723781693666	0.542139955906606	0.540125000000002	0.000857134854868811	questionable fit	39G1A08	7.4	2	0.017	2025-10-18
H16	0	0.00544833270701148	0	-7.42921060552807	9.93306612341504	0.363368659571643	0.362	0.000961861694628927	questionable fit	39G1A08	7.7	2	0.012	2025-10-18
H17	0	0.00565624939533939	0	2.24215224320943	11.6010341411596	0.442329763688883	0.44125	0.00125589785208143		39G1A08	8	2	0.015	2025-10-18
H18	0	0.00298910951138773	0	0.0224355086676784	2.01076125338101	0.277160531091916	0.276625	0.000912418855835676		39G1A08	8.3	2	0.00900000000000001	2025-10-18
H19	0	0.00106808600366612	0	4.6661969283751	2.31424001110871	0.230651813048822	0.230875	0.0014526086326433		39G1A08	8.6	2	0.00899999999999999	2025-10-18
H2	0	0.00804349662147424	0	-0.216422639902146	2.40335071368501	0.71617175846566	0.714374999999999	0.000512997842180398	questionable fit	39G1A08	3.5	2	0.017	2025-10-18
H20	0	0.0065004534803649	0	-48.1485563861424	22.7637489595189	0.275140668960215	0.2585	0.00109041181036322	questionable fit (k < n0)	39G1A08	8.9	2	0.00900000000000001	2025-10-18
H21	0	0.00417642291756452	0	-4.9956999678525	2.54975061665847	0.248673196684682	0.247875	0.000482254889038656	questionable fit	39G1A08	9.2	2	0.006	2025-10-18
H22	0	0.00659737085282786	0	9478.8873484588	684.984677357964	0.325906100200486	0.324	0.00266892150607331		39G1A08	9.5	2	0.014	2025-10-18
H23	0	0.0108789544912402	0	10.7288559401556	4.62433927994583	2.36574111501642	2.35275	0.00439208350747223		39G1A08	9.8	2	0.076	2025-10-18
H24	0	0.0116196200828055	0	17.0212194624061	6.69670194439378	2.38057376026066	2.36825	0.00315534700613197		39G1A08	10.1	2	0.083	2025-10-18
H3	0.0984344835520131	0.0091156888976433	0.0784777507566363	29.0810443272834	8.83240375618603	2.0129683675876	2.0115	0.000466936905330829		39G1A08	3.8	2	0.08	2025-10-18
H4	0.111663507988576	0.00585310418025252	0.105371307575587	27.4712041280546	6.57813969009279	2.3710781833251	2.3725	0.000694674662644503		39G1A08	4.1	2	0.099	2025-10-18
H5	0.0901424079557343	0.00494523788486997	0.13757433543639	20.6909460188519	5.03834656632183	2.45787427530385	2.46125	0.00130441784084054		39G1A08	4.4	2	0.09	2025-10-18
H6	0.0921299145077217	0.00486261915653808	0.134839065094946	21.413664898082	5.14055166484485	2.44937716844986	2.4465	0.0020312652764694		39G1A08	4.7	2	0.094	2025-10-18
H7	0.101014204872285	0.00492224274731056	0.156485748060461	18.9892142829665	4.42945884306433	2.92554630065089	2.93175	0.00148108163851005		39G1A08	5	2	0.103	2025-10-18
H8	0.11853595743642	0.00494776739146242	0.141761282316676	22.1050701996577	4.88953802640938	3.0784868213554	3.094	0.00255944625947716		39G1A08	5.3	2	0.115	2025-10-18
H9	0.128671833921244	0.00756335010071009	0.0980787370356074	28.2770003081215	7.0672523067696	2.65841274993404	2.660625	0.00137415656510045		39G1A08	5.6	2	0.111	2025-10-18
I1	0	0.00805283857099886	0	-42.5623827937812	25.8822709690692	0.435664332373281	0.433875000000001	0.000546049725986887	questionable fit	39G1A08	3.2	3	0.01	2025-10-18
I10	0.148264557782189	0.00622416768247347	0.1048840844955	29.8202700794718	6.60869743864413	2.8570095090426	2.86825	0.00273768828550491		39G1A08	5.9	3	0.127	2025-10-18
I11	0.381343072920655	0.0152775947360791	0.0498718033302981	63.691798744858	13.8985786411065	2.59106266837658	2.57775	0.00607094997531971		39G1A08	6.2	3	0.121	2025-10-18
I12	0.0879169866734893	0.00918282568201369	0.100578409906342	21.3638509839532	6.8916100503617	2.32019380144237	2.312375	0.00437470436764556		39G1A08	6.5	3	0.094	2025-10-18
I13	0	0.00575586181505043	0	7.34841744905741	3.29442302561278	1.30876023212448	1.308125	0.00515770127786972		39G1A08	6.8	3	0.043	2025-10-18
I14	0	0.0163763927096014	0	-1.29334694054208	0.274314300785045	0.819224121421135	0.769625	0.00764326561270519	questionable fit	39G1A08	7.1	3	0.028	2025-10-18
I15	0	0.0062569711458554	0	-0.66393697525947	4.13816994512075	0.52626933394575	0.525000000000001	0.000953477070916214	questionable fit	39G1A08	7.4	3	0.015	2025-10-18
I16	0	0.00469178014466438	0	2.49033258877951	5.90378975791865	0.450104393182804	0.449125	0.00118909663079773		39G1A08	7.7	3	0.014	2025-10-18
I17	0	0.00391681705277311	0	11.998539442369	10.3541057776547	0.404494451714947	0.40375	0.00111001258605167		39G1A08	8	3	0.014	2025-10-18
I18	0	0.00456654914590496	0	-4.64937520891618	4.2776689111348	0.307775703333649	0.306625	0.000691202216906024	questionable fit	39G1A08	8.3	3	0.00900000000000001	2025-10-18
I19	0	0	0	0	0	0	0	0	cannot fit data	39G1A08	8.6	3	0.005	2025-10-18
I2	0	0.00887934487760837	0	-0.508182496473383	2.4333568678174	0.762118901155808	0.760124999999999	0.000511589930977803	questionable fit	39G1A08	3.5	3	0.018	2025-10-18
I20	0	0	0	0	0	0	0	0	cannot fit data	39G1A08	8.9	3	0.00700000000000001	2025-10-18
I21	0	0	0	0	0	0	0	0	cannot fit data	39G1A08	9.2	3	0.00700000000000001	2025-10-18
I22	0	0	0	0	0	0	0	0	cannot fit data	39G1A08	9.5	3	0.00900000000000001	2025-10-18
I23	0	0	0	0	0	0	0	0	cannot fit data	39G1A08	9.8	3	0.02	2025-10-18
I24	0	0.0080795746842152	0	816.221304397768	36.8187300062322	0.634361638423509	0.63275	0.00343345803075572		39G1A08	10.1	3	0.029	2025-10-18
I3	0.0982675489961513	0.00902217912567515	0.0789434307096813	29.029694141756	8.78030222817439	2.01199546742779	2.01025	0.000478283732922878		39G1A08	3.8	3	0.08	2025-10-18
I4	0.110776928998463	0.00682983229595696	0.104614367421971	26.0249335919013	6.6257360020548	2.48882642855388	2.492875	0.00102683645030988		39G1A08	4.1	3	0.099	2025-10-18
I5	0.0853819725040679	0.00475123007757048	0.140015332464829	20.2226170406383	4.95050912180677	2.36623511337006	2.37025	0.00133675329962926		39G1A08	4.4	3	0.086	2025-10-18
I6	0.0857666902817818	0.00514294719953717	0.133382885244666	20.6335833866534	5.1966725662629	2.34095667077793	2.338375	0.00210212351046093		39G1A08	4.7	3	0.088	2025-10-18
I7	0.0995655128624258	0.00443773812572704	0.161289402991291	19.0035805997649	4.2975370216813	2.88478784928687	2.893125	0.00168314611521039		39G1A08	5	3	0.101	2025-10-18
I8	0.110899661352191	0.0045317281148361	0.152832161183357	20.6488004792169	4.53534894221877	3.03631611723147	3.056	0.00326899238149783		39G1A08	5.3	3	0.11	2025-10-18
I9	0.139547546819498	0.00780532531459102	0.0944922525009604	29.9076467931523	7.33549219342506	2.70954544563535	2.711375	0.00126629557083927		39G1A08	5.6	3	0.117	2025-10-18
J1	0	0.014	0	-10.194518395696	8.33980824631607	0.438747375083717	0.39225	0.0020711780494306	questionable fit (k < n0)	39G3B09	3.2	1	0.014	2025-10-18
J10	0	0.00916246612710085	0	16.0912174127257	6.37208110799238	1.91398740368439	1.916375	0.00168071468548394		39G3B09	5.9	1	0.061	2025-10-18
J11	0	0.0113972607122747	0	4.87885031729874	4.18525100801671	1.51948989465087	1.51925	0.00583525372847243		39G3B09	6.2	1	0.048	2025-10-18
J12	0	0.00813252308691923	0	-0.0389240405572705	0.0826478109658938	0.673955482611932	0.63075	0.00638260064679023	questionable fit	39G3B09	6.5	1	0.022	2025-10-18
J13	0	0.00285048174640283	0	4.08379805057353	1.79539636039314	0.72619539886345	0.72975	0.00920881992089803		39G3B09	6.8	1	0.036	2025-10-18
J14	0	0.0068123021982549	0	2.91463653431034	1.58598532820285	1.39377476817999	1.394125	0.0045577876201813		39G3B09	7.1	1	0.041	2025-10-18
J15	0	0.00679534181165985	0	6.0634861245016	2.7562138335852	1.57231165163275	1.574125	0.00405416338815402		39G3B09	7.4	1	0.051	2025-10-18
J16	0	0.00551268819690933	0	7.51369225558984	4.14329366063939	0.975663227965275	0.976875000000001	0.00273688205454379		39G3B09	7.7	1	0.032	2025-10-18
J17	0	0.00181917327590014	0	2.19240614640168	0.619078232160776	1.05658424412793	1.052125	0.00488532158572688		39G3B09	8	1	0.032	2025-10-18
J18	0	0.00417858420345651	0	3.02092200340646	2.09724224914336	0.686487223382629	0.686875	0.00351613515252224		39G3B09	8.3	1	0.027	2025-10-18
J19	0	0.00105363615689887	0	3.28071115267071	0.713407608189473	1.19305342084785	1.197	0.00449799368394702		39G3B09	8.6	1	0.033	2025-10-18
J2	0	0.0147321001585921	0	-43.0726540654098	17.7189492379929	0.632620892370342	0.585875	0.00192632706644199	questionable fit (k < n0)	39G3B09	3.5	1	0.017	2025-10-18
J20	0	0.00726618966634085	0	1.30899135591793	2.10524466672668	0.837035471416537	0.836	0.00338239774715837		39G3B09	8.9	1	0.026	2025-10-18
J21	0	0.00238103120761587	0	3.41378743560236	1.07449089407288	1.06739102847454	1.070375	0.00321965997894289		39G3B09	9.2	1	0.03	2025-10-18
J22	0	0.00875916669065374	0	0.424234014569502	2.20086086970077	0.85939254839426	0.858125	0.00251967341995977		39G3B09	9.5	1	0.024	2025-10-18
J23	0	0.0248194621644398	0	-7.6126893129189	3.08266320768408	1.39079317779599	1.386125	0.00238604041076174	questionable fit	39G3B09	9.8	1	0.037	2025-10-18
J24	0	0.0109844125553708	0	1779.72303759182	89.6460643421887	0.64166684730623	0.63975	0.0020757712308834		39G3B09	10.1	1	0.019	2025-10-18
J3	0	0.0158431712556177	0	-2.74318013029013	5.57996630782069	1.19002734769631	1.1865	0.000832889046392883	questionable fit	39G3B09	3.8	1	0.028	2025-10-18
J4	0	0.0138194988801869	0	10.3679842480205	15.5007399225856	1.09891012634466	1.095875	0.00116697248931844		39G3B09	4.1	1	0.031	2025-10-18
J5	0	0.014174830065485	0	16.9438489317287	11.6163988821	1.51286946906363	1.50975	0.0007035805673601		39G3B09	4.4	1	0.046	2025-10-18
J6	0	0.0130836422675536	0	12.944691628923	9.21636989577986	1.52251838821212	1.519125	0.000699046413449328		39G3B09	4.7	1	0.046	2025-10-18
J7	0	0.0111398640090686	0	15.5174710948366	8.11981271377518	1.62410137172196	1.622375	0.000842859708414179		39G3B09	5	1	0.05	2025-10-18
J8	0	0.00992636554343633	0	16.2272306697576	7.17766294791251	1.75236777220647	1.751875	0.00101114253464006		39G3B09	5.3	1	0.055	2025-10-18
J9	0	0.0118419230930006	0	13.9306738587462	7.69942961779943	1.70607619410981	1.7055	0.00152216164274868		39G3B09	5.6	1	0.051	2025-10-18
K1	0	0	0	0	0	0	0	0	cannot fit data	28G1A05	3.2	1	0.00900000000000001	2025-10-18
K10	0.0930704969012148	0.0033613971066164	0.102773963546592	31.9557152850625	6.74438502360287	1.6351674968711	1.644	0.00138194120310223		28G1A05	5.9	1	0.076	2025-10-18
K11	0	0.0058113766023113	0	17.722888013177	7.58250046845838	1.02588774312521	1.026	0.00371898977190349		28G1A05	6.2	1	0.037	2025-10-18
K12	0	0.00363264043895512	0	7.25956730090734	4.74989557664513	0.549249582358467	0.551125	0.00263070135087287		28G1A05	6.5	1	0.019	2025-10-18
K13	0	0.00257576536758671	0	-0.327234952489064	1.33091817706117	0.223295734884775	0.22325	0.00450747264437692	questionable fit	28G1A05	6.8	1	0.013	2025-10-18
K14	0	0.012	0	-0.532016940129646	0.266008470064823	0.434833631413964	0.343375000000001	0.00517392147212225	questionable fit (k < n0)	28G1A05	7.1	1	0.012	2025-10-18
K15	0	0.00791977893048055	0	-1.53358590834763	6.98058428349268	0.618767969096194	0.616875	0.000797732885592916	questionable fit	28G1A05	7.4	1	0.016	2025-10-18
K16	0	0.00523647119536957	0	-0.67227509867443	4.37947654994794	0.439093777916846	0.438125	0.000932925349860805	questionable fit	28G1A05	7.7	1	0.012	2025-10-18
K17	0	0.00359048256033203	0	9.32664241533083	4.73061819490793	0.660058545055725	0.66225	0.00161853117973757		28G1A05	8	1	0.02	2025-10-18
K18	0	0.00409663656094566	0	4.89717485013165	3.42727108493527	0.631470213631459	0.631249999999999	0.00153493106088117		28G1A05	8.3	1	0.019	2025-10-18
K19	0	0.00154881092634398	0	7.2554350675286	2.05572227896422	0.790941354802685	0.792875	0.000936707703223018		28G1A05	8.6	1	0.021	2025-10-18
K2	0	0.00750211722145004	0	-113.105642367575	43.0099027637948	0.377831658292047	0.376125	0.000435799495742468	questionable fit	28G1A05	3.5	1	0.01	2025-10-18
K20	0	0.00405765272997334	0	3.44814305005453	3.70907487072135	0.50092981789129	0.500625000000001	0.00108035221792838		28G1A05	8.9	1	0.014	2025-10-18
K21	0	0.00467891899864971	0	3.90800721906195	2.3066256163614	0.860209696594871	0.860374999999999	0.0014756186023985		28G1A05	9.2	1	0.024	2025-10-18
K22	0	0.00627285819808387	0	1.2615918257045	3.72503024824413	0.62237941287319	0.621375	0.000895786146411464		28G1A05	9.5	1	0.016	2025-10-18
K23	0	0.00767861152984394	0	-2.23043396005422	1.89418964340753	0.522709509111472	0.521250000000001	0.00151767895206782	questionable fit	28G1A05	9.8	1	0.015	2025-10-18
K24	0	0.0198032701671323	0	-22.7617458262324	6.58415058424527	0.88390704754806	0.854874999999999	0.0080478979240658	questionable fit (k < n0)	28G1A05	10.1	1	0.028	2025-10-18
K3	0.884294594025592	0.00599756624197895	0.0436778027975523	114.168542299893	15.8695524079519	0.96670705310699	0.967875	0.00120985425521284		28G1A05	3.8	1	0.045	2025-10-18
K4	0	0.00148337959784769	0	32.6240583766629	5.79041837735688	1.24883350321421	1.275125	0.00232488904200912		28G1A05	4.1	1	0.063	2025-10-18
K5	0.0853158989105648	0.00111094999252831	0.161479277591094	26.8024372007074	4.29248378429812	1.83542128182458	1.86375	0.00262574914489286		28G1A05	4.4	1	0.082	2025-10-18
K6	0	0.000779612521519698	0	25.9572261603599	3.85593248058981	1.86482884882096	1.9055	0.00281578747765582		28G1A05	4.7	1	0.082	2025-10-18
K7	0.118668050324932	0.000734250415623149	0.191382032923849	26.5386907776858	3.62179860862774	2.57691722889582	2.6145	0.00370814617174821		28G1A05	5	1	0.119	2025-10-18
K8	0.092286682952093	0.000418969169354527	0.217813767452859	24.7473227010256	3.18229278463751	2.1654036507828	2.22825	0.00464423624692915		28G1A05	5.3	1	0.096	2025-10-18
K9	0.0936244337660247	0.00205843630405752	0.136408026069566	27.8217747629151	5.0814251956586	1.93435471656747	1.96575	0.00277596827091289		28G1A05	5.6	1	0.086	2025-10-18
L1	0	0	0	0	0	0	0	0	cannot fit data	Salt-15	3.2	1	0.011	2025-10-18
L10	0	0.00476394859353536	0	9.87716686381082	2.63465426064276	2.61865203914318	2.628625	0.00273169165748632		Salt-15	5.9	1	0.071	2025-10-18
L11	0	0.00700215802208017	0	7.7922427085543	2.68460975687632	2.37005655440553	2.377875	0.00820911239359917		Salt-15	6.2	1	0.073	2025-10-18
L12	0	0.00454068478959666	0	10.0309200045403	2.92475109126388	2.02107650750559	2.03225	0.00580167246032187		Salt-15	6.5	1	0.062	2025-10-18
L13	0	0.00237293525469079	0	7.44707455910137	1.8583799830178	1.64543549270429	1.64975	0.00562941536410783		Salt-15	6.8	1	0.05	2025-10-18
L14	0	0.00500695465610849	0	8.63685169569831	2.81389004070969	1.839600459454	1.843	0.00418917308172123		Salt-15	7.1	1	0.054	2025-10-18
L15	0	0.00958438303462493	0	8.83598758999737	4.02203758771938	2.04638183046025	2.042375	0.00135702400560517		Salt-15	7.4	1	0.054	2025-10-18
L16	0	0.00755263283067245	0	10.3872037654035	4.39630004481544	1.70314109699532	1.70025	0.000775837177025518		Salt-15	7.7	1	0.047	2025-10-18
L17	0	0.00848501271274693	0	10.5639994837933	4.6635549737122	1.79330951805023	1.787625	0.0022414090978969		Salt-15	8	1	0.05	2025-10-18
L18	0	0.00740719933229468	0	11.9425819539683	5.24750674704846	1.51059288861883	1.50725	0.0010562880114683		Salt-15	8.3	1	0.043	2025-10-18
L19	0	0.0055595160741878	0	13.8519163452138	5.17612526735806	1.37008393464922	1.366375	0.000960406893611459		Salt-15	8.6	1	0.041	2025-10-18
L2	0	0.0116303462116896	0	-7.21022068063815	6.31980194848476	0.757585768859378	0.755249999999999	0.000363856087326952	questionable fit	Salt-15	3.5	1	0.017	2025-10-18
L20	0	0.00777904095419396	0	13.7665670019634	6.48614918652119	1.36352600501688	1.3605	0.00102178664228631		Salt-15	8.9	1	0.041	2025-10-18
L21	0	0.0086587320553802	0	11.5271011330244	6.75860283069018	1.26541962068915	1.26325	0.000487703743412083		Salt-15	9.2	1	0.036	2025-10-18
L22	0	0.00733878378855977	0	10.9477113099308	6.68328215784214	1.04940494179955	1.04775	0.00077783904285007		Salt-15	9.5	1	0.03	2025-10-18
L23	0	0.010240250015062	0	5.15405727021642	6.85624198423189	1.05989992943418	1.057875	0.000411082810394339		Salt-15	9.8	1	0.027	2025-10-18
L24	0	0.0095266025751892	0	5.66320032425198	5.57723111574445	1.13260878379046	1.13075	0.000865769166542103		Salt-15	10.1	1	0.03	2025-10-18
L3	0	0.0111376659269389	0	14.4027067586902	5.70934203839578	2.45067079208667	2.445875	0.0021017077153196		Salt-15	3.8	1	0.08	2025-10-18
L4	0	0.00652433596387087	0	12.2284802591992	3.94339935260179	2.2100773238512	2.2115	0.00172320286792817		Salt-15	4.1	1	0.064	2025-10-18
L5	0	0.00618732848985356	0	10.5492569376826	3.44617171102366	2.14518126490366	2.14675	0.00158983500381753		Salt-15	4.4	1	0.06	2025-10-18
L6	0	0.00428406826087995	0	10.5189563990815	2.84679327620343	2.23415831069165	2.241625	0.00210543802514697		Salt-15	4.7	1	0.061	2025-10-18
L7	0	0.00424882646704851	0	9.0009057686075	2.41858019573651	2.34853821854387	2.359375	0.00349504612592107		Salt-15	5	1	0.065	2025-10-18
L8	0	0.00342715773550785	0	8.83470054626154	2.20079411415977	2.30407767763322	2.31675	0.00397951224598639		Salt-15	5.3	1	0.065	2025-10-18
L9	0	0.00389270270979509	0	8.81922912829246	2.18098413909365	2.66916969156879	2.683875	0.00439528847081828		Salt-15	5.6	1	0.075	2025-10-18
M1	0	0.0259612543298483	0	-46.3714843168855	17.0965442023693	1.13848026650966	1.073875	0.0023952583313412	questionable fit (k < n0)	30G3A10	3.2	1	0.029	2025-10-18
M10	0.216240458255191	0.0285053049574897	0.181764241426261	10.3702575761784	3.81344083479228	8.01433711785227	7.99075	0.00579077464877208		30G3A10	5.9	1	0.224	2025-10-18
M11	0.208776909829234	0.0248175187276179	0.23940917859561	8.36711959153862	2.89524062789068	8.20681737973466	8.202375	0.00477472983442995		30G3A10	6.2	1	0.215	2025-10-18
M12	0.215795613081972	0.0281359542648404	0.171618897774113	11.0569509052566	4.0388744453555	7.8427434296896	7.829	0.00321305415860376		30G3A10	6.5	1	0.217	2025-10-18
M13	0.206221116335324	0.0169548599263628	0.256249681036478	9.41503717758208	2.7049679740334	7.93018939910952	7.9515	0.00812580916686662		30G3A10	6.8	1	0.214	2025-10-18
M14	0.132045272039895	0.021323827443048	0.22601314915396	7.28803805649359	3.06684448738765	5.29997419007576	5.308375	0.0124143331777785		30G3A10	7.1	1	0.152	2025-10-18
M15	0.11213062028719	0.0224872043821938	0.253910816594321	5.44637412602238	2.72988441318513	4.6956532993858	4.69200000000001	0.00420716351068058		30G3A10	7.4	1	0.118	2025-10-18
M16	0	0.0201499537777027	0	2.20966889540909	3.27141445930308	2.28689394575221	2.286875	0.00966163919671172		30G3A10	7.7	1	0.068	2025-10-18
M17	0	0.018674019937775	0	2.96028464498774	2.58733672513063	2.62870337770544	2.629625	0.012387401604461		30G3A10	8	1	0.076	2025-10-18
M18	0	0.0297700949507142	0	-24.1221680775566	9.13104931790516	1.26126032844239	1.22125	0.0036458796546133	questionable fit (k < n0)	30G3A10	8.3	1	0.037	2025-10-18
M19	0	0.0111194333375202	0	0.304343488179464	0.482850856818578	1.3472279014151	1.3455	0.00478546999949936		30G3A10	8.6	1	0.042	2025-10-18
M2	0	0.033422038919699	0	-62.3751568208675	18.9712868958042	1.52025156612407	1.451	0.00335348850189761	questionable fit (k < n0)	30G3A10	3.5	1	0.04	2025-10-18
M20	0	0.00994606675901702	0	0.426783799512384	0.668660454004967	1.20265717465615	1.200625	0.00255036845722069		30G3A10	8.9	1	0.033	2025-10-18
M21	0	0.0148697034548641	0	0.088631651731294	0.660477571888251	1.48142926801229	1.478375	0.00438824228058861		30G3A10	9.2	1	0.043	2025-10-18
M22	0	0.0125241072755323	0	0.141983802368	0.621303690742687	1.29215021551981	1.289875	0.00639802558357979		30G3A10	9.5	1	0.041	2025-10-18
M23	0	0.0356850935565651	0	-56.9877790031097	30.2887450340039	1.50583320571048	1.408	0.00456271855505564	questionable fit (k < n0)	30G3A10	9.8	1	0.042	2025-10-18
M24	0	0	0	0	0	0	0	0	cannot fit data	30G3A10	10.1	1	0.024	2025-10-18
M3	0.0924892639154013	0.0244548894914734	0.301181782469199	3.39722708381499	2.30142465748516	4.04988659722143	4.046	0.00269238714896031		30G3A10	3.8	1	0.096	2025-10-18
M4	0.094371140359934	0.0182239376349567	0.284467446332199	5.02669946523925	2.43664851460892	4.00355268276755	4.000875	0.00166600124888757		30G3A10	4.1	1	0.098	2025-10-18
M5	0.118227044156623	0.0193245368973886	0.317437894724784	5.14355401993695	2.18356784769158	5.02449173837961	5.02237500000001	0.00149634627786784		30G3A10	4.4	1	0.121	2025-10-18
M6	0.131297010513148	0.0261586311331064	0.173328385793523	8.0257955237751	3.99904018829122	5.10774632423219	5.09475	0.00419881024624043		30G3A10	4.7	1	0.134	2025-10-18
M7	0.166749657546514	0.0377288302006202	0.139588224385109	8.80840285800108	4.96565654884773	6.26771819454545	6.24950000000001	0.00604578205036988		30G3A10	5	1	0.171	2025-10-18
M8	0.195229358210175	0.0325632637177479	0.135443192789967	11.8759370141701	5.11762286669374	6.839847131874	6.822375	0.00452828021011146		30G3A10	5.3	1	0.197	2025-10-18
M9	0.196578408291697	0.0332446429819225	0.161969808750457	9.82838788704943	4.27948384891817	7.32147432194498	7.30587500000001	0.00363842072725362		30G3A10	5.6	1	0.202	2025-10-18
N1	0	0.019	0	-1.47706303827386	0.347713804814075	0.868168205904348	0.83175	0.00157573264850107	questionable fit (k < n0)	Desert-23	3.2	1	0.019	2025-10-18
N10	0.15393838769645	0.0132721436001238	0.23648943882982	9.98235972134784	2.93098577251367	5.82523379577925	5.83625	0.00539283745873285		Desert-23	5.9	1	0.16	2025-10-18
N11	0.131719108544065	0.0183865400162088	0.222813826293429	8.16245443483306	3.11088046954107	5.18549576056216	5.191375	0.0119718226642309		Desert-23	6.2	1	0.153	2025-10-18
N12	0.146876840088475	0.0102659233169307	0.266830026660518	9.70020840473814	2.59771056966472	5.61551519105246	5.623375	0.0041107623706953		Desert-23	6.5	1	0.15	2025-10-18
N13	0.174176001430003	0.0029031796066836	0.555850397863747	7.33551904899271	1.24700312030694	7.11311903867219	7.139125	0.0179037221261003		Desert-23	6.8	1	0.204	2025-10-18
N14	0.161090654078172	0.00286900042193052	0.589770400579669	6.79931246661167	1.17528309301157	6.66507134660592	6.69875	0.0150475017401528		Desert-23	7.1	1	0.184	2025-10-18
N15	0.174100045261385	0.00607292818160971	0.496225360694756	6.69108181396325	1.39683949161624	7.21502142009184	7.23112500000001	0.0057011015164397		Desert-23	7.4	1	0.183	2025-10-18
N16	0.149687704810934	0.00525464148410239	0.474976923873176	6.97655870394883	1.45932811831723	6.16004580679677	6.173625	0.00329745623068084		Desert-23	7.7	1	0.154	2025-10-18
N17	0.14125067686181	0.0093775489732069	0.350734630582853	7.53709971055555	1.97627242969441	5.7166244792668	5.720625	0.00252646102216368		Desert-23	8	1	0.144	2025-10-18
N18	0.139789960156453	0.0121157067555769	0.232143577606009	10.1444953134149	2.98585551109385	5.26589429269059	5.258	0.00384566155077508		Desert-23	8.3	1	0.146	2025-10-18
N19	0.134991856144511	0.00940336419397399	0.229926784819957	11.2729063255713	3.01464303561984	4.94318589570971	4.93975	0.0030925358758628		Desert-23	8.6	1	0.142	2025-10-18
N2	0	0	0	0	0	0	0	0	cannot fit data	Desert-23	3.5	1	0.027	2025-10-18
N20	0.135574348207258	0.0118597790238027	0.136800711696421	17.140439259485	5.06683899494712	4.13480213870331	4.121875	0.00325829006538298		Desert-23	8.9	1	0.141	2025-10-18
N21	0.122486505354716	0.0152899745963345	0.11307140580248	17.2233334633079	6.13017213008546	3.68245854774908	3.675125	0.00188074633753367		Desert-23	9.2	1	0.123	2025-10-18
N22	0.0984321362912448	0.0107818695834917	0.104578916115951	20.0373913869733	6.62798206658999	2.71156942873449	2.716875	0.00213938177172046		Desert-23	9.5	1	0.092	2025-10-18
N23	0	0.0135021223183911	0	17.1365548090298	7.44196433146462	2.37672036857375	2.377125	0.00132507499769577		Desert-23	9.8	1	0.074	2025-10-18
N24	0	0.0130771365187534	0	14.1080364607226	8.93131128589501	1.63065487241763	1.629125	0.000863715439638053		Desert-23	10.1	1	0.048	2025-10-18
N3	0	0.0160631214938808	0	0.726727198180579	1.11043168089273	1.93047384308427	1.9275	0.00248769633789565		Desert-23	3.8	1	0.045	2025-10-18
N4	0	0.0141822692468655	0	1.74703640307389	1.60395309199253	2.02112178263531	2.01875	0.00296806497325321		Desert-23	4.1	1	0.049	2025-10-18
N5	0	0.017910022862215	0	5.33505590565987	3.21427871412368	3.09884180577206	3.095	0.00232082964517569		Desert-23	4.4	1	0.077	2025-10-18
N6	0	0.0166390519432149	0	4.40134601595624	2.98723819939406	2.66934288897355	2.6655	0.00297285671570135		Desert-23	4.7	1	0.069	2025-10-18
N7	0.114486379131963	0.0157031838278531	0.215403149794513	8.53777681825316	3.21790642904332	4.462985543282	4.462125	0.00274367313845252		Desert-23	5	1	0.118	2025-10-18
N8	0.11970646691896	0.011548487057802	0.265958677705588	8.41122582041165	2.60622133686215	4.7178550854836	4.7285	0.00446722868108336		Desert-23	5.3	1	0.121	2025-10-18
N9	0.130565733298505	0.0212858121491044	0.157645750231093	10.3768856273589	4.3968656278007	4.79371594027141	4.79000000000001	0.00261945722370529		Desert-23	5.6	1	0.132	2025-10-18
O1	0	0	0	0	0	0	0	0	cannot fit data	Desert-21	3.2	1	0.00900000000000001	2025-10-18
O10	0	0.00356368297160831	0	15.8198787046774	3.5129764164364	2.71498846333556	2.7225	0.0013662891655141		Desert-21	5.9	1	0.085	2025-10-18
O11	0	0.00200090856921018	0	11.9591489290881	2.38851240208503	2.39747931847936	2.430125	0.00789782559137844		Desert-21	6.2	1	0.079	2025-10-18
O12	0	0.00266680839955091	0	10.507115004111	2.68357953599551	1.60670827948019	1.62325	0.00692487068956914		Desert-21	6.5	1	0.054	2025-10-18
O13	0	0.00142714181259542	0	7.14350087362139	1.59654851881428	1.35782633794861	1.365375	0.00743511028898833		Desert-21	6.8	1	0.047	2025-10-18
O14	0	0.00279649826013898	0	6.25550690586464	1.85570408196998	1.32312978308155	1.33075	0.00663916537772556		Desert-21	7.1	1	0.048	2025-10-18
O15	0	0.00749706693853097	0	11.8462027781677	4.60647151953647	1.84068772662064	1.836875	0.00151779131092086		Desert-21	7.4	1	0.053	2025-10-18
O16	0	0.00646312700408941	0	12.8566763426482	4.45408788630294	1.87502590796995	1.864	0.00411796469774655		Desert-21	7.7	1	0.057	2025-10-18
O17	0	0.00252298278969202	0	10.9600113470883	2.85530190495523	1.42746428317887	1.43025	0.00400194824238433		Desert-21	8	1	0.045	2025-10-18
O18	0	0.00254523512907396	0	12.111308030298	3.13247093074203	1.41986147869784	1.4175	0.00358652840607167		Desert-21	8.3	1	0.044	2025-10-18
O19	0	0.00332636677373732	0	16.5606816435591	4.79375293397102	1.23806151519221	1.230125	0.00207330740920548		Desert-21	8.6	1	0.042	2025-10-18
O2	0	0.00866997856433026	0	-11.3603204592513	8.99390577239478	0.538162650362033	0.536375000000001	0.000257703489477132	questionable fit	Desert-21	3.5	1	0.012	2025-10-18
O20	0	0.00513661180368885	0	14.958459482808	5.99892455235144	1.09054847867199	1.087375	0.00145441868548922		Desert-21	8.9	1	0.035	2025-10-18
O21	0	0.00460662982538705	0	8.65486040633945	3.52948230610665	1.15378403772764	1.156375	0.00248612335446719		Desert-21	9.2	1	0.035	2025-10-18
O22	0	0.00565625455677214	0	15.2788431976353	7.89363986399468	0.843258897076299	0.84275	0.000663715598153724		Desert-21	9.5	1	0.026	2025-10-18
O23	0	0.00643711476298196	0	6.2139227367234	6.10674914285691	0.750109311647498	0.748375	0.00109765410273177		Desert-21	9.8	1	0.021	2025-10-18
O24	0	0.00644058058608195	0	4.48885785623791	4.86121865192657	0.760393534164541	0.7605	0.00281243342323457		Desert-21	10.1	1	0.025	2025-10-18
O3	0	0.00853249524132671	0	16.9451658886093	6.3659108320594	1.88918480665372	1.887375	0.00089360768344998		Desert-21	3.8	1	0.062	2025-10-18
O4	0	0.00556813210181756	0	14.1773290369596	4.58353793452096	1.76938358788427	1.773375	0.00138172346555601		Desert-21	4.1	1	0.053	2025-10-18
O5	0	0.00415415975962224	0	14.9256878649393	4.0183441753178	1.9290070338702	1.932875	0.00158370384026334		Desert-21	4.4	1	0.061	2025-10-18
O6	0	0.00326203948369567	0	15.8539841941457	3.82273738611823	1.95793056412524	1.961875	0.000999488155751756		Desert-21	4.7	1	0.063	2025-10-18
O7	0	0.00486789481646256	0	14.9392885123655	3.97219495635926	2.32955395828548	2.3355	0.00120157802522917		Desert-21	5	1	0.07	2025-10-18
O8	0	0.00402897780904925	0	15.243105449455	3.81706492154875	2.22599892150426	2.232	0.00110248824827943		Desert-21	5.3	1	0.068	2025-10-18
O9	0	0.00453948514941543	0	13.9963548416517	3.60927575277737	2.41432615464126	2.42	0.00152322573467115		Desert-21	5.6	1	0.072	2025-10-18
