sample	k	n0	r	t_mid	t_gen	auc_l	auc_e	sigma	note	strain	pH	replicate	max.OD	date
A1	0	0.028	0	-13.8946093784187	9.35395074618934	0.972559921386471	0.940374999999998	0.0014195105921218	questionable fit (k < n0)	25G2A02	3.2	1	0.028	2025-10-11
A10	0.27977226129916	0.0125002070334096	0.24458767679469	12.5211617476736	2.83394155275363	9.93117153324269	9.93650194444444	0.00892409086724948		25G2A02	5.9	1	0.291	2025-10-11
A11	0.302868549886659	0.0154471004702923	0.255723173045576	11.4323948618389	2.7105372278343	11.0752786468964	11.0915016666667	0.0106658270641181		25G2A02	6.2	1	0.32	2025-10-11
A12	0.308509053062176	0.0144992030060003	0.22628937828747	13.2994292985959	3.06310082163643	10.703476596973	10.7183765277778	0.00427663048767876		25G2A02	6.5	1	0.311	2025-10-11
A13	0.340017976780467	0.0142820604931523	0.233759201520037	13.3773674844379	2.96521880658687	11.7799327395369	11.8036272222222	0.0101094884168237		25G2A02	6.8	1	0.35	2025-10-11
A14	0.337258619336508	0.014447906664039	0.196811481559459	15.7842243827666	3.52188386098062	10.8619638685361	10.8917516666667	0.0120867618609324		25G2A02	7.1	1	0.348	2025-10-11
A15	0.257678583158602	0.0173491252503509	0.216829754951457	12.1222690889092	3.19673460275378	9.2153172192135	9.22225083333334	0.00860110186419283		25G2A02	7.4	1	0.265	2025-10-11
A16	0.212751801304407	0.0146687637224677	0.204207706491242	12.7466590420304	3.39432430082981	7.47008429317134	7.47262513888889	0.00738601119003963		25G2A02	7.7	1	0.22	2025-10-11
A17	0.181769812433677	0.0113875070175669	0.244188253926289	11.0796807184985	2.83857707901535	6.7001389413127	6.71350069444444	0.00624738068151433		25G2A02	8	1	0.185	2025-10-11
A18	0.160281882503736	0.00852532236048743	0.212906930711434	13.5234527749831	3.25563464864096	5.51809991294774	5.54325041666667	0.00597281914682867		25G2A02	8.3	1	0.16	2025-10-11
A19	0.152382679822277	0.00558503079427245	0.241393318943085	13.5420697197306	2.87144310204945	5.25856323526243	5.30512499999999	0.00746959128128306		25G2A02	8.6	1	0.151	2025-10-11
A2	0	0.0277531543063206	0	-16.9080751299269	16.6929166126032	0.882214982697403	0.803249722222223	0.00420015296825573	questionable fit (k < n0)	25G2A02	3.5	1	0.031	2025-10-11
A20	0.144701108736531	0.00786655194572811	0.17860832813511	15.9911509790337	3.88082228750054	4.61861864525163	4.64512527777778	0.0052746508267601		25G2A02	8.9	1	0.144	2025-10-11
A21	0	0.01025073946148	0	16.0707883476264	4.18396413300759	4.99052889807276	5.01250041666666	0.00552440341580352		25G2A02	9.2	1	0.157	2025-10-11
A22	0	0.0037947667777198	0	18.2189028477459	3.15031573812701	6.36409375281345	6.46712555555556	0.0115538669624097		25G2A02	9.5	1	0.225	2025-10-11
A23	0	0.0338774645528049	0	15.7960400960041	5.62687343576548	8.52928500014155	8.52437611111112	0.0128011585225173		25G2A02	9.8	1	0.268	2025-10-11
A24	0	0.065133336496175	0	13.3198600020569	10.3395001713357	6.98168077789746	6.95437652777777	0.0186617775788619		25G2A02	10.1	1	0.216	2025-10-11
A3	0.145215775682121	0.0203824388024447	0.179066919440621	10.1208300297148	3.87088348157904	5.40861690388823	5.41762569444443	0.00523486667561032		25G2A02	3.8	1	0.145	2025-10-11
A4	0.16902301045427	0.0121660944696435	0.22815064155134	11.2061095613959	3.03811190644393	6.19843540411865	6.21925083333334	0.00570776488557956		25G2A02	4.1	1	0.171	2025-10-11
A5	0.179776659138536	0.014807974463563	0.232473659798894	10.3693029883813	2.98161598677272	6.7355679709341	6.75675097222222	0.00633608032400676		25G2A02	4.4	1	0.181	2025-10-11
A6	0.199349853050393	0.0088992582690987	0.273320604690056	11.2081739564073	2.53602241713892	7.341977151068	7.37750125	0.00660578974607523		25G2A02	4.7	1	0.201	2025-10-11
A7	0.205148942922495	0.0153495299893257	0.22190653865266	11.3330727178331	3.12359962337521	7.49254271907926	7.51300041666666	0.00646308874567197		25G2A02	5	1	0.208	2025-10-11
A8	0.229861046544414	0.0123614115857131	0.239173522210145	11.9896947379676	2.89809329291444	8.27146494993124	8.29375166666668	0.00760603535513379		25G2A02	5.3	1	0.235	2025-10-11
A9	0.313558770857228	0.0223673381194039	0.232404110795215	11.0427440868609	2.98250826195893	11.5528551278527	11.5520026388889	0.00747974694928181		25G2A02	5.6	1	0.323	2025-10-11
B1	0	0.003	0	-6.47531813370032	11.0696294646535	0.0652206157692813	0.05975	0.000281198924092113	questionable fit (k < n0)	23G4B04	3.2	1	0.003	2025-10-11
B10	0.155941768542674	0.00173708128556817	0.170538654023806	26.3053241560534	4.06445790561468	3.42636768500626	3.40437638888889	0.00596678270789677		23G4B04	5.9	1	0.159	2025-10-11
B11	0.2206436965055	0.00101719721047892	0.18352558547569	29.2868013304887	3.77684222482298	4.20533516653518	4.25562583333333	0.00481216396963184		23G4B04	6.2	1	0.21	2025-10-11
B12	0.16021198780186	0.000628290054422699	0.169347042248118	32.6980726140424	4.09305749517836	2.54673322676372	2.57612569444444	0.00283747801186902		23G4B04	6.5	1	0.155	2025-10-11
B13	0	0.0191021422487386	0	371.688930774053	15.0135929652246	3.41687348128145	3.44912597222222	0.0188388939732014		23G4B04	6.8	1	0.164	2025-10-11
B14	0.411133418930815	0.00303589329261059	0.0804186047516243	60.9436147624033	8.61923907658875	1.53032324790775	1.52775166666667	0.00479193549791181		23G4B04	7.1	1	0.122	2025-10-11
B15	0	0.00442975282604754	0	0.361949934514322	6.88311913922197	0.371957387417976	0.371124861111111	0.000632064980347658		23G4B04	7.4	1	0.011	2025-10-11
B16	0	0.0158246847623606	0	-129.971040750355	30.493956083546	0.746791539859428	0.743874583333333	0.00083020712043895	questionable fit (k < n0)	23G4B04	7.7	1	0.02	2025-10-11
B17	0	0.00240438911933029	0	5.08644714909181	2.37396220046593	0.552344763584338	0.555000277777777	0.00567001796937418		23G4B04	8	1	0.021	2025-10-11
B18	0	0.00468803593987079	0	-2.61602127238851	136660.522607124	0.0363842591979939	0.028875	0.000570203726054541	questionable fit (k < n0)	23G4B04	8.3	1	0.006	2025-10-11
B19	0	0.004	0	-3.57238533327626	311912.778954711	0.0382067687619928	0.03075	0.000508583976048015	questionable fit (k < n0)	23G4B04	8.6	1	0.004	2025-10-11
B2	0	0.005	0	-1.32164339765605	0.56920082950293	0.193551856007527	0.167875	0.00148487085229698	questionable fit (k < n0)	23G4B04	3.5	1	0.005	2025-10-11
B20	0	0.003	0	-4.66516967069616	279981.766597945	0.0339776735871982	0.028875	0.000389256861334377	questionable fit (k < n0)	23G4B04	8.9	1	0.003	2025-10-11
B21	0	0.00357555078143135	0	-28.4610161456218	24.072395963241	0.128670739136551	0.106	0.000808188747326968	questionable fit (k < n0)	23G4B04	9.2	1	0.005	2025-10-11
B22	0	0.00259790826108666	0	-25.2473510742379	36.00767086137	0.0833255855232144	0.0796247222222223	0.00106862233963531	questionable fit (k < n0)	23G4B04	9.5	1	0.00800000000000001	2025-10-11
B23	0	0.000000830996559023825	0	19.6714501961883	1.23350768396538	1.49849118131297	1.57949958333333	0.0062593919421034		23G4B04	9.8	1	0.066	2025-10-11
B24	0	0.0127174901131901	0	10.7704152975201	3.50705754632337	4.40928589506695	4.39325083333333	0.00522930821225898		23G4B04	10.1	1	0.126	2025-10-11
B3	0.102252382187507	0.0018915789044959	0.141521942550939	28.0617957496476	4.89780713906225	2.08677433195892	2.11150069444444	0.00259789429802697		23G4B04	3.8	1	0.094	2025-10-11
B4	0.10434577003009	0.000802611975499531	0.195164317193668	24.9014393721475	3.55160815525573	2.43310214273865	2.45912597222222	0.00207634992901232		23G4B04	4.1	1	0.104	2025-10-11
B5	0.0960408763751309	0.00196037707852648	0.184187946017501	21.0166519212717	3.76326027596879	2.6038873749088	2.58687555555556	0.00448699352196082		23G4B04	4.4	1	0.106	2025-10-11
B6	0.0969669267529735	0.000694095740899969	0.216902463399016	22.7398594090138	3.19566301690555	2.46781915341368	2.46037513888889	0.00332576945372732		23G4B04	4.7	1	0.104	2025-10-11
B7	0.151043928875196	0.00466876536212787	0.131522937691674	26.195265549558	5.27016194076256	3.35016492408977	3.30250055555556	0.00737875037371333		23G4B04	5	1	0.148	2025-10-11
B8	0.121584630570438	0.00121566387772508	0.211505556714958	21.7264808088845	3.2772055322125	3.21569178737639	3.20775069444444	0.00431261845038621		23G4B04	5.3	1	0.133	2025-10-11
B9	0.122278162879573	0.00133721722278599	0.195216472824057	23.0754687534899	3.5506592785572	3.07049229097794	3.09125055555556	0.00394322752344795		23G4B04	5.6	1	0.126	2025-10-11
C1	0	0	0	0	0	0	0	0	cannot fit data	26G4B12	3.2	1	0.00900000000000001	2025-10-11
C10	0.21263966828962	0.0107173704059969	0.231719209885646	12.6705814908543	2.99132377027358	7.50875367041195	7.47537680555556	0.00802094884543108		26G4B12	5.9	1	0.23	2025-10-11
C11	0.195150831535947	0.0166071545592586	0.179806608197032	13.2086338983455	3.85495943397361	6.73499248254551	6.69950152777778	0.00678783883430809		26G4B12	6.2	1	0.2	2025-10-11
C12	0.161742840037039	0.00662361970153768	0.260113286868295	12.1237635318833	2.66478959573838	5.80988848316229	5.78637638888889	0.0112741235578516		26G4B12	6.5	1	0.177	2025-10-11
C13	0.165404881222597	0.00548719373084578	0.1280330598449	26.3388398986075	5.41381406801984	3.64943596183809	3.66212638888889	0.00769487417193505		26G4B12	6.8	1	0.16	2025-10-11
C14	0	0.0122741848145037	0	1350.19371583643	62.5775724537291	0.781940355708912	0.779999444444444	0.00236736019669221		26G4B12	7.1	1	0.022	2025-10-11
C15	0	0.00603992123368467	0	0.515813206879422	0.859787703478056	0.715049536215386	0.713751111111112	0.0027803084699524		26G4B12	7.4	1	0.023	2025-10-11
C16	0	0.00677534096791646	0	-0.447762490076722	1.87858610622724	0.582638968892827	0.581249722222224	0.00198789739170677	questionable fit	26G4B12	7.7	1	0.019	2025-10-11
C17	0	0.00703347153089207	0	-1.0582112882501	2.70342743501568	0.570130725780556	0.568751111111112	0.00176884593766052	questionable fit	26G4B12	8	1	0.021	2025-10-11
C18	0	0.00430575841900442	0	1.71298612658211	2.0544012625373	0.541171143691256	0.540750972222221	0.00228684272753279		26G4B12	8.3	1	0.024	2025-10-11
C19	0	0.00581335426143488	0	-1.62502319719042	4.60834012544382	0.459872973114735	0.458624861111111	0.00139776294490408	questionable fit	26G4B12	8.6	1	0.016	2025-10-11
C2	0	0.00604227326467262	0	-0.25409599106883	0.246550877347498	0.432566968541127	0.382874861111112	0.00206784544234806	questionable fit	26G4B12	3.5	1	0.011	2025-10-11
C20	0	0.00644351011754957	0	-3.21165053202132	5.71864984337538	0.475098174286243	0.473875000000001	0.000849031747982606	questionable fit	26G4B12	8.9	1	0.014	2025-10-11
C21	0	0.00634311239551516	0	-6.9795296508015	9.02964445604755	0.426239865669194	0.424625	0.000774107087380008	questionable fit	26G4B12	9.2	1	0.013	2025-10-11
C22	0	0.00577063040332179	0	-0.217096187597815	6.30659306313118	0.479592636436638	0.478374444444447	0.000813093921953589	questionable fit	26G4B12	9.5	1	0.013	2025-10-11
C23	0	0.00623653268236435	0	-3.51666326351229	4.98159890838261	0.450416911616981	0.448875416666667	0.00117862859421523	questionable fit	26G4B12	9.8	1	0.014	2025-10-11
C24	0	0.000000000231294846585983	0	17.9739195181326	0.670923815726627	0.811243288173526	0.905624861111111	0.00910067451153174		26G4B12	10.1	1	0.042	2025-10-11
C3	0.157561450493691	0.00618305903248686	0.278690387601146	11.4749902048601	2.48715855084302	5.76457694657986	5.77712555555556	0.00519364232640995		26G4B12	3.8	1	0.161	2025-10-11
C4	0.185377392255667	0.011054835097349	0.215744337612016	12.7838324414886	3.21281748680917	6.5138125861202	6.47562666666666	0.00775014965058055		26G4B12	4.1	1	0.198	2025-10-11
C5	0.208170099378054	0.0165203387145997	0.207948361979004	11.7869515705276	3.33326588371939	7.49883133440232	7.45200097222222	0.00990934474361669		26G4B12	4.4	1	0.221	2025-10-11
C6	0.212712647992367	0.0135061466314817	0.206788392079252	13.014256105249	3.35196368418153	7.41868848555117	7.36587638888889	0.00921467742786766		26G4B12	4.7	1	0.224	2025-10-11
C7	0.220242922382579	0.0151597809078023	0.209812181567327	12.414767901042	3.30365556176023	7.80819815752609	7.75925111111112	0.00942347775214931		26G4B12	5	1	0.231	2025-10-11
C8	0.233803424337845	0.0132364964936474	0.205917751143155	13.6618783987466	3.36613612334017	8.01098773789672	7.96500152777778	0.00854130019374498		26G4B12	5.3	1	0.245	2025-10-11
C9	0.221636041014428	0.0165318401382864	0.202672566311492	12.4251148836695	3.4200345570926	7.84605406313409	7.80487666666667	0.0100666150370871		26G4B12	5.6	1	0.236	2025-10-11
D1	0	0	0	0	0	0	0	0	cannot fit data	18G4B09	3.2	1	0	2025-10-11
D10	0	0.00000804240654505426	0	18.0129887788839	1.62929143910848	0.517089100440315	0.526750277777778	0.000719953144889827		18G4B09	5.9	1	0.018	2025-10-11
D11	0	0.000665125137566673	0	16.1239382780244	3.33829418815568	0.62510499457883	0.629875277777776	0.00168169850925548		18G4B09	6.2	1	0.024	2025-10-11
D12	0	0.00000853658201167836	0	19.5827247970119	1.84292715660546	0.386316242939973	0.405750138888888	0.00121699124789742		18G4B09	6.5	1	0.016	2025-10-11
D13	0	0.00178067764500205	0	50.4873272789247	9.7582253900276	0.546860899425001	0.531625	0.00319451797235711		18G4B09	6.8	1	0.035	2025-10-11
D14	0	0.00145744153485771	0	26.0771790798022	6.12286120413129	0.656865615722397	0.650125138888888	0.00209313214862708		18G4B09	7.1	1	0.033	2025-10-11
D15	0	0.00197279246944208	0	49.1769936997451	11.8618240104378	0.385260620056501	0.382750277777778	0.00102991175474919		18G4B09	7.4	1	0.02	2025-10-11
D16	0	0.0000651885309773108	0	15.2230742442192	2.07364968233518	0.350584752178684	0.363750416666666	0.00280508302663159		18G4B09	7.7	1	0.02	2025-10-11
D17	0	0.000683707988296817	0	290.714642124767	16.3133931390893	0.108676590109063	0.109000138888889	0.000590240674346783		18G4B09	8	1	0.005	2025-10-11
D18	0	0.00148202123232734	0	771.18705092421	31.4843028569913	0.127228910070989	0.127375	0.000420182538399846		18G4B09	8.3	1	0.005	2025-10-11
D19	0	0.00000379614738503628	0	18.6042178814056	3.01493383511199	0.00819184787628933	0.00775000000000001	0.000685116723537048		18G4B09	8.6	1	0.005	2025-10-11
D2	0	0.00130012656750026	0	-84.650626279403	40.0237638467492	0.0572648659631128	0.0519998611111112	0.000439972571343118	questionable fit (k < n0)	18G4B09	3.5	1	0.002	2025-10-11
D20	0	0.00247666569092118	0	834.305335734317	44.1896934078262	0.178420181943727	0.177875555555556	0.000961925778097337		18G4B09	8.9	1	0.01	2025-10-11
D21	0	0.00158010999232357	0	851.773719360885	35.8120776645765	0.125897369881124	0.12575	0.000425665148970917		18G4B09	9.2	1	0.005	2025-10-11
D22	0	0.000844493876877755	0	688.62323387491	30.7018881394577	0.0736602077935002	0.0734997222222223	0.000448747718913526		18G4B09	9.5	1	0.003	2025-10-11
D23	0	0.000720855292447788	0	686.54265213938	29.4801589728309	0.0645736465541325	0.0648752777777778	0.000431519750640121		18G4B09	9.8	1	0.003	2025-10-11
D24	0	0	0	0	0	0	0	0	cannot fit data	18G4B09	10.1	1	0	2025-10-11
D3	0	0	0	0	0	0	0	0	cannot fit data	18G4B09	3.8	1	0.00399999999999999	2025-10-11
D4	0	0.0000308456884570349	0	43.3168088715014	4.29790382209525	0.240566754005233	0.243375277777778	0.000353564055332963		18G4B09	4.1	1	0.023	2025-10-11
D5	0	0.00000185529000039995	0	26.8706263944218	1.98879209099105	0.462144197150495	0.460000416666667	0.00038585853334162		18G4B09	4.4	1	0.022	2025-10-11
D6	0	0.000577445750217722	0	40.1135086923618	5.75872499099848	0.777481000218486	0.751500416666667	0.00344176543029914		18G4B09	4.7	1	0.054	2025-10-11
D7	0	0.000366070804793802	0	25.4097629158199	3.88615554491883	0.785269586445975	0.769249861111111	0.00174427787102933		18G4B09	5	1	0.038	2025-10-11
D8	0	0.00000304169131559281	0	19.4585102210042	1.56251583564939	0.490444857948674	0.488499999999999	0.00057572493283425		18G4B09	5.3	1	0.018	2025-10-11
D9	0	0.000860623557289489	0	35.7835137638515	5.64821310552175	0.979787947145758	0.969750277777778	0.00120142156606462		18G4B09	5.6	1	0.059	2025-10-11
F1	0	0.022	0	-7.85789692295805	4.75637537847142	0.762463086297172	0.698500277777778	0.00273312151087895	questionable fit (k < n0)	39G3A10	3.2	1	0.022	2025-10-11
F10	0.223138845128484	0.0200658300380896	0.255992530522425	9.04146390355067	2.70768517794399	8.65674735484324	8.64650138888889	0.00334076286374579		39G3A10	5.9	1	0.229	2025-10-11
F11	0.216990056919846	0.0288652987990732	0.243186360981749	7.70793724670312	2.85027160964823	8.66007741730609	8.65487597222222	0.00117414745691807		39G3A10	6.2	1	0.218	2025-10-11
F12	0.210301079626691	0.022990166888205	0.26564075555283	7.89676745532884	2.60934049490043	8.38517166168638	8.36624972222221	0.00613814445839844		39G3A10	6.5	1	0.217	2025-10-11
F13	0.190867369578489	0.0223710794902353	0.325503115697517	6.20315015248915	2.12946404237823	7.94362960103233	7.93012541666667	0.00561047381606535		39G3A10	6.8	1	0.199	2025-10-11
F14	0.180662629765945	0.0169307210040986	0.372276226794996	6.09520684277804	1.86191631554718	7.5598626518913	7.55474833333333	0.00683930272935964		39G3A10	7.1	1	0.193	2025-10-11
F15	0.189866020006844	0.0139726095844418	0.378492919863057	6.69174798539003	1.83133460147877	7.84355790753527	7.86462652777777	0.0124596069312759		39G3A10	7.4	1	0.21	2025-10-11
F16	0.169356321204119	0.0106859181385376	0.378852568653706	7.12124589976244	1.8295960959777	6.92861132482579	6.95187694444445	0.0128138932042406		39G3A10	7.7	1	0.189	2025-10-11
F17	0.137585993600936	0.00987350019762102	0.377623895056562	6.77903915839586	1.83554904664103	5.67246182721837	5.69224958333333	0.012512950650591		39G3A10	8	1	0.156	2025-10-11
F18	0.139732849046809	0.0112476321891488	0.299135507188256	8.14231731391454	2.31716785170449	5.55883668413477	5.57087333333334	0.00921003680328752		39G3A10	8.3	1	0.158	2025-10-11
F19	0.14349097268001	0.0154185570516633	0.256394258877948	8.25690900009108	2.70344267298866	5.6685516204387	5.67687541666667	0.00689347037830058		39G3A10	8.6	1	0.159	2025-10-11
F2	0	0.0200202882878835	0	-0.526580128083574	0.795816175132075	1.55675392833318	1.55299986111111	0.00167547055857413	questionable fit	39G3A10	3.5	1	0.036	2025-10-11
F20	0.137850278314613	0.00943826094784197	0.274571238680829	9.50744969159108	2.52447118602135	5.29883404209753	5.31800097222222	0.00754100910127611		39G3A10	8.9	1	0.152	2025-10-11
F21	0.146634445218858	0.0184142297745013	0.213306570145856	9.09782335566919	3.24953507098249	5.6423329138228	5.64825013888889	0.00633742183312055		39G3A10	9.2	1	0.158	2025-10-11
F22	0.148766763505881	0.0144008924059069	0.198335373963304	11.2601007004077	3.49482377605616	5.42025683431619	5.43875041666666	0.00649041203784691		39G3A10	9.5	1	0.151	2025-10-11
F23	0.141102495089371	0.00885244463645492	0.21347481373872	12.6666033987558	3.24697405010183	4.97202618920007	4.99737541666667	0.00561599418286216		39G3A10	9.8	1	0.148	2025-10-11
F24	0.120036837728044	0.00634023101172359	0.184627880276701	15.6347911639112	3.75429311933348	3.87589907405656	3.93762597222222	0.0114985419073498		39G3A10	10.1	1	0.127	2025-10-11
F3	0.10420344827771	0.0184572888859129	0.403830381691168	3.80340858986291	1.71643148209199	4.57646453739061	4.5757501388889	0.00395864699117691		39G3A10	3.8	1	0.113	2025-10-11
F4	0.130331024602614	0.0226699787139027	0.258869076184923	6.01827891233452	2.67759745882044	5.40200485761716	5.38987486111112	0.00435547221833202		39G3A10	4.1	1	0.135	2025-10-11
F5	0.151667574916418	0.0214855843856692	0.255864060217373	7.04104820558935	2.70904471683546	6.15266079833451	6.15050055555555	0.00277112289269954		39G3A10	4.4	1	0.158	2025-10-11
F6	0.167572792537713	0.0147223924916307	0.311981774486829	7.50072672013083	2.2217553627935	6.77149092359221	6.77037597222223	0.00195133778368016		39G3A10	4.7	1	0.172	2025-10-11
F7	0.186573379482222	0.0209629834680915	0.247008212128735	8.36765632070721	2.80617059079272	7.3425507156201	7.34100041666667	0.00198296833822625		39G3A10	5	1	0.19	2025-10-11
F8	0.209602489603837	0.0180204913248492	0.275064283905258	8.59365074782278	2.51994614029457	8.23409072236749	8.22962638888888	0.00214274138980618		39G3A10	5.3	1	0.213	2025-10-11
F9	0.208584741857204	0.0236960658647582	0.247563649149462	8.29865314445397	2.79987462998443	8.22223591046439	8.21575138888888	0.00281437255833422		39G3A10	5.6	1	0.213	2025-10-11
G1	0	0.00484808243339817	0	-6.64054849841655	8.65304490068779	0.118205988074463	0.112625	0.000244820630615333	questionable fit (k < n0)	04D05	3.2	1	0.005	2025-10-11
G10	0.27970641986926	0.00566965075255237	0.0634613718405356	61.1101629005686	10.9223478859182	1.51958208912787	1.51400069444444	0.00116914749963382		04D05	5.9	1	0.086	2025-10-11
G11	0.188848982477864	0.0075121884433275	0.0540659284132838	58.8879042487958	12.8204065092803	1.41426486880181	1.40800055555556	0.00190682176703555		04D05	6.2	1	0.07	2025-10-11
G12	0	0.00266981261808719	0	15.3751341918017	5.08790948021538	0.780835795159094	0.781250138888889	0.000835664421686647		04D05	6.5	1	0.027	2025-10-11
G13	0	0.00526353743856155	0	16.8878739620004	6.46423141254388	1.13198020963022	1.12475069444444	0.00242068644324738		04D05	6.8	1	0.041	2025-10-11
G14	0	0.00650228444487534	0	22.2259307811482	7.6846647818494	1.40197411278366	1.39324944444444	0.00373321185219221		04D05	7.1	1	0.057	2025-10-11
G15	0	0.00374154243963664	0	3.69853869868518	1.51694924160753	1.06007464730391	1.06249930555555	0.00421367576286228		04D05	7.4	1	0.038	2025-10-11
G16	0	0.00292151438302536	0	6.6888560675501	2.87721977042419	0.715667595228761	0.716625555555555	0.00291004315653938		04D05	7.7	1	0.025	2025-10-11
G17	0	0.00019981858801218	0	7.59126530770521	1.09013875205032	1.02066452352694	1.03112513888889	0.00552332508904674		04D05	8	1	0.044	2025-10-11
G18	0	0.0000805792549333053	0	13.7565593916542	1.72944365687099	0.69103670382357	0.696625694444444	0.00196089675995007		04D05	8.3	1	0.026	2025-10-11
G19	0	0.0000195896378094322	0	8.0878404420466	0.878558538913144	0.464824778381667	0.472623472222223	0.00747100612738349		04D05	8.6	1	0.034	2025-10-11
G2	0	0.0037963302645938	0	13.7516467341512	6.6331116075202	0.645959312808772	0.646374861111111	0.000624311803441577		04D05	3.5	1	0.019	2025-10-11
G20	0	0.00253324615812061	0	4.06722105536063	3.13111378681903	0.373422851872961	0.374001388888891	0.002351501559033		04D05	8.9	1	0.018	2025-10-11
G21	0	0.00226378647368328	0	7.04756777662662	3.12041569751611	0.527816798464907	0.531629027777779	0.00466379792097976		04D05	9.2	1	0.027	2025-10-11
G22	0	0.00317703568959234	0	5.32511052036004	3.45516303751977	0.514431274440619	0.516624305555556	0.00509179479978242		04D05	9.5	1	0.032	2025-10-11
G23	0	0.00757202428481862	0	29.5279499509858	20.9584819045466	0.610365250399871	0.608375138888889	0.00266302243032424		04D05	9.8	1	0.025	2025-10-11
G24	0	0.00197279833233787	0	420.274781511106	17.0859496333282	0.295082787558035	0.2963725	0.00207272913539841		04D05	10.1	1	0.021	2025-10-11
G3	0	0.00921746296353577	0	22.7736260509254	9.28109771655675	1.4960795494053	1.48712541666667	0.00306096796973401		04D05	3.8	1	0.059	2025-10-11
G4	0.0953789974149572	0.00740409166641074	0.0565649691826041	43.7553290019199	12.2540008520523	1.25802431174896	1.24937555555556	0.00284292847713925		04D05	4.1	1	0.058	2025-10-11
G5	0.120039953555096	0.00811382997895511	0.049069311287463	53.4808613234024	14.1258795441264	1.22822745008462	1.22212555555556	0.00215964637571757		04D05	4.4	1	0.056	2025-10-11
G6	0	0.0061568544269249	0	375.058256633355	15.2623751326369	1.07483371640183	1.07000055555556	0.00235780249063002		04D05	4.7	1	0.056	2025-10-11
G7	0	0.00562063381810722	0	378.955142382252	13.8669301350613	1.13894149617348	1.14624958333333	0.0027852077239145		04D05	5	1	0.062	2025-10-11
G8	0.320659153963287	0.00704839513093162	0.0413111400386533	91.8723773280113	16.7786989153868	1.01054607735544	1.00662527777778	0.00193506546074501		04D05	5.3	1	0.046	2025-10-11
G9	0	0.00458528835887716	0	15.3681294070565	5.30403543636975	1.23912088887925	1.23775	0.0019363054599832		04D05	5.6	1	0.043	2025-10-11
H1	0	0	0	0	0	0	0	0	cannot fit data	28D09	3.2	1	0.002	2025-10-11
H10	0	0.000498692879743022	0	27.8153802581236	4.26224260867525	0.95430963082251	0.952500138888889	0.000533116259988817		28D09	5.9	1	0.045	2025-10-11
H11	0	0.00075369773681273	0	28.6400400082407	4.70841817165507	1.02825079736953	1.03450027777778	0.000573268690367518		28D09	6.2	1	0.049	2025-10-11
H12	0	0.00176677918295639	0	53.6359546806424	10.6298502280831	0.462738656612575	0.463876111111111	0.000806055266204754		28D09	6.5	1	0.026	2025-10-11
H13	0	0.0033010200941765	0	426.033634714377	16.2772459015791	0.526288095520088	0.527624861111111	0.00193981515711593		28D09	6.8	1	0.027	2025-10-11
H14	0	0.00572434083140814	0	5.82103391673301	5.3246974136774	0.707829519176999	0.706250833333333	0.00144337639665911		28D09	7.1	1	0.02	2025-10-11
H15	0	0.00670558352696678	0	2.4312922964845	4.32504424576956	0.706597080154763	0.705374027777778	0.0013578716610044		28D09	7.4	1	0.021	2025-10-11
H16	0	0.00352493079402123	0	5.19971025011049	2.79805885774601	0.68520350763818	0.683124861111111	0.00164424380159892		28D09	7.7	1	0.021	2025-10-11
H17	0	0.00423331585512061	0	9.42729019746272	7.8017164978205	0.491708925034589	0.491000694444444	0.00174047115552438		28D09	8	1	0.016	2025-10-11
H18	0	0.000883650931026159	0	7.90100798636129	2.67487265367359	0.307927784344127	0.306499583333334	0.000711285305808259		28D09	8.3	1	0.01	2025-10-11
H19	0	0.000528547486557554	0	14.3596329079895	3.7617623144149	0.267173577066759	0.265625138888889	0.00201692486711657		28D09	8.6	1	0.014	2025-10-11
H2	0	0	0	0	0	0	0	0	cannot fit data	28D09	3.5	1	0.00499999999999999	2025-10-11
H20	0	0.00319130354435916	0	7.10327020391947	3.72454209121258	0.603918082294202	0.603499722222221	0.00193691275209586		28D09	8.9	1	0.018	2025-10-11
H21	0	0.00270493872531895	0	7.38966189566547	4.20364621905376	0.465258346384449	0.464248472222222	0.00288948627416375		28D09	9.2	1	0.016	2025-10-11
H22	0	0.000573001117702274	0	3.23141063665	0.996258995144934	0.26897427232211	0.267997916666667	0.00413658746887272		28D09	9.5	1	0.014	2025-10-11
H23	0	0.0033492202704303	0	-1.46265673492311	3.46390763592235	0.265637836440899	0.265123888888889	0.00210414882923661	questionable fit	28D09	9.8	1	0.012	2025-10-11
H24	0	0	0	0	0	0	0	0	cannot fit data	28D09	10.1	1	0.004	2025-10-11
H3	0	0.00282374161006765	0	-2.91949143494992	7.56968074184147	0.209863166814776	0.209250277777778	0.000364899110769171	questionable fit	28D09	3.8	1	0.00599999999999999	2025-10-11
H4	0	0.00100219928049423	0	30.7434024187653	9.32324018476112	0.210664106859212	0.210875277777778	0.000320514781492793		28D09	4.1	1	0.00800000000000001	2025-10-11
H5	0	0.000219404549177623	0	26.5178060599765	3.75700242595806	0.640597639669219	0.648125277777778	0.000652245668220046		28D09	4.4	1	0.028	2025-10-11
H6	0	0.0000418625982889809	0	26.197164206432	2.90941771367402	0.474320242818464	0.470625416666666	0.000417288184095582		28D09	4.7	1	0.022	2025-10-11
H7	0	0.000261093660135621	0	23.3324363557078	3.2589626563226	0.934532191154905	0.931	0.000605144309478221		28D09	5	1	0.038	2025-10-11
H8	0	0.000666237473426536	0	24.9847999274073	4.20631592456708	0.966465949095504	0.964250138888889	0.000694236261833292		28D09	5.3	1	0.042	2025-10-11
H9	0	0.00145615356554211	0	29.1781653547799	5.62225415726188	1.06745471311591	1.07150041666667	0.000789706151577737		28D09	5.6	1	0.05	2025-10-11
I1	0	0.001	0	-1.51459281585478	9.99280064569344	0.00807539575988339	0.00762500000000001	0.00033081677818214	questionable fit (k < n0)	41G1A01	3.2	1	0.001	2025-10-11
I10	0.190363624561724	0.00000729172018019452	0.291754907512018	34.8577291634783	2.3757858487141	2.55390972797169	2.53812680555556	0.00322182293714023		41G1A01	5.9	1	0.195	2025-10-11
I11	0.168947417087488	0.000014344038293031	0.24762025293713	37.8560452180372	2.79923460354405	1.79900447981416	1.83187666666667	0.00263282214870134		41G1A01	6.2	1	0.159	2025-10-11
I12	0	0.000197681633436894	0	31.9876633375399	4.55228434680423	0.433780773262365	0.445500277777777	0.000849306325940786		41G1A01	6.5	1	0.024	2025-10-11
I13	0	0.0000488259419517282	0	29.4636596673146	3.26073189363245	0.483224304348785	0.502875138888889	0.00151037409750332		41G1A01	6.8	1	0.027	2025-10-11
I14	0	0.000248460795476129	0	31.4813361342531	4.45979292870236	0.571974203291603	0.598624722222222	0.00186878330705371		41G1A01	7.1	1	0.032	2025-10-11
I15	0	0.000174811754152465	0	27.9805170345625	3.83470245446587	0.562316856270467	0.590000833333333	0.0021928846812447		41G1A01	7.4	1	0.034	2025-10-11
I16	0	0.000019802226115979	0	35.3589384321584	3.27474760925289	0.463522119049954	0.480125277777778	0.00266744514909292		41G1A01	7.7	1	0.049	2025-10-11
I17	0	0.00000167859651820215	0	29.4057661280156	2.20098973122227	0.332006087766173	0.349124861111111	0.00329944537841082		41G1A01	8	1	0.027	2025-10-11
I18	0	0.0000227291855254279	0	47.134471676951	4.45363683578939	0.174719287990521	0.168	0.000848266645829434		41G1A01	8.3	1	0.02	2025-10-11
I19	0	0.00000263000490515894	0	39.0334951938004	3.11710779211743	0.150425133140167	0.147375	0.00057481915820707		41G1A01	8.6	1	0.015	2025-10-11
I2	0	0	0	0	0	0	0	0	cannot fit data	41G1A01	3.5	1	0.00299999999999999	2025-10-11
I20	0	0.00227134091904716	0	470.460971311212	18.899128569466	0.300910513618446	0.302249583333334	0.00101336451355513		41G1A01	8.9	1	0.014	2025-10-11
I21	0	0.0000250519458850105	0	36.4941097569351	4.36904941695173	0.103557122501386	0.102875	0.000930474293902246		41G1A01	9.2	1	0.00800000000000001	2025-10-11
I22	0	0.00182034196340419	0	1231.12870882829	56.5742461706968	0.119614614490253	0.118999722222222	0.000729457712109546		41G1A01	9.5	1	0.006	2025-10-11
I23	0	0.0030601117094061	0	-1621.05718811054	285.911102923234	0.147345907114139	0.146375	0.000222957394063176	questionable fit (k < n0)	41G1A01	9.8	1	0.004	2025-10-11
I24	0	0	0	0	0	0	0	0	cannot fit data	41G1A01	10.1	1	0.002	2025-10-11
I3	0	0.000293926908407921	0	29.7442555049368	3.78781879627688	1.27048153291729	1.30450055555556	0.001854920350064		41G1A01	3.8	1	0.064	2025-10-11
I4	0	0.0000268274744111573	0	29.9669014145315	2.69427786494568	1.09328488562982	1.11100069444444	0.00117052016726905		41G1A01	4.1	1	0.059	2025-10-11
I5	0	0.00000667154364239954	0	29.2468963787779	2.25575623787348	1.01220645578103	1.01225041666667	0.00140490043792778		41G1A01	4.4	1	0.055	2025-10-11
I6	0	0.00000137002043596154	0	29.9892803719019	1.97757570707942	0.916877976036264	0.916375555555556	0.0013393729637064		41G1A01	4.7	1	0.052	2025-10-11
I7	0	0.00000140428849580829	0	30.1807167668696	1.981619866326	0.973257898560877	0.976000277777778	0.00136776627943451		41G1A01	5	1	0.056	2025-10-11
I8	0	0.00000163578029776313	0	31.6703168308151	2.10097375464336	0.933735019853614	0.948125694444445	0.00113750742451167		41G1A01	5.3	1	0.056	2025-10-11
I9	0	0.00000329711427161828	0	34.0325858351085	2.38875949705911	0.912143275710433	0.951250972222222	0.00185726346078185		41G1A01	5.6	1	0.062	2025-10-11
J1	0	0	0	0	0	0	0	0	cannot fit data	41G1B04	3.2	1	0.027	2025-10-11
J10	0.201505158814265	0.0244014940706207	0.262575540573609	7.54865007796629	2.63980102276751	8.09336790685219	8.08287597222223	0.00424226443016372		41G1B04	5.9	1	0.211	2025-10-11
J11	0.185930988934876	0.0266100103465733	0.26835151988983	6.6689893446425	2.58298213047018	7.61577387134034	7.60687555555556	0.00303705319322712		41G1B04	6.2	1	0.19	2025-10-11
J12	0.202060787633119	0.0258626647512748	0.183371023742232	10.4640777349687	3.7800256900693	7.47607286330577	7.46562611111111	0.00425957047328117		41G1B04	6.5	1	0.209	2025-10-11
J13	0.205234660951709	0.0333572842176542	0.212552336607192	7.71341852521232	3.26106591733648	8.13912939038095	8.12049916666666	0.00512370092078075		41G1B04	6.8	1	0.209	2025-10-11
J14	0.191231591974859	0.0150647929930837	0.341221865238935	7.20666254616589	2.03136800765854	7.79413904634153	7.80587666666667	0.00751350656048685		41G1B04	7.1	1	0.196	2025-10-11
J15	0.192660467030794	0.0249078374211266	0.296449336336525	6.4338411590011	2.33816404895943	7.95762961675912	7.96250083333333	0.0113601715252761		41G1B04	7.4	1	0.211	2025-10-11
J16	0.167643691949537	0.0141236282713408	0.334798855775497	7.12661368622969	2.07033915619097	6.84241730622651	6.84850013888889	0.00901076523658515		41G1B04	7.7	1	0.182	2025-10-11
J17	0.153273876278632	0.0125038305971802	0.350411685820349	6.90928051256605	1.97809379255494	6.29228956191759	6.30400194444444	0.00832405261688939		41G1B04	8	1	0.175	2025-10-11
J18	0.129982960150432	0.00823890130194569	0.354145588786265	7.60436964400434	1.95723793408105	5.25332004654908	5.26837611111111	0.00865694508282167		41G1B04	8.3	1	0.15	2025-10-11
J19	0.127549802965331	0.00995995859663399	0.320650901821849	7.69880809839298	2.16168791861079	5.13418075395682	5.15025180555555	0.0113989275739152		41G1B04	8.6	1	0.162	2025-10-11
J2	0	0	0	0	0	0	0	0	cannot fit data	41G1B04	3.5	1	0.036	2025-10-11
J20	0.124442889766247	0.0114008731384748	0.267721618342166	8.56886212181728	2.58905942991148	4.88774892409646	4.90075152777777	0.00791462952822288		41G1B04	8.9	1	0.142	2025-10-11
J21	0.132603529980545	0.0182783172171654	0.232580062314683	7.88258291145725	2.9802519341581	5.2623447937557	5.27149930555555	0.00850246002421521		41G1B04	9.2	1	0.147	2025-10-11
J22	0.132183588671396	0.0138681602064238	0.210801971742056	10.1695377083205	3.28814372480397	4.95833294481383	4.98225152777778	0.00936380355132304		41G1B04	9.5	1	0.144	2025-10-11
J23	0.143924677610415	0.0133168358543856	0.19865596905886	11.4930861705616	3.48918375744638	5.21386154416103	5.2438751388889	0.00774168148268021		41G1B04	9.8	1	0.143	2025-10-11
J24	0.150187094067255	0.00754830118595149	0.196024655600017	14.9929761252194	3.53602039722132	4.94960658348199	5.006375	0.00973864813446769		41G1B04	10.1	1	0.159	2025-10-11
J3	0.100371684566604	0.0216479301585473	0.323958979474507	3.98518078338386	2.13961403904994	4.36312183362601	4.36012541666667	0.00286692351421332		41G1B04	3.8	1	0.106	2025-10-11
J4	0.121147300399661	0.0199085056033244	0.254066143912952	6.40122665881557	2.72821545556826	4.97878863635253	4.97462499999999	0.00406494564561119		41G1B04	4.1	1	0.124	2025-10-11
J5	0.136951602512858	0.0225522641202382	0.235066086920885	6.90809912890823	2.94873322493872	5.55084398328512	5.55175055555556	0.00347339978782389		41G1B04	4.4	1	0.138	2025-10-11
J6	0.146198645273534	0.017713851713112	0.257670535706826	7.68991160616335	2.69005215772361	5.84994588048569	5.84862513888888	0.00417698494199939		41G1B04	4.7	1	0.147	2025-10-11
J7	0.154238057060492	0.0204142925911178	0.238915202630066	7.87010809843271	2.90122676551984	6.12951990927547	6.13337513888889	0.00394876081039411		41G1B04	5	1	0.155	2025-10-11
J8	0.179126785621927	0.0179865467964419	0.282708458239194	7.75587320537963	2.45180913537962	7.17843133820707	7.17637569444444	0.00208149912798724		41G1B04	5.3	1	0.182	2025-10-11
J9	0.172826384211296	0.0244567023539674	0.267951792689482	6.72808600513983	2.58683539155569	7.06985368094782	7.06487569444445	0.00209324037998262		41G1B04	5.6	1	0.175	2025-10-11
K1	0	0.00370449146455203	0	-133.153306945817	55.6051608880045	0.168875893826778	0.16	0.000821489445531079	questionable fit (k < n0)	04G3B05	3.2	1	0.00700000000000001	2025-10-11
K10	0.145232392646952	0.00292202329754207	0.117324184913087	33.1196341871966	5.90796502079624	2.36041462296793	2.39825083333334	0.00515539322843539		04G3B05	5.9	1	0.114	2025-10-11
K11	0.159833253825395	0.00434828295779743	0.104255150091146	34.3078306311044	6.64856537018994	2.50230136215311	2.54162597222222	0.00616211642261252		04G3B05	6.2	1	0.12	2025-10-11
K12	0.389435902066653	0.00753822607215993	0.0437202115410791	89.7792047449805	15.8541588919045	1.16640402248163	1.15887541666667	0.00284387113054735		04G3B05	6.5	1	0.061	2025-10-11
K13	0.133537509638521	0.000951151748617694	0.169516678488458	29.1258411653296	4.08896155080775	2.57255096263208	2.65725069444444	0.00653447715216381		04G3B05	6.8	1	0.139	2025-10-11
K14	0.115206569159911	0.00255162193683708	0.162198123931988	23.351690390865	4.27345991283224	2.85982428147775	2.90587652777778	0.00489447294977081		04G3B05	7.1	1	0.116	2025-10-11
K15	0	0.0104391528236689	0	0.153018327597363	0.229835986528365	1.29301994195789	1.16724972222222	0.00740063747935954		04G3B05	7.4	1	0.035	2025-10-11
K16	0	0.00514964585122508	0	6.89855085302046	3.05371888059701	1.20602931167951	1.20687444444444	0.00341622478768597		04G3B05	7.7	1	0.034	2025-10-11
K17	0	0.00652611443189187	0	4.19183395451659	2.29281164873563	1.2828400096861	1.28075013888889	0.001302786757096		04G3B05	8	1	0.032	2025-10-11
K18	0	0.00925308161451008	0	7.98035506149047	6.00931355139934	1.21490981682267	1.21200013888889	0.00163133107453117		04G3B05	8.3	1	0.034	2025-10-11
K19	0	0.00621358924319005	0	4.10402229472651	2.38766114172904	1.15166775922053	1.14987486111111	0.00142309606866412		04G3B05	8.6	1	0.029	2025-10-11
K2	0	0	0	0	0	0	0	0	cannot fit data	04G3B05	3.5	1	0.00800000000000001	2025-10-11
K20	0	0.00739496503536786	0	6.03346314176194	4.31177870484401	1.08084532228279	1.07837430555555	0.00139849644798355		04G3B05	8.9	1	0.03	2025-10-11
K21	0	0.0146705051990584	0	0.924518782078858	5.74244367115269	1.30552033872207	1.30287541666667	0.0016094944780206		04G3B05	9.2	1	0.033	2025-10-11
K22	0	0.0131985384931967	0	-0.487854120892701	4.78426670925079	1.11332665069763	1.11049916666667	0.00141826831391366	questionable fit	04G3B05	9.5	1	0.029	2025-10-11
K23	0	0.0162246362092178	0	0.152294774741014	2.03727169606462	1.53536641288285	1.53250041666667	0.00195226673199087		04G3B05	9.8	1	0.038	2025-10-11
K24	0	0.00192355169524313	0	13.9797656821485	6.2946036675516	0.355777739684993	0.355750277777778	0.00168570423712756		04G3B05	10.1	1	0.015	2025-10-11
K3	0	0.00605923563886951	0	24.7491942259609	7.08317034554461	1.75178693262221	1.75525055555556	0.000966176635666345		04G3B05	3.8	1	0.066	2025-10-11
K4	0.101347871999261	0.00284202059063022	0.130189955926753	27.2340569713676	5.32412178516999	2.15236620548846	2.16837569444445	0.00167653650796804		04G3B05	4.1	1	0.092	2025-10-11
K5	0.0867449248594071	0.00484495558176613	0.122240599890339	23.1311081655733	5.67035159498369	2.16658151692406	2.16262541666667	0.00156885691817611		04G3B05	4.4	1	0.085	2025-10-11
K6	0.0890889936275731	0.00987396350099637	0.114015720705967	18.2629614485972	6.07940007104363	2.6009980814539	2.59712569444444	0.00100765335157414		04G3B05	4.7	1	0.088	2025-10-11
K7	0.0984777482063182	0.00444921375529467	0.117220098211874	26.0268584003111	5.91321105453341	2.20539319791127	2.19762541666667	0.00231515358140314		04G3B05	5	1	0.091	2025-10-11
K8	0.109466191657792	0.00461593826214936	0.119237554225913	26.1915638910789	5.8131616759488	2.43436231701689	2.42612597222222	0.00409158737333928		04G3B05	5.3	1	0.103	2025-10-11
K9	0	0.00389690902162452	0	23.0572087225484	5.49044415979636	1.89130521844324	1.90362486111111	0.00303097382208295		04G3B05	5.6	1	0.074	2025-10-11
L1	0	0	0	0	0	0	0	0	cannot fit data	04G2A08	3.2	1	0	2025-10-11
L10	0	0.00000726003097174669	0	18.8765460655255	1.63049430880554	0.65078346256879	0.649250277777778	0.00106670515933483		04G2A08	5.9	1	0.025	2025-10-11
L11	0	0.0000442985126856717	0	17.2892025868821	1.8867810209584	0.786492058710138	0.804	0.00133604289726713		04G2A08	6.2	1	0.027	2025-10-11
L12	0	0.0000000222749486728213	0	20.6122362186986	1.05268458279455	0.481911815709126	0.482625138888889	0.00139838039866809		04G2A08	6.5	1	0.02	2025-10-11
L13	0	0.00000000000220952653096363	0	17.5714934990724	0.548949349992035	0.292587931474251	0.293124861111112	0.00133173836378428		04G2A08	6.8	1	0.014	2025-10-11
L14	0	0.000172076669217365	0	13.462937503751	2.17128887773922	0.445070219403147	0.459374305555556	0.00163813243111259		04G2A08	7.1	1	0.016	2025-10-11
L15	0	0.00000272927151272332	0	11.3738163839392	0.944435134332161	0.424284725635844	0.439000416666668	0.00361421118016451		04G2A08	7.4	1	0.029	2025-10-11
L16	0	0.00000000828435039348673	0	19.0586538404422	0.982986957792674	0.165715276058589	0.162999861111111	0.00351314601047448		04G2A08	7.7	1	0.021	2025-10-11
L17	0	0.000000000000516123416698933	0	17.9333503444586	0.552280510233372	0.0930393936991405	0.0934994444444445	0.00252065810312373		04G2A08	8	1	0.011	2025-10-11
L18	0	0.00000000000498880744942506	0	29.8457591857434	0.980487103464243	0.133387667595281	0.133000277777778	0.00273741700174394		04G2A08	8.3	1	0.015	2025-10-11
L19	0	0	0	0	0	0	0	0	cannot fit data	04G2A08	8.6	1	0	2025-10-11
L2	0	0.00164383864442889	0	7553.59902289015	506.849070321901	0.0819109388668735	0.0814998611111112	0.000483277263346208		04G2A08	3.5	1	0.003	2025-10-11
L20	0	0.000069986622599693	0	49.2058099269042	5.32556391562458	0.204614685634104	0.21525	0.00090282132184089		04G2A08	8.9	1	0.02	2025-10-11
L21	0	0.000188575872618487	0	43.4393596487865	6.29917172394447	0.201901794986758	0.207500416666667	0.000751116567496904		04G2A08	9.2	1	0.014	2025-10-11
L22	0	0.000341668798169396	0	331.026010795115	12.9392880430005	0.0779871640994926	0.0823750000000001	0.000857110192281257		04G2A08	9.5	1	0.00700000000000001	2025-10-11
L23	0	0.00147765762212105	0	860.563922101507	37.8698951488648	0.114353915375135	0.114625	0.00080035617031185		04G2A08	9.8	1	0.006	2025-10-11
L24	0	0	0	0	0	0	0	0	cannot fit data	04G2A08	10.1	1	0.018	2025-10-11
L3	0	0.000129964657468307	0	16.177819569979	2.18883789709791	0.702418851232661	0.720875416666666	0.0013819402266433		04G2A08	3.8	1	0.024	2025-10-11
L4	0	0.00000382224700175454	0	17.673503565828	1.45036477729263	0.543710967035085	0.542625138888889	0.000379213465634223		04G2A08	4.1	1	0.019	2025-10-11
L5	0	0.00000262321639114463	0	16.5883979837961	1.30579064855416	0.553359417801747	0.552625138888889	0.000465669720871241		04G2A08	4.4	1	0.019	2025-10-11
L6	0	0.00000123079515729935	0	17.2165254803804	1.25473771578677	0.515121335186619	0.513124999999999	0.000408170462835508		04G2A08	4.7	1	0.017	2025-10-11
L7	0	0.0000108822257386268	0	15.89097332898	1.47114842952429	0.628032657202562	0.627249722222222	0.000788766427196479		04G2A08	5	1	0.021	2025-10-11
L8	0	0.00000531075640441206	0	16.7209582969367	1.40352050518469	0.645199838289071	0.6445	0.0009010952542967		04G2A08	5.3	1	0.022	2025-10-11
L9	0	0.0000738508860315746	0	17.2978647293385	2.0796647961359	0.730285535370241	0.743000277777777	0.00150748800404998		04G2A08	5.6	1	0.026	2025-10-11
N1	0	0.02	0	-10.2916006388712	16.5596027599931	0.497882690753238	0.436874999999999	0.00233812260172762	questionable fit (k < n0)	26G3A01	3.2	1	0.02	2025-10-11
N10	0.172919406978253	0.011416442581954	0.229580160120366	11.5404956966262	3.01919460373465	6.28867768532037	6.29862541666667	0.00370247642864784		26G3A01	5.9	1	0.177	2025-10-11
N11	0.166598764991727	0.0198120206065175	0.179849298036169	11.1353893623141	3.85404440344576	6.05960333028663	6.05637611111112	0.00327651966071492		26G3A01	6.2	1	0.17	2025-10-11
N12	0.167149411832199	0.0151792909958089	0.185147189614856	12.4428130314179	3.7437629056203	5.89283406936792	5.89337597222223	0.00393129652886807		26G3A01	6.5	1	0.17	2025-10-11
N13	0.207691984165707	0.00857628561309571	0.335208903164077	9.38186640722946	2.06780659468542	8.0370691884664	8.04950333333332	0.00496750069172405		26G3A01	6.8	1	0.221	2025-10-11
N14	0.191758387616531	0.00626114253400298	0.344824751539077	9.82724509661132	2.01014334808096	7.34074362065761	7.36250166666666	0.004082387264684		26G3A01	7.1	1	0.198	2025-10-11
N15	0.172274211191295	0.0069525374665831	0.351737341177962	9.00895653297209	1.97063859708102	6.73224391944839	6.75437736111111	0.0077583014852292		26G3A01	7.4	1	0.2	2025-10-11
N16	0.129896377170936	0.00896649534999873	0.296060283460155	8.78779134549455	2.34123663079324	5.08873819120784	5.09187611111111	0.003360780517692		26G3A01	7.7	1	0.135	2025-10-11
N17	0.118304646264281	0.00571551204545988	0.297053255666648	10.0337608333106	2.33341048225303	4.49608581629576	4.52000069444445	0.0106330335313216		26G3A01	8	1	0.142	2025-10-11
N18	0.125310853720414	0.0154562269394364	0.162754230980888	12.0497387066845	4.25885813463945	4.43139684023769	4.42100055555556	0.00418934124089201		26G3A01	8.3	1	0.131	2025-10-11
N19	0.11913529365343	0.0102963887597604	0.15524604930096	15.1892794370963	4.46482975689905	3.86848603659504	3.86075041666667	0.00217239503712282		26G3A01	8.6	1	0.123	2025-10-11
N2	0	0.0254267791571088	0	-19.9202512803389	12.5025465972717	0.935826686478272	0.865374861111112	0.0033121563219624	questionable fit (k < n0)	26G3A01	3.5	1	0.026	2025-10-11
N20	0.131636735279255	0.0105909098848976	0.132349002988036	18.4071890682165	5.23726786685808	3.85811273151698	3.85487486111111	0.00204516719378331		26G3A01	8.9	1	0.133	2025-10-11
N21	0.135396841023406	0.0162443516425251	0.114174045269466	17.4528180580134	6.07096979811852	4.04704578052862	4.04375041666667	0.00168456236050427		26G3A01	9.2	1	0.135	2025-10-11
N22	0.114051307689785	0.0146070221395805	0.0984265562909821	19.4875776807349	7.04227808713299	3.18308450188089	3.18362458333333	0.00193360623824916		26G3A01	9.5	1	0.106	2025-10-11
N23	0.098558460755053	0.0121783801182795	0.110555742681117	17.7204258712547	6.26966237800268	2.91704130771481	2.92087527777778	0.0017674218853894		26G3A01	9.8	1	0.093	2025-10-11
N24	0.098805019129177	0.0132191899455512	0.0778678017649315	23.9874520990852	8.90158916585868	2.38977327333922	2.39375	0.00674753947555		26G3A01	10.1	1	0.115	2025-10-11
N3	0	0.0259796679270501	0	0.769586692689506	5.2380839604833	2.33136094715757	2.32587541666666	0.000910220787977863		26G3A01	3.8	1	0.056	2025-10-11
N4	0	0.0212746469728166	0	10.4522979782563	9.80344156085406	2.18385560887033	2.17900013888889	0.001189406340223		26G3A01	4.1	1	0.063	2025-10-11
N5	0.108225279683302	0.0316969017991455	0.0757919740515015	11.6297628442495	9.14539025054215	3.55009236715202	3.54012527777778	0.00373599761224496		26G3A01	4.4	1	0.106	2025-10-11
N6	0.135683232679603	0.0246606440162123	0.0742179254421317	20.2717208800847	9.33934998089374	3.63994147578884	3.62987569444444	0.00317392740013892		26G3A01	4.7	1	0.123	2025-10-11
N7	0.129128235213829	0.0171504233364444	0.206561585699852	9.08338246642677	3.35564416883948	4.96277836063408	4.966125	0.00383332581228798		26G3A01	5	1	0.132	2025-10-11
N8	0.135678135787767	0.0127327775714207	0.22787696530353	9.95081021785312	3.04176062568096	5.13164293060503	5.13887541666667	0.00324615327653174		26G3A01	5.3	1	0.138	2025-10-11
N9	0.142142281976156	0.018138390093899	0.169929660410197	11.3122232742011	4.07902410260071	5.13137449880667	5.13587527777777	0.0045726781297794		26G3A01	5.6	1	0.143	2025-10-11
O1	0	0	0	0	0	0	0	0	cannot fit data	18G1A02	3.2	1	0	2025-10-11
O10	0	0.000578412623649845	0	13.0136809678866	2.85176487972594	0.499201065033728	0.499375416666667	0.000761504669795507		18G1A02	5.9	1	0.015	2025-10-11
O11	0.143328761929387	0.00000153059115245298	0.285201496577358	40.1373475541994	2.43037708033883	1.20426020836942	1.38025097222222	0.00543885043974373		18G1A02	6.2	1	0.126	2025-10-11
O12	0	0.0000958261043670551	0	153.847036000826	4.71091067322748	0.782911223454016	0.908500416666667	0.0055525339331763		18G1A02	6.5	1	0.107	2025-10-11
O13	0.130546557498207	0.0000158141365377202	0.300776897877905	29.9838846179848	2.30452267262001	2.38042016699289	2.44637555555556	0.00363645733406805		18G1A02	6.8	1	0.131	2025-10-11
O14	0	0.00111194477189261	0	6.08498168229797	1.8502251500713	0.501429399555256	0.504999861111113	0.0020331716882068		18G1A02	7.1	1	0.018	2025-10-11
O15	0	0.0013344766288349	0	5.72277117036954	1.76324056257703	0.590820971006632	0.593250138888889	0.00157886598108897		18G1A02	7.4	1	0.021	2025-10-11
O16	0	0.0000296732810406354	0	2.70565278371602	0.335581461989287	0.36228556356807	0.3635	0.00375317465897646		18G1A02	7.7	1	0.019	2025-10-11
O17	0	0.00000000000000000000110858217760057	0	7.61662343003182	0.122120657433575	0.268104413643475	0.27225	0.00470554963098981		18G1A02	8	1	0.021	2025-10-11
O18	0	0.000000097130439836571	0	8.36600320107188	0.531748030735417	0.210755994357893	0.211625138888889	0.00392500935278798		18G1A02	8.3	1	0.013	2025-10-11
O19	0	0.00618824780515768	0	-96.5192326102859	379.57319942816	0.246814873439171	0.227498194444444	0.00592606191798464	questionable fit (k < n0)	18G1A02	8.6	1	0.017	2025-10-11
O2	0	0.00137426278985332	0	7196.38828063486	519.133511549875	0.0684241799546665	0.0681248611111112	0.000507290018573705		18G1A02	3.5	1	0.00299999999999999	2025-10-11
O20	0	0.000114133464631856	0	9.82277492069175	1.44610703610446	0.489771552319032	0.501749305555557	0.00586218525899843		18G1A02	8.9	1	0.026	2025-10-11
O21	0	0.0012195052568285	0	5.82723133412937	2.19277669205553	0.373589913588199	0.377125000000002	0.00382401525154256		18G1A02	9.2	1	0.02	2025-10-11
O22	0	0.000617587593299985	0	10.8872639100656	2.16333325218754	0.775460423765832	0.786500555555556	0.00728059338262377		18G1A02	9.5	1	0.038	2025-10-11
O23	0	0.00150230496136215	0	6.74988722094636	3.6152779722659	0.28064747911161	0.28125	0.00248241995988875		18G1A02	9.8	1	0.016	2025-10-11
O24	0	0.00212925268678262	0	11.5299790269588	5.06302033248005	0.440184914078904	0.444623194444444	0.00373040869050221		18G1A02	10.1	1	0.02	2025-10-11
O3	0	0.00382589626942545	0	-2.55762014872997	4.24650421463177	0.286245142365128	0.285500138888889	0.00041749126057399	questionable fit	18G1A02	3.8	1	0.00699999999999999	2025-10-11
O4	0	0.00296684834748848	0	20.9942773411994	16.8245202345531	0.255608953543043	0.254875	0.000330314032862746		18G1A02	4.1	1	0.00800000000000001	2025-10-11
O5	0	0.000838790266664773	0	20.5139978931313	3.91355113881835	0.898653156673049	0.896500277777778	0.000470157912324061		18G1A02	4.4	1	0.033	2025-10-11
O6	0	0.00033950949314743	0	20.0051909882063	3.13145684693578	0.810353923043625	0.805625138888889	0.000447160631745073		18G1A02	4.7	1	0.029	2025-10-11
O7	0	0.00175947868365347	0	14.2695070393099	3.89690926154345	0.805426337053383	0.804875138888889	0.000670959193606391		18G1A02	5	1	0.025	2025-10-11
O8	0	0.00117100824363044	0	15.3449197139645	3.45883500388802	0.865842588668816	0.868000277777776	0.000671346316959651		18G1A02	5.3	1	0.026	2025-10-11
O9	0.113635616159595	0.00448220053925349	0.0750441952020942	42.5434672086497	9.23651960945544	1.34423035129825	1.33550055555556	0.00159125218896917		18G1A02	5.6	1	0.069	2025-10-11
