sample	k	n0	r	t_mid	t_gen	auc_l	auc_e	sigma	note	strain	pH	replicate	max.OD	date
A1	0	0.00169505470602388	0	15.5166963604255	6.26197581350226	0.350134999601425	0.354	0.00177456182926205		23G1A05	3.2	1	0.014	2025-10-31
A10	0	0.00802852424226282	0	6.89784685221447	3.05057033475394	1.88264335367417	1.88425	0.00257070699390286		23G1A05	5.9	1	0.05	2025-10-31
A11	0	0.00924987455447526	0	6.49519282557398	2.82992758453056	2.23804560472971	2.24225	0.00392222536610754		23G1A05	6.2	1	0.06	2025-10-31
A12	0	0.00416622716166378	0	5.99802756077744	2.03311362601649	1.52184521816484	1.5245	0.00327946866793256		23G1A05	6.5	1	0.042	2025-10-31
A13	0	0.00813597566883427	0	6.5275167011254	3.24050036609266	1.66661500978047	1.6645	0.00147201943005583		23G1A05	6.8	1	0.044	2025-10-31
A14	0	0.00769049370400516	0	1.95799613361214	2.47437637655369	0.936994011640786	0.929249999999999	0.000684916866754025		23G1A05	7.1	1	0.023	2025-10-31
A15	0	0.00710783119653332	0	1.70593346689358	2.03616695743691	0.895370918030818	0.893500000000001	0.000926677538482573		23G1A05	7.4	1	0.023	2025-10-31
A16	0	0.0111893973544983	0	33.1869074678848	27.6514060123365	0.791452650290548	0.789249999999999	0.00222911023787354		23G1A05	7.7	1	0.026	2025-10-31
A17	0	0.00498551559622211	0	3.1421168163062	1.86634971079396	0.930989649659528	0.928999999999997	0.00263972774244647		23G1A05	8	1	0.033	2025-10-31
A18	0	0.0035996034162311	0	4.93561039163384	1.95485681995736	1.04110184193279	1.0425	0.00246038655710013		23G1A05	8.3	1	0.036	2025-10-31
A19	0	0.0000000000210166878074545	0	5.35647915220299	0.183697259495758	0.539900988259452	0.539749999999998	0.00146404168874351		23G1A05	8.6	1	0.018	2025-10-31
A2	0	0.0000194802631409688	0	147.045042149591	4.92331607977975	0.12244858721807	0.163875	0.00185373637370079		23G1A05	3.5	1	0.016	2025-10-31
A20	0	0.00336704839571551	0	1.66824570461186	0.877166396051988	0.73744788442674	0.737625000000002	0.00254493168751325		23G1A05	8.9	1	0.02	2025-10-31
A21	0	0.000316469774732713	0	9.11342418849931	1.484916678979	0.882517398609816	0.892375	0.00318292050640142		23G1A05	9.2	1	0.028	2025-10-31
A22	0	0.00414317755252676	0	13.2390094754102	3.49447081694358	2.12546035711653	2.127375	0.00237849535136758		23G1A05	9.5	1	0.068	2025-10-31
A23	0	0.00299437613311764	0	9.55239663278141	1.73592574194334	5.35599384877795	5.3685	0.00693610204806828		23G1A05	9.8	1	0.158	2025-10-31
A24	0	0.00273887003252478	0	10.1612096605811	1.76446569305081	5.73904705440868	5.731125	0.00910014037754289		23G1A05	10.1	1	0.174	2025-10-31
A3	0	0.0124765237385134	0	7.3611206632558	9.10812949721002	1.21783622484533	1.214625	0.00133850005192153		23G1A05	3.8	1	0.036	2025-10-31
A4	0	0.00852144111918617	0	11.3405748381292	6.24741488278912	1.33859079118678	1.33475	0.00243069360693192		23G1A05	4.1	1	0.045	2025-10-31
A5	0	0.00961288343587293	0	9.94293211668407	5.66664703397136	1.52288734805411	1.519375	0.00114887727853409		23G1A05	4.4	1	0.043	2025-10-31
A6	0	0.0061681409187311	0	5.78785307414606	3.11046017202	1.18071808883796	1.17925	0.00218868249765898		23G1A05	4.7	1	0.034	2025-10-31
A7	0	0.00633424640818439	0	3.87862391037647	2.24081939899401	1.1894590965817	1.188	0.00179339073480087		23G1A05	5	1	0.033	2025-10-31
A8	0	0.00614221900481133	0	4.51656258485882	2.21920934886775	1.34634208338706	1.34575	0.00185875885483919		23G1A05	5.3	1	0.035	2025-10-31
A9	0	0.0064937222555811	0	3.96457056835505	1.87569028062473	1.51114786869799	1.512	0.00338920075047932		23G1A05	5.6	1	0.041	2025-10-31
B1	0	0.012	0	-6.30583387994377	50.2333272519446	0.182094785007078	0.144625	0.00216896397877208	questionable fit (k < n0)	23G2A04	3.2	1	0.012	2025-10-31
B10	0	0.00890651827025172	0	9.62851698040194	3.84171842873439	2.24251154581868	2.2505	0.00427162571266123		23G2A04	5.9	1	0.062	2025-10-31
B11	0	0.0154848494860753	0	11.8952844465993	6.35461809917315	2.47285434126636	2.473625	0.0029808798704408		23G2A04	6.2	1	0.072	2025-10-31
B12	0	0.0152903002934481	0	3.44723115296137	3.22194264019463	2.03523796371839	2.03225	0.000921671049410108		23G2A04	6.5	1	0.049	2025-10-31
B13	0	0.0124957237356202	0	7.556887591119	3.99963250622704	2.30891599661763	2.3055	0.00286041187641615		23G2A04	6.8	1	0.065	2025-10-31
B14	0	0.0134237431825521	0	3.89480608997236	3.69100187027773	1.7444412219219	1.74025	0.00477956271790219		23G2A04	7.1	1	0.056	2025-10-31
B15	0	0.00697544600990347	0	2.74049072475244	1.29820283765644	1.67263635386881	1.672875	0.00389754105902504		23G2A04	7.4	1	0.055	2025-10-31
B16	0	0.00733702578619639	0	3.19365964575184	1.68538358176548	1.53838947477772	1.53825	0.00303411386941175		23G2A04	7.7	1	0.046	2025-10-31
B17	0	0.00840734657954573	0	2.44202741993506	1.4401145077678	1.61114851901196	1.60975	0.00525242020463276		23G2A04	8	1	0.047	2025-10-31
B18	0	0.011295235877893	0	2.58271822169421	3.12749469091392	1.365511151134	1.3625	0.00102389984038807		23G2A04	8.3	1	0.035	2025-10-31
B19	0	0.000923521500482628	0	5.96601744621085	1.26301616762041	1.06794375925614	1.0725	0.00335015153402894		23G2A04	8.6	1	0.038	2025-10-31
B2	0	0.016	0	-0.464687753681186	0.389627863540834	0.436753283146416	0.403	0.00576557894386186	questionable fit (k < n0)	23G2A04	3.5	1	0.016	2025-10-31
B20	0	0.00535059108257758	0	2.19543433729587	1.33670840829024	1.00289495872215	1.00275	0.00238991551908695		23G2A04	8.9	1	0.034	2025-10-31
B21	0	0.00177429234115544	0	4.98754511392908	1.36357516906273	1.04079350805635	1.042	0.00458365623281793		23G2A04	9.2	1	0.037	2025-10-31
B22	0	0.0159878032205834	0	815.420737588876	40.296313492269	1.20033828079761	1.1945	0.0118343623218853		23G2A04	9.5	1	0.076	2025-10-31
B23	0	0.0231984049639437	0	15.6636890408819	6.09633177268315	5.04982311494868	5.0275	0.00642498866399231		23G2A04	9.8	1	0.17	2025-10-31
B24	0	0.0100612889245216	0	6.68854407613689	1.85923549232459	5.44575379399605	5.432625	0.00593241163729296		23G2A04	10.1	1	0.144	2025-10-31
B3	0	0.0138983235162104	0	0.497486763942227	3.50990408901079	1.29905524646464	1.297	0.00206297361196445		23G2A04	3.8	1	0.033	2025-10-31
B4	0	0.00978565206640117	0	5.07445926766231	3.00428222266562	1.73459183270386	1.73475	0.00318553104773978		23G2A04	4.1	1	0.047	2025-10-31
B5	0	0.094	0	-4.82735808102265	22.4801339308462	1.36935216305327	1.2115	0.016099295959344	questionable fit (k < n0)	23G2A04	4.4	1	0.094	2025-10-31
B6	0	0.00829705499902324	0	8.2296355848255	3.22606192033825	2.23371863249412	2.23425	0.00178934430611789		23G2A04	4.7	1	0.059	2025-10-31
B7	0	0.00595347457787816	0	6.52029232603484	2.08926765428895	2.38803656088995	2.396	0.0051158747510498		23G2A04	5	1	0.064	2025-10-31
B8	0	0.00696736579403348	0	7.14048788783141	2.41846269813473	2.47502324106687	2.484375	0.00579680471755555		23G2A04	5.3	1	0.069	2025-10-31
B9	0.0865781030818048	0.00927677623782717	0.143569594287403	14.7677301210865	4.82795249231099	2.83150531949217	2.856625	0.00713032329436383		23G2A04	5.6	1	0.089	2025-10-31
C1	0	0.00699999999999999	0	-5.19554093889934	781087.018290551	0.0847403981692251	0.069125	0.00126866752679874	questionable fit (k < n0)	23G2A05	3.2	1	0.00699999999999999	2025-10-31
C10	0	0.00761979705552543	0	7.75021164612685	3.83812181835653	1.5109856197486	1.5135	0.00244508932301668		23G2A05	5.9	1	0.041	2025-10-31
C11	0	0.00939969727613247	0	5.94954632182062	3.78458365213302	1.5190920118473	1.519875	0.00227254110861585		23G2A05	6.2	1	0.04	2025-10-31
C12	0	0.00903992507721696	0	6.84474974375768	4.40535905273133	1.40559557643994	1.40525	0.00106676904449891		23G2A05	6.5	1	0.036	2025-10-31
C13	0	0.00873910695163468	0	5.61368593914834	3.60132962347805	1.41643627507776	1.414	0.0012752827853465		23G2A05	6.8	1	0.041	2025-10-31
C14	0	0.00726443924484073	0	2.3562060915945	2.30914882611006	0.979294056118489	0.973499999999996	0.000521458990516726		23G2A05	7.1	1	0.023	2025-10-31
C15	0	0.00650349190026864	0	2.64469744672236	1.57361726509708	1.22929222971502	1.228	0.00412954717022051		23G2A05	7.4	1	0.038	2025-10-31
C16	0	0.00613465843804736	0	2.93312011343443	2.56040706156699	0.864999420131022	0.863749999999999	0.00255258600160487		23G2A05	7.7	1	0.03	2025-10-31
C17	0	0.00594655433568174	0	2.20586987527777	1.38730578976918	1.08334112135603	1.083125	0.00302904799583138		23G2A05	8	1	0.032	2025-10-31
C18	0	0.00949112266539528	0	1.7202310561142	3.21819613900814	1.02360681203699	1.021875	0.000707543774995335		23G2A05	8.3	1	0.024	2025-10-31
C19	0	0.00085605061090682	0	5.58846032983447	1.39558641200918	0.620187719028799	0.619874999999999	0.00148884948589683		23G2A05	8.6	1	0.019	2025-10-31
C2	0	0.01	0	-5.7840720077289	38.0523308877254	0.14889542497804	0.119875	0.00154744445665888	questionable fit (k < n0)	23G2A05	3.5	1	0.01	2025-10-31
C20	0	0.00704857761143308	0	1.98861517052122	2.09573670438106	0.928526855683163	0.927375	0.00156529813280713		23G2A05	8.9	1	0.024	2025-10-31
C21	0	0.00130569245359965	0	5.19315871740379	1.42328897065081	0.757735434675279	0.757875	0.00180800160495352		23G2A05	9.2	1	0.023	2025-10-31
C22	0	0.0148021569704318	0	958.182620224714	62.9923983079042	0.941176507414908	0.938875	0.00444583093275564		23G2A05	9.5	1	0.045	2025-10-31
C23	0	0.0113532263718156	0	597.024534931797	27.1885130217258	1.07662040368242	1.07725	0.013094449402473		23G2A05	9.8	1	0.081	2025-10-31
C24	0	0.00843901110539369	0	13.844770636383	3.48576310242751	4.79659810121117	4.779375	0.00587769440117273		23G2A05	10.1	1	0.147	2025-10-31
C3	0	0.00679065946672859	0	5.48399014038641	3.01259015347393	1.28131239401789	1.282375	0.00170263699375128		23G2A05	3.8	1	0.032	2025-10-31
C4	0	0.00701968579241005	0	3.84257773155197	2.8595859151835	1.06776288717496	1.067375	0.00144871922746259		23G2A05	4.1	1	0.027	2025-10-31
C5	0	0.00731801200492845	0	2.1801767458459	2.05985699273562	1.01196815186554	1.01125	0.00253555737786008		23G2A05	4.4	1	0.027	2025-10-31
C6	0	0.00542418505034325	0	2.5293023385804	1.83635262121753	0.874552143908769	0.874499999999999	0.0027464802784953		23G2A05	4.7	1	0.024	2025-10-31
C7	0	0.083	0	-0.606455983560357	2.27550434845792	0.756664976812088	0.735125	0.0080210518707908	questionable fit (k < n0)	23G2A05	5	1	0.083	2025-10-31
C8	0	0.00658712896139434	0	2.06109523645089	1.9722241932792	0.908460300848417	0.908124999999998	0.00357869990106091		23G2A05	5.3	1	0.025	2025-10-31
C9	0	0.00923379298726092	0	1.94461884959172	2.60102049340509	1.10099666822116	1.100625	0.00331225500945595		23G2A05	5.6	1	0.029	2025-10-31
D1	0	0	0	0	0	0	0	0	cannot fit data	23G3B09	3.2	1	0.003	2025-10-31
D10	0	0.00250781096750501	0	10.6410012476648	2.8839833447287	1.29893486658091	1.307875	0.00300641090223296		23G3B09	5.9	1	0.039	2025-10-31
D11	0	0.00354264137947179	0	9.48969110827473	2.94869325596859	1.39776453795675	1.4045	0.00262970731763603		23G3B09	6.2	1	0.04	2025-10-31
D12	0	0.00256718673553946	0	10.7925948307684	2.65986819413441	1.68517393634923	1.69725	0.003759575927076		23G3B09	6.5	1	0.051	2025-10-31
D13	0	0.00423164130731915	0	9.36101588747388	3.02886164512288	1.54507457931327	1.546875	0.00122041606250999		23G3B09	6.8	1	0.042	2025-10-31
D14	0	0.00716576077348927	0	3.39916249176874	3.43428968035656	0.915439561463545	0.912999999999997	0.00232442558431802		23G3B09	7.1	1	0.031	2025-10-31
D15	0	0.00569502858415666	0	1.84688867909923	5.82972060322512	0.529893164601321	0.529374999999999	0.000803472157392287		23G3B09	7.4	1	0.013	2025-10-31
D16	0	0.00338344640340065	0	1.81637471252239	5.69041132443573	0.316242524762595	0.315625	0.00086042135967554		23G3B09	7.7	1	0.01	2025-10-31
D17	0	0.00457460125440163	0	0.908628119918187	5.29351962993264	0.413006153327541	0.412374999999999	0.000795314107498393		23G3B09	8	1	0.011	2025-10-31
D18	0	0.0013414446333102	0	2.55886287234019	1.08847244715066	0.371292640173057	0.37075	0.00144433186067693		23G3B09	8.3	1	0.021	2025-10-31
D19	0	0	0	0	0	0	0	0	cannot fit data	23G3B09	8.6	1	0.001	2025-10-31
D2	0	0.00527165823705419	0	30911.4675798068	2266.1757761327	0.256001303735169	0.254375	0.000874364103870835		23G3B09	3.5	1	0.00900000000000001	2025-10-31
D20	0	0.00582247551730764	0	1575.46248350699	82.8722778864183	0.34568893352155	0.34525	0.00318693267837395		23G3B09	8.9	1	0.015	2025-10-31
D21	0	0.000459523962529285	0	7.4761547825037	1.52349049545959	0.579303123275357	0.579999999999998	0.00103780317730444		23G3B09	9.2	1	0.015	2025-10-31
D22	0	0.000873027059828757	0	3.40927737657194	0.868352645762455	0.632474287557247	0.636999999999999	0.00494286710692554		23G3B09	9.5	1	0.029	2025-10-31
D23	0	0.00528995397261362	0	824.974103710812	38.548345497788	0.405762314728454	0.405875	0.00303121969929624		23G3B09	9.8	1	0.029	2025-10-31
D24	0	0.000000000333129945325499	0	48.3431785415113	1.6734233370267	0.265786163523864	0.532625	0.00783123662950881		23G3B09	10.1	1	0.072	2025-10-31
D3	0	0.00467981962192967	0	2.81481883705684	3.45533818131791	0.557059369963958	0.556625	0.00100729794002469		23G3B09	3.8	1	0.014	2025-10-31
D4	0	0	0	0	0	0	0	0	cannot fit data	23G3B09	4.1	1	0.177	2025-10-31
D5	0	0.00315239865964686	0	11.6512403242904	3.44854545880706	1.29740525240024	1.305	0.00218408313123516		23G3B09	4.4	1	0.037	2025-10-31
D6	0	0.00153466940228101	0	11.758722597167	2.84225178131309	1.03362828569025	1.039875	0.00134591173724351		23G3B09	4.7	1	0.029	2025-10-31
D7	0	0.00250218299214484	0	7.25646402737203	2.51936554164203	0.847178125790679	0.850624999999999	0.00244989486335146		23G3B09	5	1	0.025	2025-10-31
D8	0	0.00274105010899193	0	6.25128117525856	2.42652888917653	0.790450365019591	0.79275	0.00246127860657219		23G3B09	5.3	1	0.023	2025-10-31
D9	0	0.00772236705131946	0	7.31613579628913	3.32359365666181	1.72712443266263	1.73275	0.00427152335215826		23G3B09	5.6	1	0.048	2025-10-31
E1	0	0.00899999999999999	0	-3.94524431578517	2.48917202393753	0.297964756481826	0.271875	0.00144350564060168	questionable fit (k < n0)	23G4A10	3.2	1	0.00899999999999999	2025-10-31
E10	0	0.029344695039768	0	1.92872106698298	4.37361870152207	2.96077723527394	2.95625	0.00424620822825848		23G4A10	5.9	1	0.076	2025-10-31
E11	0	0.0198462182655141	0	3.88853664417789	3.62466784358397	2.60436218139987	2.603625	0.004916381648245		23G4A10	6.2	1	0.07	2025-10-31
E12	0.0937689386939318	0.0456707793814577	0.148631762498219	0.348412849476123	4.66351988908327	4.06677935163382	4.0585	0.00459896732532005		23G4A10	6.5	1	0.099	2025-10-31
E13	0	0.00615277013447446	0	8.62400620958281	3.19824439580645	1.79171092664134	1.795875	0.00288885595547358		23G4A10	6.8	1	0.047	2025-10-31
E14	0	0.00886311209481102	0	1.9577853042752	3.27853491482771	0.976498141687351	0.974624999999997	0.000932246329394327		23G4A10	7.1	1	0.023	2025-10-31
E15	0	0.00832423289402697	0	0.442547125571308	0.52244146504436	1.10501376959547	1.103875	0.00492577072091946		23G4A10	7.4	1	0.037	2025-10-31
E16	0	0.00678838499017473	0	-0.466846285191916	1.53851779834398	0.576205486189785	0.574749999999999	0.00132610703018057	questionable fit	23G4A10	7.7	1	0.015	2025-10-31
E17	0	0.0198090848396551	0	-29.6840205326143	10.5337560391928	0.857448526787272	0.851	0.00420103637339833	questionable fit (k < n0)	23G4A10	8	1	0.032	2025-10-31
E18	0	0.00721188754337262	0	-0.0171341064890212	0.323508460171584	0.678300992502783	0.676874999999998	0.00128754526741723	questionable fit	23G4A10	8.3	1	0.021	2025-10-31
E19	0	0.00291571401379888	0	644.014627502722	28.939687642804	0.264488220108792	0.2675	0.00358883770171123		23G4A10	8.6	1	0.017	2025-10-31
E2	0	0.0137938369754052	0	-7.63767483209105	4.10121811532286	0.501073138594289	0.487499999999999	0.000975182919544576	questionable fit (k < n0)	23G4A10	3.5	1	0.015	2025-10-31
E20	0	0.0137488268477889	0	-14.6781705876285	14.2978495371437	0.427887750651698	0.402125	0.00280060084171241	questionable fit (k < n0)	23G4A10	8.9	1	0.022	2025-10-31
E21	0	0.0111177851575328	0	1498.98766559473	76.7413427797444	0.671549460909395	0.6695	0.00401143654834902		23G4A10	9.2	1	0.024	2025-10-31
E22	0	0.0102887736626027	0	-1.49240195811249	1.68536803845437	0.747752327806655	0.746499999999997	0.00372716350722395	questionable fit	23G4A10	9.5	1	0.026	2025-10-31
E23	0	0.0246561729308511	0	-19.2431508281894	25.6424753177485	0.750733441551563	0.68625	0.00495392844263756	questionable fit (k < n0)	23G4A10	9.8	1	0.033	2025-10-31
E24	0	0.014	0	-0.366761450045609	0.358048098219512	0.345564489050133	0.343375	0.0014806706136611	questionable fit (k < n0)	23G4A10	10.1	1	0.014	2025-10-31
E3	0	0.0000270368574315907	0	0.149649654873398	0.0167550264213509	0.635775923018962	0.635124999999999	0.00104104384382502		23G4A10	3.8	1	0.015	2025-10-31
E4	0	0.0117380569351098	0	20.9397101863607	25.6054701009361	0.813909429675708	0.811874999999999	0.000520049480844318		23G4A10	4.1	1	0.021	2025-10-31
E5	0	0.0119262008321708	0	5.97241832492504	7.66175121464723	1.21161784269701	1.20875	0.00110809136775942		23G4A10	4.4	1	0.033	2025-10-31
E6	0	0.00989465718529398	0	6.02066983058205	7.05577458552254	1.0513941030475	1.04925	0.000891853578730108		23G4A10	4.7	1	0.028	2025-10-31
E7	0	0.00997991622989745	0	0.908241080875746	3.22684838815756	0.983925465134189	0.981875	0.00127652905376727		23G4A10	5	1	0.024	2025-10-31
E8	0	0.00771080855482843	0	4.75177076206204	3.23834739945676	1.21967471030858	1.22	0.00334577827552605		23G4A10	5.3	1	0.035	2025-10-31
E9	0	0.00884144595213843	0	5.93879589170846	3.37410020680506	1.5906652721693	1.593	0.00439625753139343		23G4A10	5.6	1	0.047	2025-10-31
F1	0	0.013	0	-8.00831196323529	7.17926985703776	0.381995579616565	0.325624999999999	0.00228105343422948	questionable fit (k < n0)	23G4A02	3.2	1	0.013	2025-10-31
F10	0.112061488123979	0.00936085757139444	0.165954518092178	14.4333602786862	4.17672979638279	3.72804820884162	3.72575	0.00479541288873104		23G4A02	5.9	1	0.124	2025-10-31
F11	0.147286973113595	0.0139870776691604	0.120903896942969	18.6467733471794	5.73304250802524	4.26564918982544	4.257625	0.00175196789721176		23G4A02	6.2	1	0.148	2025-10-31
F12	0.13392554903025	0.0117782942409819	0.117009829101158	19.9895083589091	5.92383721850153	3.71476902137074	3.711375	0.000892163836917533		23G4A02	6.5	1	0.131	2025-10-31
F13	0.104647348361858	0.0132205248340691	0.088590245314032	21.8282314148172	7.82419303731351	2.70967142369856	2.70825	0.00353576724094072		23G4A02	6.8	1	0.099	2025-10-31
F14	0	0.0105875993204621	0	-0.201446059768418	0.607156542698494	0.90615769840737	0.89775	0.00286594925027006	questionable fit	23G4A02	7.1	1	0.027	2025-10-31
F15	0	0.0110327139499281	0	1.90316174051551	2.70249159408712	1.2889892348186	1.288125	0.00344055642336823		23G4A02	7.4	1	0.034	2025-10-31
F16	0	0.00655771341447485	0	3.31464804499806	3.33240325534803	0.842595203836283	0.842375	0.00357402249792638		23G4A02	7.7	1	0.029	2025-10-31
F17	0	0.00897240634521113	0	-3.29947593229658	4.17431936203555	0.643687982892908	0.642374999999998	0.00100132003018358	questionable fit	23G4A02	8	1	0.017	2025-10-31
F18	0	0.00920104486996543	0	-2.44325068050681	1.42305165367704	0.571913507073005	0.556	0.00103405153632638	questionable fit	23G4A02	8.3	1	0.017	2025-10-31
F19	0	0.000505412891134027	0	580.43821893661	36.5060998846053	0.0398596729211566	0.039875	0.00145162166881735		23G4A02	8.6	1	0.006	2025-10-31
F2	0	0	0	0	0	0	0	0	cannot fit data	23G4A02	3.5	1	0.016	2025-10-31
F20	0	0	0	0	0	0	0	0	cannot fit data	23G4A02	8.9	1	0.012	2025-10-31
F21	0	0.00800000000000001	0	-0.229046952520167	0.148250324371232	0.253953415634644	0.252625	0.00100209803953218	questionable fit (k < n0)	23G4A02	9.2	1	0.00800000000000001	2025-10-31
F22	0	0.0109291112824287	0	23.2350475983532	28.4572663875274	0.734794713638414	0.7325	0.00307106786036936		23G4A02	9.5	1	0.024	2025-10-31
F23	0	0.007962736454406	0	1988.8893739102	114.590029429737	0.445662675544713	0.443749999999999	0.00328297480355832		23G4A02	9.8	1	0.018	2025-10-31
F24	0	0.00367405237899378	0	1055.70319782772	53.9357569633567	0.24528953775378	0.244125	0.00287795918463326		23G4A02	10.1	1	0.013	2025-10-31
F3	0	0.0131461819222795	0	13.1755296892193	5.68212291597894	2.64898813245696	2.648	0.000848427275374143		23G4A02	3.8	1	0.078	2025-10-31
F4	0.0954029959722415	0.0116459726031256	0.117826501041643	16.7446167876452	5.88277827510949	2.9156166281099	2.913875	0.000558988646624512		23G4A02	4.1	1	0.094	2025-10-31
F5	0.109645407627325	0.0155404983479419	0.116324995975197	15.4821479928745	5.95871226772053	3.46453616345807	3.454	0.00264246963343473		23G4A02	4.4	1	0.113	2025-10-31
F6	0.113481856812592	0.0142886289870174	0.109604065374478	17.6782283781183	6.32410101022903	3.360718420862	3.3485	0.0030906512471854		23G4A02	4.7	1	0.115	2025-10-31
F7	0.123668754348987	0.0165266004372466	0.107425840742875	17.399773188033	6.45233191350118	3.6857883340882	3.669875	0.00389878846205138		23G4A02	5	1	0.124	2025-10-31
F8	0.123487245082031	0.0147748652940719	0.113480870923369	17.5869132374344	6.10805305704792	3.67543619716146	3.656375	0.00482482506901037		23G4A02	5.3	1	0.127	2025-10-31
F9	0.115546913252375	0.0158135706861091	0.118072720546335	15.5974349190657	5.87051079498024	3.64424863075026	3.629875	0.0044697572986968		23G4A02	5.6	1	0.12	2025-10-31
G1	0	0.028833179123178	0	-43.6358592753265	93.07059238834	1.00833211114521	0.758875	0.0179292938469365	questionable fit (k < n0)	23G4B06	3.2	1	0.073	2025-10-31
G10	0	0.0083180181925966	0	6.73205426046641	3.36513587639872	1.6803438688465	1.682875	0.00366201499305671		23G4B06	5.9	1	0.049	2025-10-31
G11	0	0.0136434814920742	0	6.41518331522737	5.02836867702674	1.83468332836886	1.832375	0.00156862710626668		23G4B06	6.2	1	0.048	2025-10-31
G12	0	0.00881849059920927	0	5.38999668949438	3.16383697996336	1.56148300651585	1.5635	0.00356635759281385		23G4B06	6.5	1	0.043	2025-10-31
G13	0	0.00942656019520738	0	7.10110970439707	3.44768840931014	1.95073203170544	1.948875	0.00342617022803395		23G4B06	6.8	1	0.052	2025-10-31
G14	0	0.00637313634652457	0	1.46995963523075	0.903533770504955	1.20821682897156	1.207375	0.00232515914547597		23G4B06	7.1	1	0.035	2025-10-31
G15	0	0.0104808018743862	0	0.30481062930121	0.594222861002362	1.20683023016631	1.20375	0.004628655571507		23G4B06	7.4	1	0.04	2025-10-31
G16	0	0.00626391460337032	0	0.6718126174325	0.538389573211087	0.999055997657293	0.998874999999999	0.00480715825020596		23G4B06	7.7	1	0.035	2025-10-31
G17	0	0.00879483518553288	0	0.118871588024673	0.285012202172006	0.982859619851743	0.981874999999999	0.0060098241144891		23G4B06	8	1	0.034	2025-10-31
G18	0	0.00294683101471905	0	0.643798236096754	0.253458500287547	0.954139427271432	0.953999999999998	0.00357146517411735		23G4B06	8.3	1	0.033	2025-10-31
G19	0	0.00000806701711124999	0	1.98400395714025	0.205460629408971	0.301259832127411	0.302375	0.00386804320898624		23G4B06	8.6	1	0.02	2025-10-31
G2	0	0	0	0	0	0	0	0	cannot fit data	23G4B06	3.5	1	0.015	2025-10-31
G20	0	0.0000034042033090991	0	0.197814321885689	0.0170608926458073	0.505572730345224	0.50575	0.00468132504272352		23G4B06	8.9	1	0.024	2025-10-31
G21	0	0.021464213693409	0	-17.1641494083926	25.5113913591106	0.621620134551721	0.557999999999999	0.00531094376225171	questionable fit (k < n0)	23G4B06	9.2	1	0.025	2025-10-31
G22	0	0.00820465306241571	0	0.187700896718937	0.706835843308974	0.856390965997358	0.855499999999999	0.00575560573230345		23G4B06	9.5	1	0.029	2025-10-31
G23	0	0.029	0	-12.2643255853024	20.1036891904101	0.75234674060886	0.670374999999999	0.00674963302061317	questionable fit (k < n0)	23G4B06	9.8	1	0.029	2025-10-31
G24	0	0.00743178408389724	0	-11.5535107842291	15.4909970363577	0.20064317340133	0.170875	0.00286368612162311	questionable fit (k < n0)	23G4B06	10.1	1	0.014	2025-10-31
G3	0	0	0	0	0	0	0	0	cannot fit data	23G4B06	3.8	1	0.029	2025-10-31
G4	0	0.0136875820110545	0	-5.10770857314036	8.82596412049921	0.956828219400063	0.953999999999997	0.00061824244553479	questionable fit	23G4B06	4.1	1	0.023	2025-10-31
G5	0	0.0147050018351683	0	5.62439173650851	13.9587720972841	1.14507679105193	1.14125	0.00182787636068412		23G4B06	4.4	1	0.032	2025-10-31
G6	0	0.015149236729514	0	-5.32376497339338	11.6499900068314	1.0392626879832	1.03625	0.00124183645542377	questionable fit	23G4B06	4.7	1	0.027	2025-10-31
G7	0	0	0	0	0	0	0	0	cannot fit data	23G4B06	5	1	0.058	2025-10-31
G8	0	0.0115459290726715	0	3.68853250139825	4.25332259375368	1.36423521887366	1.362625	0.00214687537505853		23G4B06	5.3	1	0.036	2025-10-31
G9	0	0.0141746473024053	0	4.91580515950391	5.27978266014459	1.65229182113478	1.65	0.00142668149928984		23G4B06	5.6	1	0.042	2025-10-31
H1	0	0.00283741887927155	0	-4.89048650766375	312274.219927437	0.0330928323964355	0.028625	0.00042008902581548	questionable fit (k < n0)	28G1A07	3.2	1	0.003	2025-10-31
H10	0	0.0021579498186887	0	18.7504891280408	6.06615336840527	0.591307263202995	0.59425	0.000854520105005823		28G1A07	5.9	1	0.019	2025-10-31
H11	0	0.00399973813821072	0	22.118523589093	8.95225104185148	0.668757896105487	0.668999999999998	0.000718087153934564		28G1A07	6.2	1	0.022	2025-10-31
H12	0	0.00359929958694872	0	21.7547745007114	10.5290875415821	0.478953196103266	0.479124999999999	0.000568919808148856		28G1A07	6.5	1	0.015	2025-10-31
H13	0	0.00349954090449104	0	-3.3346751746365	3.82006020485775	0.247818449715079	0.246875	0.000566308812064708	questionable fit	28G1A07	6.8	1	0.00699999999999999	2025-10-31
H14	0	0.00452587803216561	0	-5.50313179539922	3.76977500183682	0.28707658818309	0.28625	0.000710396523596594	questionable fit	28G1A07	7.1	1	0.00799999999999999	2025-10-31
H15	0	0.00636140022182772	0	-2.64380167043727	5.6360909615902	0.479908539204335	0.478749999999999	0.00100760498408475	questionable fit	28G1A07	7.4	1	0.014	2025-10-31
H16	0	0.00118304801636467	0	9.07647510667997	3.70963712764029	0.291804588015595	0.29125	0.00131647180989198		28G1A07	7.7	1	0.01	2025-10-31
H17	0	0.00251172171938181	0	5.84143420625654	3.01213163863744	0.502263508900638	0.502125	0.000758655623877795		28G1A07	8	1	0.014	2025-10-31
H18	0	0.00110606763215084	0	0.324017448941842	0.324471203567013	0.158145371815295	0.158	0.000784522850670492		28G1A07	8.3	1	0.00599999999999999	2025-10-31
H19	0	0.000000000582832842042397	0	14.3996090931747	0.679063724142069	0.0476316352261001	0.047875	0.000608423305174046		28G1A07	8.6	1	0.004	2025-10-31
H2	0	0	0	0	0	0	0	0	cannot fit data	28G1A07	3.5	1	0.006	2025-10-31
H20	0	0.00397831618046415	0	-10.6048361725657	25.3910124490228	0.0905768205391682	0.0821250000000001	0.00125688423932373	questionable fit (k < n0)	28G1A07	8.9	1	0.005	2025-10-31
H21	0	0.000028925608833341	0	9.12035907757517	1.17371535757417	0.247935423682293	0.247125	0.000610632938748864		28G1A07	9.2	1	0.00799999999999999	2025-10-31
H22	0	0.00175368183281809	0	1.41708179619144	0.896366255168539	0.324902953106948	0.321374999999999	0.00248382707818507		28G1A07	9.5	1	0.013	2025-10-31
H23	0	0.0097658914419908	0	3008.54453156701	269.750610847641	0.501145346117431	0.499499999999999	0.00128468476074033		28G1A07	9.8	1	0.013	2025-10-31
H24	0	0.00599999999999999	0	-1.12226430518236	70545.314812154	0.025475437547546	0.015125	0.000704821813022449	questionable fit (k < n0)	28G1A07	10.1	1	0.00599999999999999	2025-10-31
H3	0	0.00542513458649093	0	-19.1627120254434	9.93627602787024	0.20976900653815	0.204125	0.000806188699477939	questionable fit (k < n0)	28G1A07	3.8	1	0.00899999999999999	2025-10-31
H4	0	0.00342661055852145	0	-11.6595563736466	4.52061841376024	0.188785251214204	0.1855	0.000374028078338502	questionable fit	28G1A07	4.1	1	0.005	2025-10-31
H5	0	0.00387500203278024	0	1387.48075885255	68.2702476900009	0.240970547134204	0.239875	0.000675288466352234		28G1A07	4.4	1	0.00699999999999999	2025-10-31
H6	0	0.00214599280163379	0	656.639743890519	29.730992155424	0.191150954525812	0.191	0.000497750411538195		28G1A07	4.7	1	0.00599999999999999	2025-10-31
H7	0	0.00255979958111558	0	15.9687432609923	9.67235071070051	0.314770286370089	0.31475	0.000712890862557432		28G1A07	5	1	0.01	2025-10-31
H8	0	0.00210610074757463	0	13.7508008709607	6.41317598836051	0.374295271203393	0.375375	0.000815509546703142		28G1A07	5.3	1	0.011	2025-10-31
H9	0	0.00414193983477219	0	20.0458135014482	11.3757571758099	0.484489473423169	0.4845	0.000837270399058593		28G1A07	5.6	1	0.015	2025-10-31
I1	0	0.00488038069279783	0	-6.7714395903626	8.90119006285268	0.118963368626223	0.1025	0.000962981477464788	questionable fit (k < n0)	28G4A09	3.2	1	0.005	2025-10-31
I10	0	0.00251700201925683	0	13.3051855282136	3.37245440947509	1.42850065288933	1.4375	0.0023582089806769		28G4A09	5.9	1	0.043	2025-10-31
I11	0	0.0040529524459673	0	12.8147329786623	4.016977307314	1.42835704269914	1.43375	0.00175109660542593		28G4A09	6.2	1	0.042	2025-10-31
I12	0	0.00337379200903523	0	15.0809449516512	4.10401048169772	1.51911613880079	1.5255	0.00142554339401558		28G4A09	6.5	1	0.047	2025-10-31
I13	0	0.00548442953486519	0	10.1750255187996	3.878726617601	1.46088029150636	1.457375	0.00136178206918338		28G4A09	6.8	1	0.041	2025-10-31
I14	0	0.00485293572305121	0	4.66492371555019	3.34273988710372	0.73982211491898	0.739624999999999	0.00102728287861265		28G4A09	7.1	1	0.02	2025-10-31
I15	0	0.00405174538094761	0	3.79184886944379	1.50619144505125	1.2007953192519	1.2015	0.00158833486023978		28G4A09	7.4	1	0.032	2025-10-31
I16	0	0.00586482003260295	0	6.07473416792875	3.63031674513795	1.00011010559457	0.99675	0.00207927500887404		28G4A09	7.7	1	0.028	2025-10-31
I17	0	0.00316689700283972	0	3.52601937173329	1.14374496219431	1.33483856092317	1.32675	0.00315892185964353		28G4A09	8	1	0.035	2025-10-31
I18	0	0.00399692766696747	0	4.38668539324397	1.76163606949691	1.14809050505786	1.147375	0.00182500944585036		28G4A09	8.3	1	0.03	2025-10-31
I19	0	0.000414503649642606	0	5.79653391713353	1.06500136814774	0.78148869944148	0.779	0.00182612459307057		28G4A09	8.6	1	0.023	2025-10-31
I2	0	0	0	0	0	0	0	0	cannot fit data	28G4A09	3.5	1	0.00800000000000001	2025-10-31
I20	0	0.00356691380343762	0	1.99375805915751	1.32945640358285	0.623008706384785	0.6225	0.0016312862826424		28G4A09	8.9	1	0.016	2025-10-31
I21	0	0.000322110467344133	0	6.55672012521256	1.18960375746692	0.624898464917987	0.62425	0.00200415663824174		28G4A09	9.2	1	0.019	2025-10-31
I22	0	0.00722574465847005	0	-0.478848446927365	0.511069190136588	0.52684355305499	0.508749999999999	0.0020111470658611	questionable fit	28G4A09	9.5	1	0.016	2025-10-31
I23	0	0.00782377719072875	0	-0.881656844189545	2.20946784839916	0.63840576037166	0.636999999999999	0.00247868211682702	questionable fit	28G4A09	9.8	1	0.019	2025-10-31
I24	0	0.00684149034399507	0	-1.37145909059831	129848.680922843	0.0336632354008831	0.024875	0.000906132756324934	questionable fit (k < n0)	28G4A09	10.1	1	0.00699999999999999	2025-10-31
I3	0	0.005171530085318	0	15.0813767572688	9.44933417224123	0.632033266082562	0.631624999999999	0.000637686282351198		28G4A09	3.8	1	0.019	2025-10-31
I4	0	0.00635178493452287	0	27.4185084672782	10.5520811340126	0.982470771988805	0.982249999999999	0.000769943512703708		28G4A09	4.1	1	0.035	2025-10-31
I5	0	0.00293719848924441	0	23.6035037989426	5.71084440019913	1.33736871527056	1.34075	0.0010110317581405		28G4A09	4.4	1	0.052	2025-10-31
I6	0	0.00224947192663519	0	21.3625174655815	4.89337809037105	1.29642685008164	1.299625	0.000749701708067429		28G4A09	4.7	1	0.048	2025-10-31
I7	0	0.00188206622936453	0	13.647079430854	3.29242498356064	1.20662581899261	1.212375	0.00109896405201952		28G4A09	5	1	0.035	2025-10-31
I8	0	0.00168209821286883	0	11.7782418047479	2.85548512017969	1.12309975200686	1.129375	0.00149194509629475		28G4A09	5.3	1	0.032	2025-10-31
I9	0	0.003420394428438	0	12.4953077713311	3.87600642613856	1.2434136017557	1.24975	0.0018218110670695		28G4A09	5.6	1	0.036	2025-10-31
J1	0	0.00854444141813262	0	-41.1146030023249	23.5258226875947	0.346012388858687	0.286999999999999	0.00188849433862068	questionable fit (k < n0)	35G4B10	3.2	1	0.01	2025-10-31
J10	0	0.00702084485677875	0	5.31082232579355	5.08491278053195	0.860391711762279	0.860749999999998	0.00158274741432777		35G4B10	5.9	1	0.022	2025-10-31
J11	0	0.00856483383420265	0	6.98874894690898	6.0041245484798	1.05735302910004	1.05675	0.00150722719779776		35G4B10	6.2	1	0.028	2025-10-31
J12	0	0.00488153777023064	0	15.3653873641683	5.55450663529655	1.21412854816074	1.221	0.00234238276170795		35G4B10	6.5	1	0.038	2025-10-31
J13	0	0.00535403758241824	0	15.6385486545228	6.00070869143786	1.19356164281344	1.192375	0.000818734402491351		35G4B10	6.8	1	0.038	2025-10-31
J14	0	0.0086260541381355	0	6.9892376421223	9.08654517362494	0.833175491150714	0.831624999999998	0.000988733331590474		35G4B10	7.1	1	0.022	2025-10-31
J15	0	0.0089872744828337	0	0.0570265185559198	4.96240566261835	0.780008499891072	0.778499999999997	0.000666570862288718		35G4B10	7.4	1	0.018	2025-10-31
J16	0	0.00559042691662129	0	3.24574384423565	4.13740736132208	0.642728545484919	0.642499999999999	0.00132322919441138		35G4B10	7.7	1	0.016	2025-10-31
J17	0	0.00711457975350688	0	1.12281212679621	3.72067679103347	0.697234535308596	0.6955	0.000530654206431721		35G4B10	8	1	0.017	2025-10-31
J18	0	0.00576288525683209	0	0.150017865291379	1.18128412368018	0.56599295396109	0.565125	0.000796693129261644		35G4B10	8.3	1	0.015	2025-10-31
J19	0	0.000636956187076919	0	11.1997189294121	4.28262725614038	0.163814223995081	0.163	0.000631987244319457		35G4B10	8.6	1	0.005	2025-10-31
J2	0	0	0	0	0	0	0	0	cannot fit data	35G4B10	3.5	1	0.014	2025-10-31
J20	0	0	0	0	0	0	0	0	cannot fit data	35G4B10	8.9	1	0.011	2025-10-31
J21	0	0.00224267359475103	0	1.82184972001134	1.67923041107787	0.318130391359178	0.3005	0.00087981496229635		35G4B10	9.2	1	0.00799999999999999	2025-10-31
J22	0	0.0139051549033146	0	-20.0830427559388	10.961353583788	0.532060441182104	0.497624999999998	0.00189359941038532	questionable fit (k < n0)	35G4B10	9.5	1	0.014	2025-10-31
J23	0	0	0	0	0	0	0	0	cannot fit data	35G4B10	9.8	1	0.017	2025-10-31
J24	0	0	0	0	0	0	0	0	cannot fit data	35G4B10	10.1	1	0.013	2025-10-31
J3	0	0.0129734675634495	0	-5.58249716619484	2.05483677209765	0.53563287672336	0.531624999999998	0.000208264882039067	questionable fit (k < n0)	35G4B10	3.8	1	0.014	2025-10-31
J4	0	0.0079668152191929	0	26.3562748773764	21.3532922562336	0.62136554976913	0.619499999999999	0.00046293943825596		35G4B10	4.1	1	0.018	2025-10-31
J5	0	0.00646345771403451	0	22.8936516126618	7.8090213711937	1.39762884027978	1.39875	0.00101958382235659		35G4B10	4.4	1	0.05	2025-10-31
J6	0	0.00387836938268751	0	22.3723404191089	6.36457270489534	1.23431039141873	1.23775	0.000905901679955505		35G4B10	4.7	1	0.045	2025-10-31
J7	0	0.00436940109389214	0	16.1020560885431	5.17207178753663	1.32389290670385	1.328625	0.00151120155533346		35G4B10	5	1	0.041	2025-10-31
J8	0	0.00384444709579201	0	13.0639634718877	4.60660488890887	1.07347268677696	1.076875	0.00168171064960109		35G4B10	5.3	1	0.032	2025-10-31
J9	0	0.00696793087739555	0	7.53125891021293	4.4983417031838	1.13660648364356	1.1395	0.00335188518520143		35G4B10	5.6	1	0.032	2025-10-31
K1	0	0.0721088066190002	0	-4.69879900529429	45.3231074492066	0.920878648136825	0.721874999999998	0.0192476860587716	questionable fit (k < n0)	28G3B02	3.2	1	0.097	2025-10-31
K10	0	0.00839194132436356	0	1.74697423508344	1.89386746368344	1.10066964712025	1.099125	0.00320092865626173		28G3B02	5.9	1	0.029	2025-10-31
K11	0	0.00823726909678006	0	2.76942115539843	2.51510256082475	1.1411627790299	1.14025	0.00270103260290293		28G3B02	6.2	1	0.03	2025-10-31
K12	0	0.00823668296455461	0	4.67129189525175	3.45282352901885	1.22628823779686	1.225375	0.00207603109090013		28G3B02	6.5	1	0.034	2025-10-31
K13	0	0.00350458541716687	0	3.13211505628953	1.22756535597532	1.07727811295104	1.078125	0.00234946068162216		28G3B02	6.8	1	0.034	2025-10-31
K14	0	0.00855462957486703	0	1.23437082959502	1.30136358062456	1.15762558753515	1.15675	0.0053450855981071		28G3B02	7.1	1	0.041	2025-10-31
K15	0	0.00671924113293085	0	1.07684892702462	0.728241600525413	1.19099836023513	1.190375	0.00751797205684046		28G3B02	7.4	1	0.044	2025-10-31
K16	0	0.00454232611341773	0	1.71824320605779	0.765422334352137	1.20648894899344	1.207	0.00976307656081742		28G3B02	7.7	1	0.042	2025-10-31
K17	0	0.000374172881146313	0	1.43999717453136	0.232026747837772	1.30928620484628	1.27625	0.00751522607152097		28G3B02	8	1	0.039	2025-10-31
K18	0	0.0074066357080795	0	2.90117445386354	1.675643956511	1.42934827272924	1.40625	0.00239906794002237		28G3B02	8.3	1	0.034	2025-10-31
K19	0	0.00162905297001676	0	6.27500729025467	1.73512123714743	0.901830330906114	0.9015	0.00213739981355877		28G3B02	8.6	1	0.025	2025-10-31
K2	0	0.0122184663194291	0	11301.8270747896	805.011863666722	0.60138121826732	0.598499999999999	0.000899989955106195		28G3B02	3.5	1	0.016	2025-10-31
K20	0	0.006980663709822	0	1.46869238142653	1.22556661144152	1.0602196219487	1.049125	0.0017366930644994		28G3B02	8.9	1	0.026	2025-10-31
K21	0	0.00418741709648453	0	4.9539143971238	2.28415789919866	0.980242607482173	0.979875	0.00109048906512229		28G3B02	9.2	1	0.026	2025-10-31
K22	0	0.00856664520356003	0	1.44476438669471	1.65855868755906	1.10795815185978	1.10725	0.00216644455946532		28G3B02	9.5	1	0.028	2025-10-31
K23	0	0.00660069065694716	0	0.0295594555506052	0.479257376681818	0.643600259791573	0.642249999999999	0.00159798259281176		28G3B02	9.8	1	0.017	2025-10-31
K24	0	0.00175355026735821	0	0.449700708287419	0.176576645328885	0.57257733469243	0.559999999999999	0.0017448391213173		28G3B02	10.1	1	0.015	2025-10-31
K3	0	0.00911322708910574	0	1.12332340070747	1.6763329399061	1.08393723180912	1.082625	0.00151034294260334		28G3B02	3.8	1	0.026	2025-10-31
K4	0	0.00791795073522439	0	1.17743724505634	1.73397308117243	0.943534800043423	0.942249999999997	0.00203194956016258		28G3B02	4.1	1	0.024	2025-10-31
K5	0	0.00702985305691794	0	2.1135758437836	1.85972018179331	1.01373292682043	1.012625	0.00198693823266855		28G3B02	4.4	1	0.025	2025-10-31
K6	0	0.00602569376470061	0	2.41448646780963	1.67906645266392	1.00649132561123	1.006	0.00170854794290047		28G3B02	4.7	1	0.025	2025-10-31
K7	0	0.00566000611190862	0	2.70107617387401	1.78722486751848	0.974857587271048	0.974624999999998	0.00224115386742053		28G3B02	5	1	0.025	2025-10-31
K8	0	0.00507085502898987	0	2.71430866460391	1.50347231043803	1.02448243876225	1.02375	0.00277399013498393		28G3B02	5.3	1	0.028	2025-10-31
K9	0	0.00776010778866407	0	2.28491289718756	1.92297911873428	1.14266091305365	1.1415	0.00312028485553668		28G3B02	5.6	1	0.03	2025-10-31
L1	0	0.013	0	-11.6626078473342	6.85858353160774	0.466379566340654	0.450374999999999	0.00143166032352703	questionable fit (k < n0)	35D02	3.2	1	0.013	2025-10-31
L10	0	0.00839839142415622	0	5.99327643622946	2.31532436753939	2.45655240374106	2.457	0.00173543553951861		35D02	5.9	1	0.066	2025-10-31
L11	0	0.00737105596216873	0	5.64918175631346	2.03224786488105	2.44473590775507	2.447875	0.0027275507381422		35D02	6.2	1	0.064	2025-10-31
L12	0	0.00693426038502209	0	6.1647311989014	2.10051270405174	2.49837254826016	2.50025	0.00348205567072973		35D02	6.5	1	0.064	2025-10-31
L13	0	0.00468031381846726	0	1.48403235668629	0.719363155497943	1.12696977897285	1.1265	0.00328616167828567		35D02	6.8	1	0.036	2025-10-31
L14	0	0.00568752852626665	0	1.38443743008462	0.776250900046893	1.1758074398027	1.1755	0.00741843347337322		35D02	7.1	1	0.047	2025-10-31
L15	0	0	0	0	0	0	0	0	cannot fit data	35D02	7.4	1	0.05	2025-10-31
L16	0	0	0	0	0	0	0	0	cannot fit data	35D02	7.7	1	0.047	2025-10-31
L17	0	0	0	0	0	0	0	0	cannot fit data	35D02	8	1	0.053	2025-10-31
L18	0	0	0	0	0	0	0	0	cannot fit data	35D02	8.3	1	0.05	2025-10-31
L19	0	0	0	0	0	0	0	0	cannot fit data	35D02	8.6	1	0.03	2025-10-31
L2	0	0.0167116047852875	0	-89.1596456917736	19.5799045289209	0.787436046124437	0.77175	0.00129115869721508	questionable fit (k < n0)	35D02	3.5	1	0.02	2025-10-31
L20	0	0.0319964773812869	0	-15.6545209526205	32.8531258818536	0.8465030230694	0.748750000000001	0.00878804630077294	questionable fit (k < n0)	35D02	8.9	1	0.042	2025-10-31
L21	0	0	0	0	0	0	0	0	cannot fit data	35D02	9.2	1	0.032	2025-10-31
L22	0	0.0104827136766711	0	-0.0713809713621908	0.402193463606219	0.944879723812678	0.943749999999999	0.0100530511724707	questionable fit	35D02	9.5	1	0.043	2025-10-31
L23	0	0.0297205621564058	0	-22.4991195761674	24.4872758846946	0.975369031904385	0.850625	0.00660461939883438	questionable fit (k < n0)	35D02	9.8	1	0.034	2025-10-31
L24	0	0.0212393850793521	0	-33.5665428049322	42.210867492225	0.738579367132395	0.566624999999999	0.0070319929211538	questionable fit (k < n0)	35D02	10.1	1	0.029	2025-10-31
L3	0	0.0165830656426873	0	8.30451164332455	5.54202626903924	2.38090081700948	2.375875	0.00142990214130439		35D02	3.8	1	0.064	2025-10-31
L4	0	0.0156822759871509	0	8.98410223596259	5.8734351269936	2.24222481255134	2.233625	0.00411208087654075		35D02	4.1	1	0.071	2025-10-31
L5	0	0.0136390325458676	0	9.983943921399	4.94277716235135	2.52937824687004	2.52225	0.00237979286171488		35D02	4.4	1	0.074	2025-10-31
L6	0	0.0174274834628068	0	9.98014506183375	6.70695401911602	2.35135872341621	2.34	0.0057745466718174		35D02	4.7	1	0.078	2025-10-31
L7	0	0.021053859511476	0	8.58850886995662	6.49054717119339	2.69897411709705	2.686625	0.00779628785964658		35D02	5	1	0.087	2025-10-31
L8	0	0.00902154332382939	0	6.90953618052646	2.88211132725194	2.29444515807605	2.28875	0.00836513466364286		35D02	5.3	1	0.08	2025-10-31
L9	0	0.0109562246198502	0	7.0156912043744	2.85732339889917	2.87722228606452	2.876	0.00406124788108718		35D02	5.6	1	0.077	2025-10-31
M1	0	0.00634791582384013	0	-5.0909337337133	2.27725965791226	0.244944537271006	0.210875	0.00143505994489163	questionable fit (k < n0)	Desert-08	3.2	1	0.00699999999999999	2025-10-31
M10	0	0.00513502248432229	0	16.8269886575943	4.84370115235514	1.91888162087319	1.92125	0.00141883251278599		Desert-08	5.9	1	0.064	2025-10-31
M11	0	0.00647744996913869	0	17.7510469633619	5.39512735947528	2.08482316391729	2.084375	0.00138134271388746		Desert-08	6.2	1	0.072	2025-10-31
M12	0	0.00414473172966754	0	18.8739939193822	4.78458344256878	1.97070798044234	1.971625	0.00100072344507955		Desert-08	6.5	1	0.069	2025-10-31
M13	0	0.00440075871873004	0	17.6095166055541	5.1986152932694	1.51533559998789	1.511625	0.00121733713981334		Desert-08	6.8	1	0.051	2025-10-31
M14	0	0.00861741951817731	0	2.8700281655813	5.67241740449628	0.855132538545959	0.853750000000001	0.000691726378083699		Desert-08	7.1	1	0.022	2025-10-31
M15	0	0.00795834492713294	0	3.0059245837435	3.88107984757539	0.91946250769439	0.918624999999999	0.00121487038034382		Desert-08	7.4	1	0.023	2025-10-31
M16	0	0.0083674299340069	0	0.699248376850252	0.568313228477114	1.32200310378129	1.312375	0.00393722962919326		Desert-08	7.7	1	0.035	2025-10-31
M17	0	0.0128060756890795	0	2.04905362322054	2.40219737649592	1.60382015591805	1.601875	0.00230484426946777		Desert-08	8	1	0.04	2025-10-31
M18	0	0.0122916941679625	0	1.64944434075919	1.85243828481636	1.5925743162762	1.5905	0.00199511241137604		Desert-08	8.3	1	0.04	2025-10-31
M19	0	0.00151937796231586	0	5.30113092760479	1.47071406787192	0.854718989610111	0.84375	0.00123916600846599		Desert-08	8.6	1	0.022	2025-10-31
M2	0	0	0	0	0	0	0	0	cannot fit data	Desert-08	3.5	1	0.012	2025-10-31
M20	0	0.00413737950460843	0	1.24275196444574	0.496938157740173	1.29083285106917	1.290625	0.002577922381107		Desert-08	8.9	1	0.032	2025-10-31
M21	0	0.00384222205336629	0	7.24862332474718	3.53123536368265	0.788506439165144	0.786875	0.00116673407928575		Desert-08	9.2	1	0.022	2025-10-31
M22	0	0.00714159258130354	0	2.45285909389942	1.81499360154131	1.13851509879571	1.137375	0.00136502792970462		Desert-08	9.5	1	0.029	2025-10-31
M23	0	0.0171881321239232	0	-3.62303271357204	6.48862885488546	1.25224579889641	1.249875	0.00199111537670738	questionable fit	Desert-08	9.8	1	0.031	2025-10-31
M24	0	0.00856767830808059	0	0.791209911339278	0.509483158323634	1.59089817773492	1.58925	0.00241780295135483		Desert-08	10.1	1	0.039	2025-10-31
M3	0.164607163914331	0.00834949787910175	0.0322376476620731	90.8659644751125	21.5011711718476	0.884864004992001	0.883874999999999	0.00099680805591335		Desert-08	3.8	1	0.032	2025-10-31
M4	0	0.00283396731558076	0	21.8377664116247	6.00760363179097	0.992907467367517	0.998	0.00120909128444556		Desert-08	4.1	1	0.037	2025-10-31
M5	0	0.00368257742677884	0	15.8840756219457	4.69399875297653	1.33781317104117	1.33725	0.00119246862198253		Desert-08	4.4	1	0.043	2025-10-31
M6	0	0.00373487147539185	0	16.5067147380296	4.9272333409949	1.30122111329128	1.299375	0.000991934466602774		Desert-08	4.7	1	0.043	2025-10-31
M7	0	0.0056732714995634	0	15.5167140591035	5.16555635988742	1.63293434910416	1.633375	0.0014486324399938		Desert-08	5	1	0.051	2025-10-31
M8	0	0.004148859840178	0	17.126305943649	4.81304611395541	1.62206554052813	1.623	0.00124335488936598		Desert-08	5.3	1	0.055	2025-10-31
M9	0	0.00556290259618245	0	16.4351342519857	5.04906516755224	1.82687245716682	1.82725	0.00100748770980782		Desert-08	5.6	1	0.059	2025-10-31
N1	0	0.00699999999999999	0	-3.13449009735797	2.56422572869931	0.201099836208453	0.1705	0.0012814565803349	questionable fit (k < n0)	33G1B11	3.2	1	0.00699999999999999	2025-10-31
N10	0	0.00512875013079211	0	17.0062906221904	5.45318315939173	1.51450828120623	1.51875	0.00131371837078147		33G1B11	5.9	1	0.048	2025-10-31
N11	0	0.0071620928828395	0	17.4729624959485	6.30278605213294	1.67120947790683	1.67575	0.00187331496857549		33G1B11	6.2	1	0.053	2025-10-31
N12	0	0.00510041003331613	0	22.172478102525	6.23731638402689	1.67689108550019	1.684875	0.00173341465812071		33G1B11	6.5	1	0.059	2025-10-31
N13	0	0.0043967923215233	0	17.473237879529	5.7255898804077	1.22523315265463	1.221	0.00216495627834143		33G1B11	6.8	1	0.046	2025-10-31
N14	0	0.0103515248911609	0	21.8225144942211	11.0515008830066	1.3043089494169	1.301	0.00200338839808025		33G1B11	7.1	1	0.044	2025-10-31
N15	0	0.0082416829655319	0	2.23550595608085	1.95525199079633	1.18788033413912	1.18575	0.00343969673289711		33G1B11	7.4	1	0.034	2025-10-31
N16	0	0.00378738814653547	0	2.00131127699096	1.25271834039927	0.696702052216191	0.696374999999999	0.0031279403432908		33G1B11	7.7	1	0.025	2025-10-31
N17	0	0.00368139775228404	0	1.55791183741728	0.910007054037225	0.728809148041117	0.728875	0.00458819334063837		33G1B11	8	1	0.025	2025-10-31
N18	0	0.00376140892194372	0	1.26104755086039	0.740880774780339	0.746515594575093	0.743374999999999	0.00487075156858618		33G1B11	8.3	1	0.025	2025-10-31
N19	0	0.0000170059178576364	0	5.7243835488515	0.712717718170002	0.189761223247966	0.1905	0.00436782675113413		33G1B11	8.6	1	0.013	2025-10-31
N2	0	0.00892183182535114	0	14271.3154020916	1039.71548161658	0.437059098951808	0.435124999999998	0.000706324989404509		33G1B11	3.5	1	0.012	2025-10-31
N20	0	0.00126105378107089	0	0.566788240359804	0.23441409181224	0.380639375132265	0.3345	0.00572580637311367		33G1B11	8.9	1	0.017	2025-10-31
N21	0	0.00183259217964514	0	1.69215765825098	1.23944294669155	0.30098833203888	0.301249999999999	0.00392796614772		33G1B11	9.2	1	0.015	2025-10-31
N22	0	0.00752790797517301	0	-0.00695888577220558	0.64813593965705	0.71340088877731	0.710625	0.00472577007460106	questionable fit	33G1B11	9.5	1	0.023	2025-10-31
N23	0	0.0088663835341604	0	-22.0631758354614	25.4919518879076	0.286353543580289	0.237874999999999	0.00290590238503214	questionable fit (k < n0)	33G1B11	9.8	1	0.015	2025-10-31
N24	0	0.00824476695883589	0	-8.1021422709675	20.2133633558496	0.169882300544102	0.143	0.00249677375314628	questionable fit (k < n0)	33G1B11	10.1	1	0.017	2025-10-31
N3	0	0.00980359844002872	0	8.94388388403832	9.21462313251038	0.999752712246675	0.99775	0.000578853735417305		33G1B11	3.8	1	0.03	2025-10-31
N4	0	0.00638896336660965	0	27.9030008680749	8.832705322399	1.35213551746968	1.352625	0.00104583385423353		33G1B11	4.1	1	0.052	2025-10-31
N5	0	0.00655692320715545	0	19.027967630756	6.70149518945574	1.5175820689984	1.516375	0.00108577937122212		33G1B11	4.4	1	0.05	2025-10-31
N6	0	0.00402891511569643	0	21.5785745861651	5.68168870954286	1.58389980482075	1.586375	0.0012106428066353		33G1B11	4.7	1	0.057	2025-10-31
N7	0	0.0043360708453358	0	19.9359932514766	5.60984484350763	1.53884969524078	1.539	0.00176918378983021		33G1B11	5	1	0.054	2025-10-31
N8	0	0.0042104712964807	0	17.9077790947166	5.32605903257415	1.41253906340706	1.41375	0.000967644602519686		33G1B11	5.3	1	0.046	2025-10-31
N9	0	0.00735800530628665	0	18.2531595557748	6.84619434885068	1.56627190142055	1.567875	0.0013133263604569		33G1B11	5.6	1	0.051	2025-10-31
O1	0	0.00493301364662129	0	-13.0298509839752	39.8668668002503	0.115674435629233	0.0958750000000001	0.00104155639661234	questionable fit (k < n0)	33G4B08	3.2	1	0.00699999999999999	2025-10-31
O10	0	0.00732901430301419	0	22.5578638478708	11.7817454452757	0.875567958187876	0.8745	0.00130324142079427		33G4B08	5.9	1	0.03	2025-10-31
O11	0.123711699581349	0.0118930040753656	0.0199796046679728	112.160799592365	34.692737523033	0.896127224928715	0.893874999999999	0.00117996454473556		33G4B08	6.2	1	0.026	2025-10-31
O12	0	0.0093778082990749	0	940.976066657986	40.716635016043	0.700656247821412	0.699624999999999	0.00213711624548454		33G4B08	6.5	1	0.027	2025-10-31
O13	0	0.0041545610088134	0	26.9233878829629	7.53793321471676	1.1696370053699	1.165125	0.00166972944574571		33G4B08	6.8	1	0.046	2025-10-31
O14	0	0.00929956768969221	0	507.245893841399	22.0514944801776	1.05040745371922	1.048625	0.00177812195228678		33G4B08	7.1	1	0.043	2025-10-31
O15	0	0.00695526730461274	0	2.5807238957714	1.82016105158158	1.14386579575617	1.142375	0.00248490598861847		33G4B08	7.4	1	0.033	2025-10-31
O16	0	0.00673576693275336	0	7.00881849022568	5.81169688486291	0.851745248459711	0.848624999999999	0.00215481594680759		33G4B08	7.7	1	0.028	2025-10-31
O17	0	0.00675937240870483	0	3.05128907073912	2.17049237814678	1.08917212715675	1.087125	0.00173751388711457		33G4B08	8	1	0.028	2025-10-31
O18	0	0.00520610353020209	0	4.77855550674261	2.935103791757	0.899620701640422	0.897124999999999	0.00147031620835759		33G4B08	8.3	1	0.024	2025-10-31
O19	0	0.000438961587316877	0	5.22677422311556	1.00492892852885	0.712238789656801	0.7105	0.00128483847206533		33G4B08	8.6	1	0.019	2025-10-31
O2	0	0	0	0	0	0	0	0	cannot fit data	33G4B08	3.5	1	0.00800000000000001	2025-10-31
O20	0	0.00999065484021479	0	-26.2280509592625	26.1926878389195	0.343425300939099	0.26175	0.00358468245113632	questionable fit (k < n0)	33G4B08	8.9	1	0.014	2025-10-31
O21	0	0.00325626880448305	0	3.44020899808889	1.42588626959819	0.914619975953838	0.913625	0.00190604624180919		33G4B08	9.2	1	0.025	2025-10-31
O22	0	0.005389569462689	0	-0.936588609345744	0.895500999146923	0.38155551131912	0.368374999999999	0.00206950675200472	questionable fit	33G4B08	9.5	1	0.013	2025-10-31
O23	0	0.00883330360130825	0	-11.6722142136597	31.5150208511465	0.203116887706771	0.151125	0.00232024637271882	questionable fit (k < n0)	33G4B08	9.8	1	0.011	2025-10-31
O24	0	0.00141747957736288	0	24.9687760969503	8.08841230636622	0.315429014167641	0.3205	0.00259689392989937		33G4B08	10.1	1	0.016	2025-10-31
O3	0	0.00692093369078454	0	0.110175182478972	2.92644819322304	0.634244076116109	0.632874999999999	0.000375331201461867		33G4B08	3.8	1	0.014	2025-10-31
O4	0	0.00821264399170096	0	43.9589669047838	15.1864421543231	1.01488065359688	1.013625	0.00116147829550818		33G4B08	4.1	1	0.037	2025-10-31
O5	0	0.0070403994664538	0	51.3618296516468	17.4401432599078	0.786506662404577	0.78475	0.00138926850137735		33G4B08	4.4	1	0.028	2025-10-31
O6	0	0.00728642288313619	0	21.7373329911915	12.2935828094344	0.818671868771789	0.817	0.00145877901859483		33G4B08	4.7	1	0.026	2025-10-31
O7	0	0.00771034620319804	0	21.916780533216	12.4519911868125	0.858564633703106	0.856874999999999	0.00171146376424823		33G4B08	5	1	0.028	2025-10-31
O8	0	0.00725052914947962	0	18.0719450061891	10.2372662944599	0.897283436997868	0.895624999999999	0.00185815762205726		33G4B08	5.3	1	0.028	2025-10-31
O9	0	0.00630344058765272	0	18.7470646281707	9.08169689574915	0.913457216389547	0.913375	0.0014211766445597		33G4B08	5.6	1	0.029	2025-10-31
