sample	k	n0	r	t_mid	t_gen	auc_l	auc_e	sigma	note	strain	pH	replicate	max.OD	date
A1	0	0.013754514387081	0	-0.4816302826284	0.468552516899468	0.982564339795383	0.9350125	0.00396897329665736	questionable fit	02G3A08	3.2	1	0.0247	2024-30-04
A10	0.131578110745845	0.0252521272981213	0.0723769476977823	19.86266808247	9.5769053905707	3.56109906387089	3.5558875	0.00578544307588197		02G3A08	5.9	1	0.1178	2024-30-04
A11	0.130014054264564	0.0103479466274987	0.191937114544211	12.753746598282	3.6113243767676	4.55304665177238	4.595825	0.0164771117110193		02G3A08	6.2	1	0.1623	2024-30-04
A12	0.101598220534414	0.0139207676616008	0.264649728445731	6.9536552401998	2.6191116258866	4.13396245278789	4.144275	0.0174935836976453		02G3A08	6.5	1	0.1392	2024-30-04
A13	0.134551780668545	0.0210414101578682	0.0920269343380578	18.3142229682276	7.53200338081124	3.86308981652752	3.8572625	0.00747195891570735		02G3A08	6.8	1	0.135	2024-30-04
A14	0.26201777038556	0.0202748355945275	0.0595712516188053	41.6055454618564	11.6355987447666	3.64269384607868	3.65385	0.00804748732792175		02G3A08	7.1	1	0.147	2024-30-04
A15	0	0.025112630993544	0	-0.0876424139989959	8.30510449120941	2.00916789661711	2.0059625	0.00337731287352647	questionable fit	02G3A08	7.4	1	0.0553	2024-30-04
A16	0	0	0	0	0	0	0	0	cannot fit data	02G3A08	7.7	1	0.0415	2024-30-04
A17	0	0.00926135744564805	0	0.664804275150154	0.520724971254332	1.49862821087504	1.47445	0.00293961462635264		02G3A08	8	1	0.0391	2024-30-04
A18	0	0.0346825936003657	0	-35.0629978124691	12.6554948883166	1.50666946930758	1.47725	0.00370408879544746	questionable fit (k < n0)	02G3A08	8.3	1	0.0432	2024-30-04
A19	0	0.00211842216546385	0	1.07521964395502	0.309936336059025	1.20439845435846	1.2045875	0.00413376660294338		02G3A08	8.6	1	0.0405	2024-30-04
A2	0	0.00894257132790487	0	-0.0913641450907626	0.794490737546654	0.816140060799487	0.8132875	0.000629350063202672	questionable fit	02G3A08	3.5	1	0.0186	2024-30-04
A20	0	0.00431850738588993	0	0.760353568367232	0.346943940624934	1.13832618677846	1.13785	0.00491954676705929		02G3A08	8.9	1	0.0367	2024-30-04
A21	0	0.0150054978983636	0	-12.9310864481965	11.2074029781728	0.925722603861343	0.924475	0.00815224900717025	questionable fit	02G3A08	9.2	1	0.0356	2024-30-04
A22	0	0.00479801674977026	0	0.612778080742308	0.278072155811548	1.27796869848664	1.1107375	0.00885054372654876		02G3A08	9.5	1	0.0326	2024-30-04
A23	0	0.00908212924697756	0	0.357765544386684	0.579210169022605	1.0915637706667	1.0895375	0.00324404351989925		02G3A08	9.8	1	0.0305	2024-30-04
A24	0	0.00629477575553129	0	1.06753008605432	0.90720818721096	0.95754342933078	0.95655	0.0017370261335341		02G3A08	10.1	1	0.0261	2024-30-04
A3	0	0.0214838638672466	0	-21.8670318083719	9.26433449673013	0.882711568503484	0.8567125	0.00195187059399361	questionable fit (k < n0)	02G3A08	3.8	1	0.0229	2024-30-04
A4	0	0.0171648163096637	0	-43.3763475037896	21.5921006849459	0.71472604798345	0.682375	0.00247732845492437	questionable fit (k < n0)	02G3A08	4.1	1	0.0216	2024-30-04
A5	0	0.0232118591766264	0	-35.6145214926659	19.6576969796478	0.932778821717722	0.88535	0.0028628502195366	questionable fit (k < n0)	02G3A08	4.4	1	0.0279	2024-30-04
A6	0	0	0	0	0	0	0	0	cannot fit data	02G3A08	4.7	1	0.0317	2024-30-04
A7	0	0.0307075734503035	0	2651.84657289326	143.038899185565	1.66723021977792	1.6628625	0.00301105597927902		02G3A08	5	1	0.0411	2024-30-04
A8	0	0.0239543242546915	0	16.5407931829772	12.7263408995897	2.3561166235718	2.3535625	0.00293305277217698		02G3A08	5.3	1	0.0683	2024-30-04
A9	0.183442875718858	0.0280361118287977	0.0527895155253182	32.4411496910536	13.1303948078006	3.57003865951053	3.5695125	0.00435955343503174		02G3A08	5.6	1	0.1251	2024-30-04
B1	0	0.0206	0	-10.7840002687522	10.4873238970615	0.60990500397773	0.57215	0.00129746144186268	questionable fit (k < n0)	08G1A03	3.2	1	0.0206	2024-30-04
B10	0.2722429079231	0.00440694967139092	0.449620206337506	9.13480282579203	1.54162818038395	10.6252655771594	10.6475	0.00411979617864761		08G1A03	5.9	1	0.2765	2024-30-04
B11	0.423268761864648	0.00784066449084997	0.383192526849764	10.3602906712611	1.8088744742971	15.9955965882142	16.0238875	0.0119370179427974		08G1A03	6.2	1	0.4379	2024-30-04
B12	0.285517963981758	0.0093707221168959	0.373452219647358	9.05964369817277	1.85605318188889	11.1496827148104	11.1688125	0.0104869170723543		08G1A03	6.5	1	0.2979	2024-30-04
B13	0.256858642409528	0.00746947955320306	0.396665216166138	8.8442069315349	1.74743625684998	10.0896944209087	10.106875	0.00722443639475955		08G1A03	6.8	1	0.2637	2024-30-04
B14	0.247550024222202	0.00497139355082881	0.421622781541424	9.22062536675878	1.64399840546056	9.63736531431494	9.675475	0.00902732394341378		08G1A03	7.1	1	0.2551	2024-30-04
B15	0.227852141032943	0.00701992703701215	0.379801466997053	9.08013969338568	1.82502502173148	8.89470698674981	8.914875	0.00592043683942769		08G1A03	7.4	1	0.2328	2024-30-04
B16	0.203909009891132	0.00810133188894849	0.347648769569527	9.16184592820587	1.99381456582812	7.93639668627815	7.955725	0.00592981299242426		08G1A03	7.7	1	0.208	2024-30-04
B17	0.186135305956464	0.00829860874519542	0.33741357687737	9.08314907321897	2.05429546426303	7.25581644171265	7.272225	0.00495501552487297		08G1A03	8	1	0.1879	2024-30-04
B18	0.180494203911536	0.00770135278668677	0.326850667893794	9.51718258598882	2.12068460813173	6.95789622957868	6.9733625	0.00409451530801971		08G1A03	8.3	1	0.183	2024-30-04
B19	0.139955220032405	0.0059359105418602	0.329879109593296	9.44880522679293	2.10121574965604	5.40500736789749	5.43235	0.0119999448153629		08G1A03	8.6	1	0.1652	2024-30-04
B2	0	0.0104598084557785	0	-21.3377771667908	13.0235015902076	0.39056751576784	0.3563125	0.00138977819600592	questionable fit (k < n0)	08G1A03	3.5	1	0.0114	2024-30-04
B20	0	0.00886597535277294	0	5.81079838794359	2.08879894696293	2.93194469355265	2.9297375	0.00388404310501319		08G1A03	8.9	1	0.0826	2024-30-04
B21	0	0.00925962047575397	0	3.33536316043878	1.85688443851955	1.83016066362723	1.8298125	0.00289509019229682		08G1A03	9.2	1	0.0466	2024-30-04
B22	0	0.012065124139885	0	4.14254136291159	3.32914948434682	1.72212181989855	1.7202625	0.00161686534023353		08G1A03	9.5	1	0.0496	2024-30-04
B23	0	0.0141427260820194	0	1.12479520887988	3.70447176320771	1.38729763339443	1.3843125	0.00126996456970818		08G1A03	9.8	1	0.0358	2024-30-04
B24	0	0.0108751372048124	0	1.57950178913999	4.02215429517052	1.09001371687329	1.0884625	0.00115088607987818		08G1A03	10.1	1	0.0273	2024-30-04
B3	0	0.0161167470298176	0	-7.64723224813253	3.51623496224559	0.928886910379911	0.9254	0.000287990785561425	questionable fit	08G1A03	3.8	1	0.02	2024-30-04
B4	0	0.00450149126027085	0	9.60642742149777	2.48590079086163	2.68726481018812	2.71015	0.00552255337687695		08G1A03	4.1	1	0.0782	2024-30-04
B5	0.120837044569014	0.00544715540098332	0.386196775650442	7.90587441317715	1.79480312696171	4.85455713037607	4.87445	0.00395099233985624		08G1A03	4.4	1	0.1239	2024-30-04
B6	0.196640134414377	0.00808605121867097	0.316673595980172	9.94476462129547	2.18883793710211	7.49638921694285	7.4987875	0.00295614097597794		08G1A03	4.7	1	0.2003	2024-30-04
B7	0.249770868525177	0.00771292943447553	0.347768924288915	9.90968084418482	1.99312569970772	9.54121010691864	9.5480375	0.00363502998606858		08G1A03	5	1	0.2559	2024-30-04
B8	0.257930147254065	0.00555571739747515	0.38585597644119	9.88992393872345	1.79638834923059	9.86669641261459	9.87005	0.00416426527673139		08G1A03	5.3	1	0.264	2024-30-04
B9	0.379376937986447	0.00444341165253871	0.435650191603145	10.1809349818748	1.59106364216033	14.4131914495715	14.456025	0.00788318611814315		08G1A03	5.6	1	0.3864	2024-30-04
C1	0	0	0	0	0	0	0	0	cannot fit data	09D09	3.2	1	0.0227	2024-30-04
C10	0.302090950820774	0.014063496009395	0.360923066417743	8.36597485989575	1.92048457151718	11.9935135722849	11.9859375	0.0164809757254983		09D09	5.9	1	0.3262	2024-30-04
C11	0.475308728256698	0.017720880573167	0.311202290908537	10.4473049857634	2.22732030196932	17.886033557398	17.9006	0.00977703619486552		09D09	6.2	1	0.4842	2024-30-04
C12	0.319028032381169	0.0216275169134881	0.287780788017866	9.10802055347978	2.40859435174287	12.3935416438732	12.4076625	0.0167065454251841		09D09	6.5	1	0.3415	2024-30-04
C13	0.29619196801463	0.0278151797800401	0.281006699159723	8.06674723137152	2.46665713889605	11.7831332330203	11.7748875	0.0135487423659384		09D09	6.8	1	0.3115	2024-30-04
C14	0.289233647791768	0.0231678296495668	0.245125128403988	9.95809392267945	2.82772796519489	10.9623510808026	10.9784625	0.0110329086967661		09D09	7.1	1	0.3049	2024-30-04
C15	0.233607293515207	0.0364055068487855	0.20631950467555	8.18879172235501	3.35958144941245	9.1553188351967	9.1427	0.00711294188505768		09D09	7.4	1	0.2469	2024-30-04
C16	0.194091465943589	0.0335503268390874	0.196643870718176	7.96111069821762	3.52488576444542	7.62301636401985	7.5959125	0.00976537242393088		09D09	7.7	1	0.2149	2024-30-04
C17	0.18525253197965	0.0252380368127774	0.303808162152149	6.07920517666585	2.28152915856426	7.71363020937367	7.7028125	0.00734952325773495		09D09	8	1	0.1986	2024-30-04
C18	0.157281896764458	0.0261015475658101	0.217960786836894	7.40765577604143	3.18014625758644	6.28500539990036	6.2678875	0.00754995871065592		09D09	8.3	1	0.1739	2024-30-04
C19	0.124287805908423	0.015401428803018	0.386723240140012	5.05747893874261	1.79235977726343	5.31953690152163	5.3172375	0.00510666500964236		09D09	8.6	1	0.1357	2024-30-04
C2	0	0.0153867243521512	0	-9.69687015849239	4.88748057531551	0.898514551713838	0.8959375	0.000596545323377721	questionable fit	09D09	3.5	1	0.0203	2024-30-04
C20	0.099236427194547	0.0133679044836326	0.293083112151655	6.34618849574242	2.36501917654429	4.10440619260139	4.0988625	0.00452302501277771		09D09	8.9	1	0.1069	2024-30-04
C21	0.136838973869217	0.0174094658723336	0.122392772048172	15.7338721879009	5.66330159012275	4.31128380855653	4.321675	0.00847995637407191		09D09	9.2	1	0.1454	2024-30-04
C22	0	0.0113682416988084	0	4.22511150260264	2.52147285225484	2.04971813937308	2.0486	0.00385753765530144		09D09	9.5	1	0.0668	2024-30-04
C23	0	0.0156726460399936	0	2.76058493814409	2.18225033523141	2.36524385846337	2.36405	0.00763618902672293		09D09	9.8	1	0.0748	2024-30-04
C24	0	0.0102553173555565	0	4.03699646921765	2.80287708519438	1.63367108108505	1.6336375	0.00551825733897141		09D09	10.1	1	0.0601	2024-30-04
C3	0	0.0199407592094548	0	-0.653495330324099	0.954490348303353	1.5375687137825	1.532975	0.000667019088105842	questionable fit	09D09	3.8	1	0.0341	2024-30-04
C4	0	0.0128752643378294	0	7.73420192707043	3.65179152881695	2.70757575408588	2.708425	0.0023709881949124		09D09	4.1	1	0.0705	2024-30-04
C5	0.137216695335383	0.00641298139394613	0.517408265686141	5.82784186837271	1.33965231429141	5.8014359792809	5.8200125	0.0077740052704058		09D09	4.4	1	0.1523	2024-30-04
C6	0.160453389092204	0.00505512448954322	0.551607861481249	6.21018848824706	1.25659409330863	6.72805118147791	6.7456	0.00385138423672416		09D09	4.7	1	0.1673	2024-30-04
C7	0.222717361529074	0.01113254674304	0.446304353525098	6.59808257164237	1.55308182652752	9.23981858163857	9.249075	0.0066062879046948		09D09	5	1	0.2296	2024-30-04
C8	0.254175291940841	0.0098819564661775	0.429430655173794	7.46956265024394	1.61410735868268	10.329129177173	10.336175	0.00896140030681517		09D09	5.3	1	0.2664	2024-30-04
C9	0.404195057649327	0.0152531906516267	0.351878107998459	9.20387234227406	1.96985025440395	15.7177440205453	15.707775	0.00812777027824996		09D09	5.6	1	0.4168	2024-30-04
D1	0	0.0182386363676401	0	-19.5666081034065	5.04271506146094	0.828082180158011	0.8145	0.000529771939973096	questionable fit (k < n0)	12G1A05	3.2	1	0.0203	2024-30-04
D10	0.278607545909793	0.0117685039338391	0.293564395449028	10.6321436836231	2.3611418527091	10.4256666474358	10.4185625	0.0098134011185607		12G1A05	5.9	1	0.2873	2024-30-04
D11	0.442020468154954	0.0157340697278904	0.278685336596365	11.8387391668472	2.48720362910184	16.0148742473277	16.0164875	0.00843103357518787		12G1A05	6.2	1	0.4491	2024-30-04
D12	0.285452385121334	0.0173433261463649	0.272295780992426	10.0559254057789	2.54556709631585	10.8225601165759	10.8106625	0.00693290040326563		12G1A05	6.5	1	0.2925	2024-30-04
D13	0.289800150428579	0.018660812369475	0.278826653932229	9.59810363811347	2.48594304305076	11.117598689751	11.1170875	0.00772798495701685		12G1A05	6.8	1	0.2974	2024-30-04
D14	0.286536429345863	0.0182164502862632	0.274304310025577	9.80609882525464	2.52692777774915	10.9325850399217	10.924575	0.00794615264250504		12G1A05	7.1	1	0.2939	2024-30-04
D15	0.259747253677541	0.0167729345174768	0.316533265765558	8.44520781144501	2.18980832514877	10.271350981102	10.2741625	0.00943980682795179		12G1A05	7.4	1	0.271	2024-30-04
D16	0.223355469477289	0.0150796112161	0.315169309107413	8.33050613105056	2.19928514779246	8.85547215977538	8.848075	0.00854457438780268		12G1A05	7.7	1	0.2374	2024-30-04
D17	0.213552274357166	0.0102679632139388	0.382204431282973	7.8114658594139	1.81355087441872	8.5974716666793	8.6094	0.0078618470708353		12G1A05	8	1	0.2223	2024-30-04
D18	0.208078925733524	0.0102620567656551	0.342974875887896	8.62712875601441	2.020985294522	8.20353977682057	8.214825	0.00841275852145466		12G1A05	8.3	1	0.2192	2024-30-04
D19	0.138386684912672	0.00690222525542797	0.393569075790476	7.48799890033559	1.76118303799091	5.61597048405098	5.6354125	0.00800685125238137		12G1A05	8.6	1	0.1594	2024-30-04
D2	0	0.0119458589324792	0	-5.36595233050475	3.01300166239429	0.726216490022939	0.7238375	0.000356463989669401	questionable fit	12G1A05	3.5	1	0.0161	2024-30-04
D20	0.113088508129983	0.0123014515895092	0.239510111617141	8.78164456202816	2.89402053165901	4.4033940665175	4.3979625	0.0041559920026947		12G1A05	8.9	1	0.1203	2024-30-04
D21	0.116152370174199	0.0175141878567619	0.126472432358339	13.6665920934966	5.48061872168335	3.87257230395261	3.8726125	0.00699381265212573		12G1A05	9.2	1	0.1207	2024-30-04
D22	0	0.015577355350539	0	5.57007071085749	6.23763790038309	1.72817147853073	1.72395	0.00454966516944466		12G1A05	9.5	1	0.0488	2024-30-04
D23	0	0.0155591667420262	0	11.2112160195115	7.25849288676017	2.08463850836661	2.083175	0.0048014560778569		12G1A05	9.8	1	0.0583	2024-30-04
D24	0	0.0135578702731283	0	579.314747937775	28.0829508663019	1.25569831833421	1.2529375	0.00871612378425765		12G1A05	10.1	1	0.049	2024-30-04
D3	0	0.0165891463651539	0	-4.62659988627467	3.06270397204803	1.05042868926877	1.0469	0.000434939398328516	questionable fit	12G1A05	3.8	1	0.023	2024-30-04
D4	0.0932738472348695	0.00752124896590572	0.155661596550694	15.6347758854213	4.45291064668099	2.9908363307063	2.9894	0.00469305814332945		12G1A05	4.1	1	0.0953	2024-30-04
D5	0.152849325681924	0.00391968539826178	0.43878690913926	8.2898156502792	1.57968974489154	6.09115277560438	6.1164375	0.00674560423156647		12G1A05	4.4	1	0.1655	2024-30-04
D6	0.194113386078589	0.0058893953710618	0.387585653212938	8.93861608632519	1.78837161492955	7.60567601525773	7.6197125	0.00440497032216303		12G1A05	4.7	1	0.1994	2024-30-04
D7	0.243922951136322	0.0123312000643898	0.319195465111184	9.18823669893424	2.17154457479057	9.47615682729042	9.480975	0.00427220598565746		12G1A05	5	1	0.25	2024-30-04
D8	0.249466171971962	0.007527667036104	0.336494806036588	10.3124872911348	2.05990454570219	9.42887032389527	9.4303625	0.00272091815284628		12G1A05	5.3	1	0.2523	2024-30-04
D9	0.444055260874616	0.0138765623994377	0.282037638018855	12.1756779189906	2.45764070862629	15.9467410424343	15.9633625	0.00830918712311825		12G1A05	5.6	1	0.4541	2024-30-04
E1	0	0.0085891792166036	0	-6.58346243491259	2.05220066103783	0.455901690283503	0.454175	0.000301689388561417	questionable fit	19G3B04	3.2	1	0.0102	2024-30-04
E10	0	0.00648393492795645	0	15.9328472788435	5.75323577068104	1.58662815659914	1.5848625	0.00175989575872393		19G3B04	5.9	1	0.051	2024-30-04
E11	0.120651770167193	0.00689193245697692	0.154643869061762	18.1302888892738	4.48221571773475	3.58946440110746	3.6246	0.0137204205255558		19G3B04	6.2	1	0.1573	2024-30-04
E12	0	0.0179684485325183	0	564.244374855226	23.8911405360807	1.8881747821538	1.8875375	0.00383941745511578		19G3B04	6.5	1	0.0719	2024-30-04
E13	0.108465551019135	0.0112356417110319	0.058736403566135	36.7402023430331	11.8009809671014	1.80220442130181	1.8020375	0.00265039338255881		19G3B04	6.8	1	0.0711	2024-30-04
E14	0	0.0138604289475527	0	572.87856993311	24.4317762704262	1.42918099884829	1.4298875	0.0034729168547107		19G3B04	7.1	1	0.054	2024-30-04
E15	0	0.0109058137782239	0	340.800817111718	13.6409343717291	2.27053874489596	2.283675	0.00454542435135761		19G3B04	7.4	1	0.1226	2024-30-04
E16	0	0.0206652373203909	0	-70.4641733682508	21.20609498353	0.944540329542505	0.9249625	0.00286741882065955	questionable fit (k < n0)	19G3B04	7.7	1	0.0271	2024-30-04
E17	0	0.0108943054738423	0	466.187755609937	17.135312415686	1.62315546145237	1.65535	0.00641278551933183		19G3B04	8	1	0.0846	2024-30-04
E18	0	0.00230161585659599	0	0.652906514093084	0.236502266831095	0.850247406522368	0.783225	0.00551689350340177		19G3B04	8.3	1	0.0275	2024-30-04
E19	0	0.00412935823151839	0	3.00845298812801	2.22021287849048	0.648437283897834	0.6485125	0.00281635438287622		19G3B04	8.6	1	0.0232	2024-30-04
E2	0	0.00259999999999999	0	-5.99777656334182	4.83298744443323	0.078047999241977	0.0682375	0.00043963545262101	questionable fit (k < n0)	19G3B04	3.5	1	0.00259999999999999	2024-30-04
E20	0	0.00156462822870694	0	1.09507922637006	0.345370287824044	0.736565782207096	0.7365375	0.00299328429174858		19G3B04	8.9	1	0.0261	2024-30-04
E21	0	0.00434174799937821	0	0.846364929732011	0.653656244410157	0.70518425987798	0.70475	0.002934617632277		19G3B04	9.2	1	0.0213	2024-30-04
E22	0	0.000836809880533332	0	1.02723523607582	0.247484812425488	0.740301009601894	0.6903	0.00446506570090768		19G3B04	9.5	1	0.0217	2024-30-04
E23	0	0.0192417826726431	0	-21.1958203775773	10.4891325460528	0.758729938500326	0.732875	0.00269236623589694	questionable fit (k < n0)	19G3B04	9.8	1	0.0243	2024-30-04
E24	0	0.00344069251436107	0	1.2331891274634	0.72541331911204	0.682516553331734	0.682	0.00294360530986158		19G3B04	10.1	1	0.0239	2024-30-04
E3	0	0.00525655238525798	0	-1.78197061447702	0.848093291961741	0.310755092539165	0.309575	0.000329574090354138	questionable fit	19G3B04	3.8	1	0.0074	2024-30-04
E4	0	0.00184151571492997	0	42.2765886428964	8.3145460260267	0.726278653876339	0.725425	0.000638366136835391		19G3B04	4.1	1	0.0405	2024-30-04
E5	0	0.0044362704730312	0	19.6258366858277	5.51263460966006	1.5974864186727	1.5930625	0.00210242743593097		19G3B04	4.4	1	0.0602	2024-30-04
E6	0.088072394111199	0.00832884942938937	0.0941716162473793	23.9890803733221	7.36046813446546	2.13046117131636	2.1186	0.00362695690829629		19G3B04	4.7	1	0.0833	2024-30-04
E7	0	0.0071657229526596	0	16.3246479124278	4.85527718298608	2.53061464896801	2.5236625	0.00295764838166508		19G3B04	5	1	0.0853	2024-30-04
E8	0	0.00532004380065694	0	17.3938242181378	4.97800635737823	1.97708383950053	1.9675875	0.0021648200537166		19G3B04	5.3	1	0.0679	2024-30-04
E9	0.108644436909327	0.00680809283296201	0.173474267669874	15.5945608775279	3.99567722562185	3.5040259243225	3.5206625	0.00439597903217632		19G3B04	5.6	1	0.114	2024-30-04
F1	0	0	0	0	0	0	0	0	cannot fit data	23D08	3.2	1	0.0107	2024-30-04
F10	0.197253049374339	0.00656835058011417	0.0734543776123138	45.8564708340603	9.43643119840071	2.01146042683516	2.02235	0.00303456984506338		23D08	5.9	1	0.1053	2024-30-04
F11	0.452295058866878	0.0103710576434292	0.054512613302051	68.8302887965023	12.7153540909745	2.14101751919016	2.1445125	0.00245369952018238		23D08	6.2	1	0.1076	2024-30-04
F12	0	0.0109398842563033	0	537.5751607499	21.0035325823238	1.29515600634285	1.2997125	0.00278086479754216		23D08	6.5	1	0.0527	2024-30-04
F13	0	0.00946460245354843	0	590.809407241458	24.6459089700944	0.968868681160228	0.9692625	0.00313242738677556		23D08	6.8	1	0.0395	2024-30-04
F14	0	0.0117285543270533	0	732.05866358381	32.9820058169986	0.978728501546383	0.9785	0.00327888491451989		23D08	7.1	1	0.0323	2024-30-04
F15	0	0.019219140586585	0	4761.28057099789	271.277820312457	0.985815797721679	0.9832125	0.00245625610138437		23D08	7.4	1	0.0255	2024-30-04
F16	0	0.00429618981832	0	0.737566213304459	0.540811646960316	0.724757133935016	0.724	0.00161413656518056		23D08	7.7	1	0.02	2024-30-04
F17	0	0.00468521034780149	0	0.442925129495238	0.301654946454328	0.84049663776778	0.8396875	0.00292831601611371		23D08	8	1	0.0255	2024-30-04
F18	0	0.00468571305603178	0	1.41080760753466	1.09813379400026	0.744614373831281	0.74405	0.00269123770914281		23D08	8.3	1	0.0228	2024-30-04
F19	0	0.000517979615294531	0	0.766712482931576	0.182390441802496	0.477149196142559	0.4781875	0.00614158418792066		23D08	8.6	1	0.0259	2024-30-04
F2	0	0.0054	0	-0.397812113083046	0.204264676825803	0.193152642154403	0.1832625	0.000891773721781563	questionable fit (k < n0)	23D08	3.5	1	0.0054	2024-30-04
F20	0	0.00288496720460658	0	4.88396370835	3.84475386271768	0.407476861739735	0.4062875	0.00250522822506128		23D08	8.9	1	0.0167	2024-30-04
F21	0	0.00245174831364011	0	0.689236937685076	0.279470544814707	0.759094753204982	0.754425	0.00184696706850526		23D08	9.2	1	0.0198	2024-30-04
F22	0	0.00315019324291605	0	0.915292031078413	1.4480249871035	0.37145346278804	0.3706375	0.00160916342607022		23D08	9.5	1	0.0121	2024-30-04
F23	0	0.00200862082723312	0	0.627029665681694	0.243646537606733	0.663597604829346	0.663225	0.00127825675792258		23D08	9.8	1	0.0172	2024-30-04
F24	0	0.00531358221728872	0	0.105387495974948	1.06054271844685	0.518226578724159	0.517325	0.00143603187592229		23D08	10.1	1	0.0147	2024-30-04
F3	0	0.0100841504974428	0	-54.6963845883015	17.7001490364715	0.453288517775854	0.4271375	0.00100251100242419	questionable fit (k < n0)	23D08	3.8	1	0.011	2024-30-04
F4	0	0.00489312009264643	0	-0.403045477011712	0.57257978202574	0.37751234546756	0.3763625	0.000740276653203173	questionable fit	23D08	4.1	1	0.00940000000000001	2024-30-04
F5	0	0.00827400255551704	0	0.55137675860521	2.16688828353961	0.829994647229224	0.82815	0.000869382387740582		23D08	4.4	1	0.0196	2024-30-04
F6	0	0.0118098816912039	0	2.81661721334077	6.90534948675992	1.09614743771454	1.0941125	0.000994850525178686		23D08	4.7	1	0.0281	2024-30-04
F7	0	0.0125099962099619	0	0.781628058743239	3.98358496369745	1.17606636340256	1.17335	0.0012709408190231		23D08	5	1	0.029	2024-30-04
F8	0	0.0116591028246087	0	628.77619399895	24.3558156288702	1.20533259948793	1.2092375	0.00364324025576783		23D08	5.3	1	0.0497	2024-30-04
F9	0	0.0120299773275302	0	536.291951783838	20.4558148484696	1.46287095690365	1.480275	0.00545749840532816		23D08	5.6	1	0.0688	2024-30-04
G1	0	0	0	0	0	0	0	0	cannot fit data	23G3B04	3.2	1	0.0072	2024-30-04
G10	0	0.0000000134067435608989	0	14.2986249585268	0.777401434134115	0.156435987509369	0.164	0.00143323000673553		23G3B04	5.9	1	0.00900000000000001	2024-30-04
G11	0	0.00291311133643581	0	29.3059184311078	7.97685721542236	0.80436185992414	0.806875	0.00165044390894745		23G3B04	6.2	1	0.0338	2024-30-04
G12	0	0.000648523908574702	0	17.3672032122493	3.91053153660949	0.450965369678668	0.4549875	0.00133895916266834		23G3B04	6.5	1	0.0193	2024-30-04
G13	0	0.00119271711703749	0	312.064938524465	12.1099108820254	0.308020494462637	0.31335	0.00186520964849665		23G3B04	6.8	1	0.0201	2024-30-04
G14	0	0.000482279255632737	0	9.29386577323467	2.66296581322885	0.22765602757579	0.22835	0.00120191375733678		23G3B04	7.1	1	0.0093	2024-30-04
G15	0	0.00208222200996225	0	-0.029495702286058	0.248514231617601	0.191862610209369	0.1602	0.00210665937112035	questionable fit	23G3B04	7.4	1	0.00649999999999999	2024-30-04
G16	0	0.000777592605513471	0	2.15730702496473	1.11486204331705	0.171304771841798	0.171125	0.00138633818896774		23G3B04	7.7	1	0.0071	2024-30-04
G17	0	0.00159193997456317	0	0.0883704043184218	0.263779293864782	0.17240111403991	0.1554375	0.00244458443536858		23G3B04	8	1	0.0079	2024-30-04
G18	0	0.00021996511321866	0	2.87825032767765	0.711228738686568	0.174510146399639	0.174675	0.0010755249861448		23G3B04	8.3	1	0.00750000000000001	2024-30-04
G19	0	0.000293410195247185	0	-35.0101849073864	325876.56745589	0.00889324614425254	0.00860000000000003	0.000362408961238144	questionable fit (k < n0)	23G3B04	8.6	1	0.00180000000000001	2024-30-04
G2	0	0.000519207421793707	0	4.26674421112363	1.56353925747008	0.172776143335616	0.17235	0.000314581465168463		23G3B04	3.5	1	0.0047	2024-30-04
G20	0	0	0	0	0	0	0	0	cannot fit data	23G3B04	8.9	1	0.002	2024-30-04
G21	0	0.000000127339321463443	0	0.194620728743956	0.014290028689531	0.0769318819871739	0.077	0.00117658898479189		23G3B04	9.2	1	0.0055	2024-30-04
G22	0	0.000146631596593262	0	4.33034037110617	1.01252575686535	0.130901197281415	0.131025	0.00121903708281969		23G3B04	9.5	1	0.0059	2024-30-04
G23	0	0.0000806228104135014	0	1.02728297320093	0.211968015827095	0.113188775694653	0.1104	0.00100772412767687		23G3B04	9.8	1	0.00499999999999999	2024-30-04
G24	0	0.00188648838072176	0	779.529403588433	41.3952153100603	0.139855172139001	0.1401	0.00229186322314101		23G3B04	10.1	1	0.011	2024-30-04
G3	0	0.00204627324397678	0	22607.2390866661	1866.8335689177	0.0995174437999248	0.0989	0.000274142475647076		23G3B04	3.8	1	0.00359999999999999	2024-30-04
G4	0	0	0	0	0	0	0	0	cannot fit data	23G3B04	4.1	1	0.00609999999999999	2024-30-04
G5	0	0.000591407655745299	0	463.379755693069	18.0504892688119	0.0826342521610783	0.0852874999999999	0.000725747145959927		23G3B04	4.4	1	0.00439999999999999	2024-30-04
G6	0	0.00227119782537162	0	21.9635040155201	8.08384353008254	0.443074594044978	0.4468	0.00175117594553913		23G3B04	4.7	1	0.0165	2024-30-04
G7	0	0.0000116605486287185	0	19.8143953901132	1.90594442756722	0.446317786634563	0.492275	0.00248815188400937		23G3B04	5	1	0.0184	2024-30-04
G8	0	0.0000207939330223114	0	15.4060829674446	1.73892255981231	0.317381151290197	0.3279125	0.00175270959583837		23G3B04	5.3	1	0.0132	2024-30-04
G9	0	0.00739398813000769	0	9.80261991163433	6.30129232256506	1.04481371609718	1.0499	0.00468807043871794		23G3B04	5.6	1	0.0324	2024-30-04
H1	0	0.00393813214331056	0	-1.07207908856305	0.674094002419085	0.251388275411895	0.2505625	0.00033619024004617	questionable fit	24G4A05	3.2	1	0.00609999999999999	2024-30-04
H10	0	0.00324782166894122	0	19.2229851892919	4.95535200120407	1.46127112134783	1.4513375	0.00164419367206478		24G4A05	5.9	1	0.0544	2024-30-04
H11	0.269215543849912	0.00000574899197671005	0.275382707166944	39.0519137557458	2.51703234270169	2.53842683663548	2.52175	0.00146068004395074		24G4A05	6.2	1	0.2515	2024-30-04
H12	0	0.00827580579240105	0	15.8146648373177	6.10853122384459	1.81466473246621	1.8084875	0.00316265003915831		24G4A05	6.5	1	0.0678	2024-30-04
H13	0	0.000740068706221591	0	30.1914691431738	4.65534330791023	1.2322086834661	1.240825	0.00230786352570474		24G4A05	6.8	1	0.0637	2024-30-04
H14	0.0876642259139533	0.0030890719535642	0.107398896853108	30.8175402625044	6.45395065377608	1.61186244554102	1.6204875	0.00214324362253698		24G4A05	7.1	1	0.0746	2024-30-04
H15	0	0.00134268749789214	0	1.97139758498176	0.880182714544434	0.353365143322092	0.353575	0.00273472096094769		24G4A05	7.4	1	0.0144	2024-30-04
H16	0	0.010029575293257	0	-2.28072396489937	0.271332179384074	0.482008782373363	0.420425	0.00370982632178998	questionable fit (k < n0)	24G4A05	7.7	1	0.0148	2024-30-04
H17	0	0.00128818040999255	0	1.45708894729286	0.690204187401869	0.318924081142374	0.3188875	0.00279218418104719		24G4A05	8	1	0.0143	2024-30-04
H18	0	0.000080292202170478	0	1.81474109175352	0.259029421116147	0.482373682098005	0.4749	0.0025707035544942		24G4A05	8.3	1	0.0147	2024-30-04
H19	0	0.00000000660118083934635	0	5.5189985997727	0.279630015325751	0.246161082038344	0.246625	0.00500048004093641		24G4A05	8.6	1	0.0161	2024-30-04
H2	0	0.00113529159455669	0	1.88909271158984	0.975754850539902	0.251968470662059	0.2517375	0.000358440885960994		24G4A05	3.5	1	0.00610000000000001	2024-30-04
H20	0	0.000193302635215859	0	3.24913973622813	0.806141632506681	0.150451257574294	0.1503875	0.00180114024447252		24G4A05	8.9	1	0.0067	2024-30-04
H21	0	0.00940327307982026	0	-42.036206576855	22.016008209912	0.387235493767936	0.317925	0.0042272092997739	questionable fit (k < n0)	24G4A05	9.2	1	0.0142	2024-30-04
H22	0	0.000170226743301757	0	2.24688440237599	0.421846497220871	0.321564984978726	0.3195875	0.00157791784685445		24G4A05	9.5	1	0.0096	2024-30-04
H23	0	0.00134163379628025	0	0.276195981111591	0.279961769126051	0.191034000169333	0.178475	0.00159161573747424		24G4A05	9.8	1	0.0063	2024-30-04
H24	0	0.00166832002551341	0	1.43970446758468	0.74204289444258	0.375380757681234	0.3752125	0.000954131304509731		24G4A05	10.1	1	0.0097	2024-30-04
H3	0	0.0032375161669148	0	0.114502509171074	0.26612251599428	0.363827926511199	0.3457125	0.00123672532010692		24G4A05	3.8	1	0.00900000000000001	2024-30-04
H4	0	0.00280210135346088	0	-0.675050976133931	0.411143976810247	0.177728933474698	0.1748125	0.000777692600502112	questionable fit	24G4A05	4.1	1	0.0054	2024-30-04
H5	0	0	0	0	0	0	0	0	cannot fit data	24G4A05	4.4	1	0.00600000000000001	2024-30-04
H6	0	0.00664596876674149	0	1323.37391512936	57.8638417109214	0.433506303510581	0.4324	0.000862273491013333		24G4A05	4.7	1	0.0147	2024-30-04
H7	0	0.00414161725698604	0	27.2309459621627	8.04000977598901	1.02866972917694	1.034625	0.00179313984189347		24G4A05	5	1	0.0391	2024-30-04
H8	0	0.00262033850707719	0	15.4329204071256	4.55769011937653	0.966850710422238	0.9723875	0.00147161809709702		24G4A05	5.3	1	0.0293	2024-30-04
H9	0	0.00186206737500764	0	22.4828940278643	4.17448316311255	2.04535817730416	2.0791375	0.00354628364942648		24G4A05	5.6	1	0.078	2024-30-04
I1	0	0	0	0	0	0	0	0	cannot fit data	25G3B04	3.2	1	0.017	2024-30-04
I10	0.276558288214439	0.00953305517464936	0.309318815706947	10.7739256043561	2.24088269242775	10.319059414552	10.3151	0.00309724747775875		25G3B04	5.9	1	0.2793	2024-30-04
I11	0.345770581490615	0.00933734825795078	0.345876646641764	10.3631668958823	2.00403001269369	13.0554024217245	13.0676625	0.0151630563700832		25G3B04	6.2	1	0.3666	2024-30-04
I12	0.252352382906135	0.0119167433532032	0.290059292005202	10.3582547080966	2.38967411031092	9.50731385476448	9.5061625	0.00667652811361751		25G3B04	6.5	1	0.261	2024-30-04
I13	0.238042763748075	0.0146227299099966	0.268693636948146	10.1471565509499	2.57969332073804	9.00200515971995	8.9854875	0.00548180273788533		25G3B04	6.8	1	0.2395	2024-30-04
I14	0.234857881197058	0.0134873366893761	0.287703028427326	9.72560755627719	2.4092453400609	8.98768245691086	8.98455	0.00777234453620793		25G3B04	7.1	1	0.2435	2024-30-04
I15	0.232794870549693	0.0199428984913332	0.239730099337834	9.87662312395213	2.89136484102125	8.83455047503023	8.8084875	0.0105064643430343		25G3B04	7.4	1	0.2503	2024-30-04
I16	0.217976754353768	0.0173164216762878	0.264340360058425	9.26819616103145	2.62217687986331	8.41793901248634	8.39835	0.00710064133052014		25G3B04	7.7	1	0.228	2024-30-04
I17	0.188670813177086	0.0113608211400354	0.368196106864064	7.46267769484885	1.88254891248986	7.65406808036776	7.6495375	0.00584877514636857		25G3B04	8	1	0.1985	2024-30-04
I18	0.180632173519347	0.00788676041254822	0.394227421545679	7.82957573460742	1.75824192503471	7.27169186407163	7.2792375	0.00763607297142942		25G3B04	8.3	1	0.1949	2024-30-04
I19	0.118516867599449	0.00538401945102986	0.510716208050966	5.96246510767587	1.35720615408934	4.99503835006948	5.0072125	0.0145039040991622		25G3B04	8.6	1	0.1441	2024-30-04
I2	0	0.0102810658838842	0	-41.1147155607133	13.801322135988	0.533435214644315	0.5311	0.000370016825551587	questionable fit	25G3B04	3.5	1	0.0129	2024-30-04
I20	0.102501217519232	0.00607172788199872	0.39021789225979	7.08621745674171	1.77630804304196	4.19814458678385	4.2056	0.00702899313484864		25G3B04	8.9	1	0.1191	2024-30-04
I21	0	0.0094497496821418	0	5.63375410660445	2.04461957931046	3.08847228482175	3.087725	0.00362905618645334		25G3B04	9.2	1	0.0823	2024-30-04
I22	0	0.00832805163389858	0	6.80846555701369	2.74633241030732	2.23085832335172	2.2294125	0.00326774486737123		25G3B04	9.5	1	0.0604	2024-30-04
I23	0	0.00866557601663464	0	6.69531141062385	2.9250793309576	2.07723020013987	2.07755	0.00373177535102279		25G3B04	9.8	1	0.0625	2024-30-04
I24	0	0.0105899853075842	0	7.11936873693662	4.20715756763754	1.76785446320029	1.76645	0.0043455843921001		25G3B04	10.1	1	0.0522	2024-30-04
I3	0	0.0137210880610259	0	-3.63995447594548	6.51328587650499	0.999027383175129	0.99685	0.000447204400172538	questionable fit	25G3B04	3.8	1	0.0231	2024-30-04
I4	0.0921574329857173	0.00855346155003296	0.140032722839709	16.2801587891376	4.94989432829473	2.88501240509656	2.8848625	0.00351733393779979		25G3B04	4.1	1	0.0973	2024-30-04
I5	0.132648144803036	0.00419893348070446	0.423932829297508	8.06897410934112	1.63504011168125	5.31320443133324	5.3432625	0.00699316989981532		25G3B04	4.4	1	0.148	2024-30-04
I6	0.1843348276471	0.0068515859513332	0.358327684488009	9.08217863464394	1.93439471904142	7.19124065415576	7.206875	0.00590669693250309		25G3B04	4.7	1	0.1923	2024-30-04
I7	0.210188860188679	0.00750643004159117	0.358864758605294	9.18418512672451	1.93149971943141	8.17933195965376	8.194525	0.00472207449414232		25G3B04	5	1	0.2158	2024-30-04
I8	0.232118020585338	0.00611023848015653	0.377282684524248	9.57002210101992	1.83720909809047	8.95023745193139	8.9676375	0.00430904324508874		25G3B04	5.3	1	0.2367	2024-30-04
I9	0.323809437703196	0.00519556847176817	0.417485294464003	9.85944639879243	1.66029124798242	12.4023974075362	12.4310875	0.0133096284192283		25G3B04	5.6	1	0.3416	2024-30-04
J1	0	0.00140000000000001	0	-1.53964023898803	147828.60276649	0.00749110055393097	0.00602500000000001	0.000126531440472196	questionable fit (k < n0)	26G3A08	3.2	1	0.00140000000000001	2024-30-04
J10	0.181635011057773	0.000048088518584945	0.296815857764247	27.749347162199	2.33527677995726	3.71575474953167	3.6631125	0.00570323212965221		26G3A08	5.9	1	0.1891	2024-30-04
J11	0.255359566360114	0.000387329168247037	0.18689703548939	34.7230496835425	3.70871147712396	3.54518458463619	3.4644	0.00816255068682824		26G3A08	6.2	1	0.239	2024-30-04
J12	0.228369729712782	0.00000589682246301354	0.331098602458968	31.9067542890793	2.09347661213956	3.7239279527487	3.6763875	0.0062391632574646		26G3A08	6.5	1	0.2439	2024-30-04
J13	0.2003342966565	0.000000568242089713406	0.372047392274291	34.3315069504084	1.86306152106806	2.78136161160219	2.756825	0.00410129765717208		26G3A08	6.8	1	0.2112	2024-30-04
J14	0.202305631335833	0.00000207203489072349	0.353669429793196	32.4851188311162	1.95987304010204	3.18134913440915	3.17	0.00285773181732443		26G3A08	7.1	1	0.2092	2024-30-04
J15	0	0	0	0	0	0	0	0	cannot fit data	26G3A08	7.4	1	0	2024-30-04
J16	0	0.00000000000000268538567835569	0	11.2276181724171	0.314949931431799	0.0053489510568739	0.00547500000000001	0.000201817930372636		26G3A08	7.7	1	0.000899999999999998	2024-30-04
J17	0	0	0	0	0	0	0	0	cannot fit data	26G3A08	8	1	0	2024-30-04
J18	0	0.000300000000000009	0	-0.00010916763841682	0.0145663155631138	0.000074941435179383	0.0000750000000000021	0.0000217078301559304	questionable fit (k < n0)	26G3A08	8.3	1	0.000300000000000009	2024-30-04
J19	0	0	0	0	0	0	0	0	cannot fit data	26G3A08	8.6	1	0	2024-30-04
J2	0	0	0	0	0	0	0	0	cannot fit data	26G3A08	3.5	1	0	2024-30-04
J20	0	0	0	0	0	0	0	0	cannot fit data	26G3A08	8.9	1	0	2024-30-04
J21	0	0	0	0	0	0	0	0	cannot fit data	26G3A08	9.2	1	0	2024-30-04
J22	0	0	0	0	0	0	0	0	cannot fit data	26G3A08	9.5	1	0	2024-30-04
J23	0	0	0	0	0	0	0	0	cannot fit data	26G3A08	9.8	1	0	2024-30-04
J24	0	0	0	0	0	0	0	0	cannot fit data	26G3A08	10.1	1	0	2024-30-04
J3	0	0	0	0	0	0	0	0	cannot fit data	26G3A08	3.8	1	0	2024-30-04
J4	0	0	0	0	0	0	0	0	cannot fit data	26G3A08	4.1	1	0	2024-30-04
J5	0	0	0	0	0	0	0	0	cannot fit data	26G3A08	4.4	1	0	2024-30-04
J6	0	0.0000183322341970003	0	11.3571640945955	4.22553945637589	0.00490904071549248	0.00486250000000008	0.000112236796769358		26G3A08	4.7	1	0.000400000000000011	2024-30-04
J7	0	0	0	0	0	0	0	0	cannot fit data	26G3A08	5	1	0	2024-30-04
J8	0	0	0	0	0	0	0	0	cannot fit data	26G3A08	5.3	1	0	2024-30-04
J9	0	0.00000000000000023173800028256	0	43.1115709989479	1.17371795352663	0.000136633630154595	0.000149999999999997	0.0000240174105480233		26G3A08	5.6	1	0.000299999999999995	2024-30-04
K1	0	0.0284103729615065	0	-64.2389142094751	21.0039795098047	1.28310525742762	1.2427375	0.00199183933231761	questionable fit (k < n0)	28D04	3.2	1	0.0313	2024-30-04
K10	0.237368445378615	0.0149696026774767	0.239925949169863	11.2470148026461	2.88900464063272	8.70709949620224	8.6771125	0.0102796191178281		28D04	5.9	1	0.2549	2024-30-04
K11	0.424097544234612	0.0217782092989652	0.217877679117996	13.3851996870386	3.18135929924496	14.6631278159167	14.6023625	0.011538111531059		28D04	6.2	1	0.4314	2024-30-04
K12	0.254719906333671	0.0150895018566748	0.246488531109653	11.2179600479149	2.8120869455447	9.35699852459151	9.33385	0.00696405519765202		28D04	6.5	1	0.2675	2024-30-04
K13	0.225980345359601	0.0171022903339863	0.253303544102877	9.87960207808042	2.73642906582637	8.58943976654235	8.5775875	0.00427429044148795		28D04	6.8	1	0.2348	2024-30-04
K14	0.202137553835225	0.0132265133351286	0.284028575858114	9.36192004610511	2.44041353397556	7.80242887226024	7.7979125	0.00507858027599899		28D04	7.1	1	0.2135	2024-30-04
K15	0.173644371810422	0.00919425753528421	0.336598863062676	8.56814587268854	2.05926774158735	6.8537360940738	6.85965	0.00644834329411478		28D04	7.4	1	0.1893	2024-30-04
K16	0.158056094202808	0.00968316548541125	0.313506975285073	8.70583510871433	2.21094659833218	6.21037842741185	6.2130625	0.00701893678105791		28D04	7.7	1	0.173	2024-30-04
K17	0.158085879137773	0.0124920619471946	0.289967219906958	8.468982366147	2.39043289369866	6.23599591661511	6.2356	0.0068717924605762		28D04	8	1	0.1725	2024-30-04
K18	0.154679728468309	0.0141078768477077	0.239565778127649	9.59646862908872	2.89334806489186	5.90945268469382	5.9045625	0.00445502800874245		28D04	8.3	1	0.1653	2024-30-04
K19	0.146780641638689	0.013639811658901	0.209978565106427	10.8507008539864	3.30103779978031	5.41421042721311	5.4062	0.00267333065798265		28D04	8.6	1	0.1496	2024-30-04
K2	0	0.00481122501112706	0	0.166523886747739	0.120003228398048	0.834802634448969	0.829775	0.0033874723280565		28D04	3.5	1	0.0255	2024-30-04
K20	0.124780043179776	0.0205279671064648	0.120192985610053	13.5201198398309	5.76695201505975	4.15666893147199	4.1445125	0.00412225006307802		28D04	8.9	1	0.1293	2024-30-04
K21	0.113535652138378	0.017690501442533	0.0869199864857283	19.4397869813519	7.97454312390805	3.14709337852265	3.1450125	0.0039086987933918		28D04	9.2	1	0.1041	2024-30-04
K22	0	0.0139808937225263	0	7.62027701149147	5.57992214352273	1.8999197445353	1.8989125	0.00358481878968462		28D04	9.5	1	0.0575	2024-30-04
K23	0	0.016590425068367	0	11.6475436365798	9.14410730950251	1.85920247491351	1.8574625	0.00360493199186766		28D04	9.8	1	0.0557	2024-30-04
K24	0	0	0	0	0	0	0	0	cannot fit data	28D04	10.1	1	0.0318	2024-30-04
K3	0	0.0117741703338914	0	0.252707826828616	0.45420439701819	1.38483703542623	1.3829125	0.00408022729646816		28D04	3.8	1	0.0356	2024-30-04
K4	0	0.0118086341448437	0	8.614004110179	6.44962024534766	1.52342751684519	1.5237125	0.00269399804820226		28D04	4.1	1	0.0449	2024-30-04
K5	0.174974570990148	0.0183362174210265	0.135728640297783	15.8040444893018	5.10686012207306	5.54148724381858	5.54525	0.00229377888433904		28D04	4.4	1	0.1716	2024-30-04
K6	0.257482635068956	0.0126879855046712	0.222301179366479	13.3142081388466	3.11805444548382	8.92438047340682	8.9288875	0.00884289971936329		28D04	4.7	1	0.2695	2024-30-04
K7	0.277822753117201	0.0202343270208269	0.211232226932935	12.0435341747297	3.28144616294755	9.9461862356079	9.942475	0.00612865050720431		28D04	5	1	0.2878	2024-30-04
K8	0.25005547254319	0.0122389423773203	0.259439535790883	11.4357151442624	2.6717099167131	9.14474248089717	9.134575	0.00757471424417248		28D04	5.3	1	0.2675	2024-30-04
K9	0.420624259137867	0.0233020594877327	0.209432515268793	13.5423374312857	3.30964453953263	14.4646871725449	14.40565	0.0135419749412931		28D04	5.6	1	0.4308	2024-30-04
L1	0	0.00818609244661164	0	73783.414936507	6343.00346885808	0.395608001107621	0.39375	0.000521178482154288		28G3A07	3.2	1	0.0104	2024-30-04
L10	0.139217225299494	0.00142363872329367	0.149700871478711	30.5445165117882	4.63021473230714	2.5122671922478	2.5379625	0.00278407834084439		28G3A07	5.9	1	0.1351	2024-30-04
L11	0.148387171822207	0.00637562477329986	0.0914003224968826	33.9542158809072	7.58364042515919	2.43311639306471	2.4532625	0.00353900499988186		28G3A07	6.2	1	0.1112	2024-30-04
L12	0	0.00892809823842509	0	21.7499178086702	11.3726132311229	1.08765996380397	1.0849125	0.00168888474703599		28G3A07	6.5	1	0.0381	2024-30-04
L13	0	0.00782236352379912	0	1.86298024048679	5.02132933265582	0.757000560215658	0.755425	0.00189099385289891		28G3A07	6.8	1	0.0228	2024-30-04
L14	0	0.000868307437877157	0	0.649513381203931	0.178393195535693	0.556105242744906	0.5423375	0.00259521707744368		28G3A07	7.1	1	0.0159	2024-30-04
L15	0	0.00380386168461359	0	1.12319983150772	0.874344566767638	0.609654587049141	0.6088625	0.00175780454877391		28G3A07	7.4	1	0.0175	2024-30-04
L16	0	0.0045501904068108	0	0.919694002495661	1.0543661305024	0.600404631972288	0.5995	0.000937393587255152		28G3A07	7.7	1	0.0151	2024-30-04
L17	0	0	0	0	0	0	0	0	cannot fit data	28G3A07	8	1	0.0179	2024-30-04
L18	0	0.00723724883384015	0	0.337467497547307	1.44198983843983	0.733626458146717	0.7322	0.00112023742701823		28G3A07	8.3	1	0.0187	2024-30-04
L19	0	0.00146198340454953	0	0.367510298407649	0.271356276574263	0.248055504947535	0.23585	0.00242844641031916		28G3A07	8.6	1	0.0107	2024-30-04
L2	0	0	0	0	0	0	0	0	cannot fit data	28G3A07	3.5	1	0.0052	2024-30-04
L20	0	0.00326530907156618	0	0.564363037715676	0.828867135263132	0.399973313327543	0.3912125	0.00191719501416013		28G3A07	8.9	1	0.0115	2024-30-04
L21	0	0.00368186313685765	0	0.326481883946615	0.41846606891367	0.476196484408217	0.475475	0.00111617823638796		28G3A07	9.2	1	0.0128	2024-30-04
L22	0	0.00301697710849266	0	0.72858418250862	1.2017881006358	0.354579527700016	0.3540125	0.000749417215197902		28G3A07	9.5	1	0.01	2024-30-04
L23	0	0.00262502294531947	0	0.404372257269712	0.258136031287482	0.495944981670318	0.4842375	0.00157369563683719		28G3A07	9.8	1	0.0124	2024-30-04
L24	0	0.0104917236119351	0	0.0331359746368957	0.402217272751319	1.03206313017705	0.96335	0.00414720036955351		28G3A07	10.1	1	0.0252	2024-30-04
L3	0	0.00942592007008702	0	-42.767918016837	18.6670972383336	0.400650622368754	0.380275	0.00105091145230825	questionable fit (k < n0)	28G3A07	3.8	1	0.0119	2024-30-04
L4	0	0.00711165148948538	0	0.773771671066404	11.6968887243547	0.540030162054903	0.53885	0.000470664341253631		28G3A07	4.1	1	0.0141	2024-30-04
L5	0	0.00886559897034576	0	14.2274616838731	12.2224254682476	0.858038670493044	0.8567125	0.000913077458782071		28G3A07	4.4	1	0.0254	2024-30-04
L6	0	0.00857904433381166	0	469.27302678253	18.3038285689796	1.17905462479345	1.179525	0.00120926002751371		28G3A07	4.7	1	0.0504	2024-30-04
L7	0	0.00894250077010436	0	29.2622745645825	13.2715624479183	1.06529049358287	1.0647	0.00158117645644025		28G3A07	5	1	0.0393	2024-30-04
L8	0	0.0030890674808057	0	16.5821150424056	5.04266155242941	1.03142932170618	1.042375	0.00368117633435151		28G3A07	5.3	1	0.0374	2024-30-04
L9	0.129179740409113	0.00552544951390375	0.0865097329144708	35.9280393837769	8.01236065825375	1.96355626173942	1.97615	0.00242835560135495		28G3A07	5.6	1	0.0915	2024-30-04
M1	0	0.00399490032006938	0	-0.32265618235164	0.642328774636818	0.3251163380745	0.32435	0.00029619768190111	questionable fit	28G4B01	3.2	1	0.0074	2024-30-04
M10	0	0.000015682297747011	0	21.15350253446	2.09799464382149	0.460342158143525	0.4643125	0.000634258412146092		28G4B01	5.9	1	0.0181	2024-30-04
M11	0	0.000476561900747178	0	26.1770767030704	3.96306599641582	1.03519897969299	1.0479	0.00103484481353742		28G4B01	6.2	1	0.0455	2024-30-04
M12	0	0.00111461372599235	0	27.2038737704448	5.7134700640725	0.668226198793713	0.671675	0.000815371049104138		28G4B01	6.5	1	0.0297	2024-30-04
M13	0	0.000507419725589393	0	21.3570318839064	4.28762794248474	0.441936604717502	0.440775	0.000578454935768556		28G4B01	6.8	1	0.0173	2024-30-04
M14	0	0.000084405778112437	0	18.3409979519107	2.87106421264195	0.213291397017036	0.2161625	0.000471968301247739		28G4B01	7.1	1	0.0077	2024-30-04
M15	0	0.000328813340310239	0	19.2489826244931	4.12446162676885	0.249759728182657	0.24775	0.000723273255951096		28G4B01	7.4	1	0.01	2024-30-04
M16	0	0.00191839241214391	0	6.2858669916417	4.58845717311878	0.273418006876463	0.2730875	0.000970301696901592		28G4B01	7.7	1	0.0102	2024-30-04
M17	0	0.00264469468331537	0	26.9796678452272	11.6230554679607	0.354167109562471	0.353925	0.000998739808551374		28G4B01	8	1	0.0121	2024-30-04
M18	0	0.000516947373892205	0	10.2884466876601	3.7639716100641	0.146941583552838	0.1471625	0.000651586821844879		28G4B01	8.3	1	0.00600000000000001	2024-30-04
M19	0	0.000373905279883527	0	338.882381388638	14.9945593622898	0.0669915433418945	0.066925	0.000700918449446449		28G4B01	8.6	1	0.00360000000000001	2024-30-04
M2	0	0	0	0	0	0	0	0	cannot fit data	28G4B01	3.5	1	0	2024-30-04
M20	0	0	0	0	0	0	0	0	cannot fit data	28G4B01	8.9	1	0.0023	2024-30-04
M21	0	0.000887466367592675	0	-0.072020599467408	0.565910869941938	0.0810373471602267	0.0806125000000001	0.000391943752084076	questionable fit	28G4B01	9.2	1	0.00309999999999999	2024-30-04
M22	0	0.000203026163434212	0	0.824412840222258	0.885256888677506	0.0276425354086955	0.0276125	0.000378628792597165		28G4B01	9.5	1	0.00170000000000001	2024-30-04
M23	0	0.000125606511978932	0	-102.088272421676	141784.210270795	0.00495910834898564	0.00494999999999999	0.000174335740895368	questionable fit (k < n0)	28G4B01	9.8	1	0.001	2024-30-04
M24	0	0.00152444225631772	0	-1.1161369977989	0.605069936828386	0.0533330335900135	0.0511875000000001	0.00047143125480092	questionable fit (k < n0)	28G4B01	10.1	1	0.0021	2024-30-04
M3	0	0.00196877582801041	0	-16.6385309462496	12.277073425658	0.117215144127008	0.1168375	0.00013308197602149	questionable fit	28G4B01	3.8	1	0.00280000000000001	2024-30-04
M4	0	0.000319715284176426	0	12.9219490762864	10.5413212535983	0.0334025096383357	0.033275	0.000259291964598579		28G4B01	4.1	1	0.0013	2024-30-04
M5	0	0.0017718053299343	0	-1.84122724530148	1.07192215019794	0.110416806475654	0.1100125	0.000237399339425939	questionable fit	28G4B01	4.4	1	0.0028	2024-30-04
M6	0.406749724032412	0.00373888317696638	0.000120879956488404	38717.556217619	5734.17794559215	0.180734292918788	0.1800625	0.000236141721098631		28G4B01	4.7	1	0.0043	2024-30-04
M7	0.484134121470536	0.000771357183953754	0.0662277800410595	97.2457656230294	10.4661092389057	0.266919994851821	0.2726375	0.000906446698221751		28G4B01	5	1	0.016	2024-30-04
M8	0	0.000000635500915455654	0	25.0539935493622	1.726329686285	0.343887412164927	0.349575	0.00104628066760221		28G4B01	5.3	1	0.0167	2024-30-04
M9	0	0.000108432385738983	0	31.2851054055324	3.58093522413333	0.792505120131303	0.824975	0.00160793158037794		28G4B01	5.6	1	0.0431	2024-30-04
N1	0	0.00598507040769808	0	0.088299452595328	0.341095773636603	0.628564779845293	0.6273375	0.000783775417351556		32G2B05	3.2	1	0.0147	2024-30-04
N10	0.161869312334329	0.0101963801157497	0.190185098745289	14.1950851664126	3.64459247928916	5.45025254372134	5.438625	0.00404984494894449		32G2B05	5.9	1	0.1645	2024-30-04
N11	0.151159080844505	0.0108810820175391	0.16622024025526	15.3808012132441	4.17005281363749	4.8968190309229	4.91245	0.00534916920574911		32G2B05	6.2	1	0.1527	2024-30-04
N12	0.132080722176412	0.0154362955892704	0.140944273742976	14.3489946192667	4.91788110401675	4.36246644721878	4.355325	0.00305706211020436		32G2B05	6.5	1	0.1313	2024-30-04
N13	0.141792177355313	0.0157254444312655	0.123784492863872	16.8157681149338	5.59962855219848	4.3386492901194	4.336725	0.00515783503751206		32G2B05	6.8	1	0.1389	2024-30-04
N14	0.0879707337468915	0.0187910030849498	0.0933114003624266	13.9675292533053	7.42832256152757	2.82276755003872	2.817775	0.0034829810219604		32G2B05	7.1	1	0.0874	2024-30-04
N15	0	0.0210553678520486	0	4.66585927242215	6.36670849651746	2.20194229350634	2.1985375	0.00425169461342506		32G2B05	7.4	1	0.0637	2024-30-04
N16	0	0.0162557643944325	0	3.78625919579106	4.10623067331873	1.97201413387951	1.9687875	0.00237020394381493		32G2B05	7.7	1	0.0573	2024-30-04
N17	0	0.0097607137908072	0	2.39855110561751	1.39845750671343	1.8924256907892	1.8902125	0.0010067797430677		32G2B05	8	1	0.0443	2024-30-04
N18	0	0.0127734745294534	0	1.3851962652435	1.16000718015955	1.94072397105509	1.9183125	0.00373172528893589		32G2B05	8.3	1	0.0485	2024-30-04
N19	0	0.00755890932927677	0	1.81596007398669	0.981699467811324	1.60232886525821	1.60075	0.00150975886080363		32G2B05	8.6	1	0.0382	2024-30-04
N2	0	0.00228655862132071	0	0.520134050645464	0.284671765701626	0.494807241911279	0.4942875	0.000859641425350891		32G2B05	3.5	1	0.0119	2024-30-04
N20	0	0.00279826443009994	0	0.801998810544069	0.309330752655985	0.931346563950647	0.9317375	0.00546766367319895		32G2B05	8.9	1	0.0323	2024-30-04
N21	0	0.003041345367197	0	0.784598766375769	0.285389783350813	1.11243602211182	1.11265	0.00701526020310907		32G2B05	9.2	1	0.0385	2024-30-04
N22	0	0.00463853586978566	0	0.680192995848351	0.3630662268883	1.02533637792049	1.02495	0.00557478750693912		32G2B05	9.5	1	0.0344	2024-30-04
N23	0	0.00381350001149534	0	1.32182876003979	0.514630369346048	1.23615529514478	1.2364	0.00503102561921449		32G2B05	9.8	1	0.0357	2024-30-04
N24	0	0.00423978277244328	0	1.02683245165299	0.482046712726708	1.07227963505611	1.0678625	0.00370255253524362		32G2B05	10.1	1	0.0323	2024-30-04
N3	0	0.0203563063568715	0	-82.5692133552654	49.8397230720717	0.874342577888758	0.79	0.00429288419186349	questionable fit (k < n0)	32G2B05	3.8	1	0.027	2024-30-04
N4	0	0.0046415157680418	0	1.00493681472267	0.494999923295601	1.11010608732336	1.1056	0.00306933076233386		32G2B05	4.1	1	0.0289	2024-30-04
N5	0	0.0125619610508033	0	4.58052108820891	3.57140349049692	1.80445946862073	1.8024	0.00140192850781666		32G2B05	4.4	1	0.0447	2024-30-04
N6	0	0.0156959851679299	0	9.93376401090589	6.00953462738102	2.34055749126735	2.33765	0.00121652205287759		32G2B05	4.7	1	0.0645	2024-30-04
N7	0.108851007948278	0.0159275029219533	0.113357682470665	15.5589743120284	6.11469082158876	3.42451450574846	3.4207375	0.00211316947566363		32G2B05	5	1	0.1096	2024-30-04
N8	0.141307200600735	0.0126243483746366	0.115997845503202	20.0152295706675	5.97551771373903	3.91413740996615	3.904225	0.00338304038944318		32G2B05	5.3	1	0.1469	2024-30-04
N9	0.180779450970077	0.0182222971494947	0.100243784906676	21.8306171843625	6.91461501783124	4.69929253932907	4.6900125	0.00339931723635839		32G2B05	5.6	1	0.1767	2024-30-04
O1	0	0	0	0	0	0	0	0	cannot fit data	32G4A01	3.2	1	0.0134	2024-30-04
O10	0.154256558193052	0.00829318964664824	0.110297234922989	26.0017491678285	6.28435682040359	3.46283783545336	3.483475	0.00487726568335838		32G4A01	5.9	1	0.1373	2024-30-04
O11	0.170860656651962	0.0155773682049256	0.0739810831820286	31.0813509679836	9.36924887750662	3.2775078816875	3.2776375	0.00316942421577458		32G4A01	6.2	1	0.1324	2024-30-04
O12	0.150061322033237	0.00943537758466784	0.098719518299263	27.3667997774522	7.02137928245057	3.21043508876893	3.218875	0.00275197945771003		32G4A01	6.5	1	0.13	2024-30-04
O13	0.102848257191601	0.0135061188958077	0.061294405374104	30.8238640079592	11.3084901685463	2.04782713345508	2.042425	0.00328658988059273		32G4A01	6.8	1	0.0774	2024-30-04
O14	0	0.00960620609988463	0	1.76844694528706	1.56995558089322	1.39367139030109	1.391325	0.0029547163831216		32G4A01	7.1	1	0.0378	2024-30-04
O15	0	0.00509768618307483	0	1.04207198169496	0.576305049300858	1.07747425883312	1.077	0.00510155742278097		32G4A01	7.4	1	0.0318	2024-30-04
O16	0	0.00417958378410035	0	1.07074766405123	0.637733502517971	0.823323147764859	0.8235125	0.00655057347041677		32G4A01	7.7	1	0.0306	2024-30-04
O17	0	0.0196690665332569	0	1757.46398444128	102.054648846587	1.12163753518758	1.1192375	0.00417820692808784		32G4A01	8	1	0.0335	2024-30-04
O18	0	0.00728890139567144	0	1.13136493974958	0.795937466490952	1.25223921607464	1.25225	0.00406911081963511		32G4A01	8.3	1	0.0339	2024-30-04
O19	0	0.00951456350520731	0	-3.05807899712518	7.92599826697475	0.702584120670475	0.7011	0.00121473945122823	questionable fit	32G4A01	8.6	1	0.0187	2024-30-04
O2	0	0	0	0	0	0	0	0	cannot fit data	32G4A01	3.5	1	0.0135	2024-30-04
O20	0	0.0126922435779001	0	1.06048443327023	2.99073297802868	1.29120873922165	1.288725	0.00144304531897498		32G4A01	8.9	1	0.0308	2024-30-04
O21	0	0.00528142485307047	0	0.862339424371777	0.768286599160881	0.787277508257271	0.7864125	0.00211716314322263		32G4A01	9.2	1	0.0211	2024-30-04
O22	0	0.00592835821881377	0	1.31196438282969	0.805102193875817	1.13015690042396	1.1299	0.00248627311913319		32G4A01	9.5	1	0.0285	2024-30-04
O23	0	0.00849792338488679	0	-0.662835229439652	1.92729926259361	0.707772355505788	0.7063125	0.00234467340620459	questionable fit	32G4A01	9.8	1	0.0204	2024-30-04
O24	0	0.0045399706279287	0	1.66762358765449	0.843427092924924	1.03684904005891	1.0360875	0.00207316587755569		32G4A01	10.1	1	0.0266	2024-30-04
O3	0	0	0	0	0	0	0	0	cannot fit data	32G4A01	3.8	1	0.0158	2024-30-04
O4	0	0.0023345114329086	0	0.476610956800904	0.274897099142087	0.480905212358782	0.4807875	0.00191208785618248		32G4A01	4.1	1	0.0145	2024-30-04
O5	0	0.00654036930004628	0	0.436368788825067	0.463556350351281	0.906925385483025	0.9010625	0.00202555960892606		32G4A01	4.4	1	0.0225	2024-30-04
O6	0	0.01103408005507	0	0.594638688541272	1.79514918546552	1.1483870292656	1.14665	0.000873870576763777		32G4A01	4.7	1	0.0268	2024-30-04
O7	0	0.0184345689751392	0	-1.12350154652393	5.1535127688591	1.49465175059824	1.491225	0.00105838730607938	questionable fit	32G4A01	5	1	0.0369	2024-30-04
O8	0	0.0133374742629786	0	16.3639879213609	10.7816826930452	1.49774016259362	1.4955875	0.00125649160006759		32G4A01	5.3	1	0.0475	2024-30-04
O9	0	0.0168305104305645	0	16.060787380338	9.80809151735964	2.04711207355278	2.04215	0.00267191269654323		32G4A01	5.6	1	0.0678	2024-30-04
