sample	k	n0	r	t_mid	t_gen	auc_l	auc_e	sigma	note	strain	pH	replicate	max.OD	date
A1	0	0.00142858843586194	0	0.147621799455345	0.0642102513019982	0.40633222748906	0.40575	0.0011637156400152		18G1A07	3.2	1	0.0109	2024-02-29
A10	0	0.0000896938904916309	0	35.9529886038462	4.73577738371834	0.230692670208547	0.227075	0.000486557306376898		18G1A07	5.9	1	0.016	2024-02-29
A11	0	0.00409859535401652	0	481.035482378686	17.5034675946647	0.594552751948544	0.59675	0.000752227546531923		18G1A07	6.2	1	0.0278	2024-02-29
A12	0.0874852530016699	0.00984773781274348	0.0301107168214292	68.5738901748288	23.0199494974044	0.910314209571786	0.9084875	0.000571464678880832		18G1A07	6.5	1	0.0298	2024-02-29
A13	0	0.00250058743688264	0	25.225587331951	8.96648324261614	0.467334775640267	0.468275	0.000756215024144529		18G1A07	6.8	1	0.0176	2024-02-29
A14	0	0.00232575020161934	0	29.4300377209745	9.32503493868439	0.468453655874505	0.4693875	0.000520522558108208		18G1A07	7.1	1	0.0181	2024-02-29
A15	0	0.00285431365569478	0	6.43611950399485	5.03168864388812	0.384234115880934	0.38355	0.000625391158339149		18G1A07	7.4	1	0.0108	2024-02-29
A16	0	0.00530881684126005	0	0.222177890922298	5.72797361446254	0.456157488873499	0.4558875	0.000833691172676059		18G1A07	7.7	1	0.0126	2024-02-29
A17	0	0.00171023620991076	0	3.68441269594972	4.37741726991442	0.199225345218634	0.1993375	0.000770513440237574		18G1A07	8	1	0.0058	2024-02-29
A18	0	0.0042223821511586	0	-43.9019571552491	16.4396073317674	0.220940285645938	0.2199375	0.000744820050580608	questionable fit	18G1A07	8.3	1	0.0064	2024-02-29
A19	0	0.000236312145419098	0	-11.5319857928566	15853.729759634	0.00448389791348392	0.00375	0.000203584457340604	questionable fit (k < n0)	18G1A07	8.6	1	0.00120000000000001	2024-02-29
A2	0	0	0	0	0	0	0	0	cannot fit data	18G1A07	3.5	1	0.0038	2024-02-29
A20	0	0.000496030151917743	0	0.0783517792185107	0.275839237935089	0.0526710600820676	0.0510624999999999	0.000716452020131844		18G1A07	8.9	1	0.00320000000000001	2024-02-29
A21	0	0.00400750076819994	0	-32.9378402155177	14.2516038506858	0.167759876976881	0.157125	0.000419850306614597	questionable fit (k < n0)	18G1A07	9.2	1	0.0047	2024-02-29
A22	0	0.00297916791911815	0	-17.3578948646263	9.85852601339473	0.11136551391887	0.1013875	0.000518687789970921	questionable fit (k < n0)	18G1A07	9.5	1	0.0034	2024-02-29
A23	0	0	0	0	0	0	0	0	cannot fit data	18G1A07	9.8	1	0.0038	2024-02-29
A24	0	0	0	0	0	0	0	0	cannot fit data	18G1A07	10.1	1	0.0047	2024-02-29
A3	0	0.00382522811948057	0	-11.3403197692574	5.61295401930038	0.22133938992987	0.2205625	0.000216477460408565	questionable fit	18G1A07	3.8	1	0.0053	2024-02-29
A4	0	0.00361475676329384	0	-10.784640718275	7.21727348668491	0.220759404429362	0.2200375	0.000175069816475476	questionable fit	18G1A07	4.1	1	0.0053	2024-02-29
A5	0	0.00538488643761178	0	815.040995196377	32.8498391426867	0.450429216506209	0.45005	0.000807326044277098		18G1A07	4.4	1	0.0174	2024-02-29
A6	0	0.00480557697760984	0	744.477484378714	28.4360899988056	0.441177745998998	0.441825	0.000855972354648336		18G1A07	4.7	1	0.0178	2024-02-29
A7	0	0.00712495153779158	0	629.864014149147	23.6110581122945	0.756368795789577	0.7582375	0.00115811347582895		18G1A07	5	1	0.0312	2024-02-29
A8	0	0.00118963985306178	0	329.910214603296	13.0973120303413	0.265658648379762	0.2665875	0.000415056066479364		18G1A07	5.3	1	0.0155	2024-02-29
A9	0	0.00519162362534776	0	603.293809702116	22.5824591286868	0.573473899913119	0.574075	0.000659673916600887		18G1A07	5.6	1	0.0241	2024-02-29
B1	0	0.00162842722711887	0	0.121860097343461	0.133107942636517	0.225582027634228	0.214025	0.000706997825700534		04G1A01	3.2	1	0.0057	2024-02-29
B10	0	0.00000000000000265830187444763	0	28.1745671332344	0.675603593612827	0.190535708600869	0.1905375	0.00110740349713824		04G1A01	5.9	1	0.0127	2024-02-29
B11	0	0.0000515584244352199	0	31.7478288593037	3.40330033125731	0.551575809543392	0.6242	0.00488008570328197		04G1A01	6.2	1	0.0449	2024-02-29
B12	0	0.00274897800934025	0	22.9061156648502	7.13801704931058	0.706592312344075	0.7159875	0.00280434229050526		04G1A01	6.5	1	0.0274	2024-02-29
B13	0	0.0000201035387226173	0	34.3533979471542	3.26283178537331	0.418589758213564	0.4211	0.00177777631973027		04G1A01	6.8	1	0.0317	2024-02-29
B14	0	0.00288703165599529	0	581.171188823287	28.815646115125	0.262614919547438	0.2627625	0.00138566490473527		04G1A01	7.1	1	0.0131	2024-02-29
B15	0	0.00228979315437405	0	82.3288334631619	78.4932931757942	0.126897232151063	0.12665	0.000343337032800143		04G1A01	7.4	1	0.004	2024-02-29
B16	0	0.00231928324384465	0	1.30261492257783	9.64334072281041	0.186667012434786	0.1864	0.000498660986536906		04G1A01	7.7	1	0.0054	2024-02-29
B17	0	0.00318762493207309	0	-30.1498424980625	16.3461641513831	0.126568987160325	0.122975	0.000655860412541561	questionable fit (k < n0)	04G1A01	8	1	0.0044	2024-02-29
B18	0	0	0	0	0	0	0	0	cannot fit data	04G1A01	8.3	1	0.0076	2024-02-29
B19	0	0.000000000000548845528978403	0	24.4683155780969	0.875466945775508	0.0033746062619987	0.00433749999999999	0.000273305120135118		04G1A01	8.6	1	0.0019	2024-02-29
B2	0	0.0000000061427267799215	0	0.219100145282444	0.0121753117334313	0.077019462193869	0.0768875	0.000174337738076246		04G1A01	3.5	1	0.002	2024-02-29
B20	0	0.0029	0	-0.230790796446726	11.9000166000811	0.00469501003053121	0.00431249999999998	0.000262187779816783	questionable fit (k < n0)	04G1A01	8.9	1	0.0029	2024-02-29
B21	0	0	0	0	0	0	0	0	cannot fit data	04G1A01	9.2	1	0.00149999999999999	2024-02-29
B22	0	0.0021355269188223	0	-11.0188078724004	6.30162197057097	0.0770965852940754	0.0722749999999999	0.000302312043927311	questionable fit (k < n0)	04G1A01	9.5	1	0.0028	2024-02-29
B23	0	0.00275794828796976	0	-16.5810303448388	6.40110487346889	0.114697008595661	0.1101375	0.000496915561287904	questionable fit (k < n0)	04G1A01	9.8	1	0.0043	2024-02-29
B24	0	0.000884470481061512	0	-0.320095940577162	0.612054571399619	0.0715999346218626	0.0542999999999999	0.000953079150199028	questionable fit	04G1A01	10.1	1	0.0024	2024-02-29
B3	0	0.00263065058371379	0	-13.6533650484701	4.15264899991809	0.138086163028212	0.136	0.000435708455970139	questionable fit	04G1A01	3.8	1	0.00560000000000001	2024-02-29
B4	0	0.00264437150904376	0	6141.65855715237	456.112571104407	0.132241665766477	0.1317	0.000226291985013886		04G1A01	4.1	1	0.00360000000000001	2024-02-29
B5	0	0.00227557990671641	0	-19.1804583704232	7.82329068803741	0.124709148409124	0.1243	0.000328203306725683	questionable fit	04G1A01	4.4	1	0.00420000000000001	2024-02-29
B6	0	0.00310775857316499	0	1463.98499569725	69.3023365047318	0.192474055853052	0.1918	0.000451504141245263		04G1A01	4.7	1	0.00609999999999999	2024-02-29
B7	0	0.000202507258754222	0	190.878865860819	6.86372765969329	0.258683827181442	0.2737	0.00110457030880863		04G1A01	5	1	0.0254	2024-02-29
B8	0	0.000000000558825364565893	0	34.0227110705455	1.38814397527511	0.18923712908388	0.1889	0.000335264572119902		04G1A01	5.3	1	0.014	2024-02-29
B9	0.106012648930023	0.00000438954334832419	0.185325445619107	54.4558091000039	3.74016195263626	0.156041863231148	0.1619375	0.000552262510478111		04G1A01	5.6	1	0.0261	2024-02-29
C1	0	0.00507542249159503	0	-0.489211703907108	0.331451995041972	0.331564777493242	0.321625	0.000730707262807858	questionable fit	18G4B09	3.2	1	0.00799999999999999	2024-02-29
C10	0	0.0000000000000000000000000000000432944395999431	0	47.14414400755	0.485216454540678	0.00917058803248631	0.009025	0.00015384670148518		18G4B09	5.9	1	0.0067	2024-02-29
C11	0	0.000564615951882314	0	169.30756620204	6.02217642490585	1.25412482208852	1.2607625	0.0043970183263811		18G4B09	6.2	1	0.1473	2024-02-29
C12	0	0.000000000205565099589759	0	0.501761798429469	0.0208207129163952	0.176206038238473	0.1762	0.00062401502672522		18G4B09	6.5	1	0.0076	2024-02-29
C13	0	0.000927807818590801	0	432.294216063424	15.9372979800734	0.15223244494661	0.152575	0.000529183213974938		18G4B09	6.8	1	0.0087	2024-02-29
C14	0	0.00176793742013605	0	616.661081143605	26.3150431101078	0.171785575986679	0.1722875	0.000774341153846064		18G4B09	7.1	1	0.0101	2024-02-29
C15	0	0	0	0	0	0	0	0	cannot fit data	18G4B09	7.4	1	0.002	2024-02-29
C16	0	0.00109551537905689	0	-685.542794534821	194.771255925872	0.0523987954371168	0.0521624999999999	0.000512039737478552	questionable fit (k < n0)	18G4B09	7.7	1	0.0058	2024-02-29
C17	0	0.00100700547446626	0	4581.27795834601	228.220992314965	0.0522699958133857	0.0515874999999999	0.000562057768682807		18G4B09	8	1	0.0047	2024-02-29
C18	0	0.0104	0	-0.571967153003537	0.570096195842137	0.254169564662499	0.2522625	0.000370230464986343	questionable fit (k < n0)	18G4B09	8.3	1	0.0104	2024-02-29
C19	0	0.0016	0	-0.0946355179714281	15128.7958011292	0.000944255141787753	0.000400000000000001	0.000106263803593282	questionable fit (k < n0)	18G4B09	8.6	1	0.0016	2024-02-29
C2	0	0.00156858373019698	0	-2.15001651014181	1.63773447472551	0.104280969499957	0.10385	0.000169864688522417	questionable fit	18G4B09	3.5	1	0.00260000000000001	2024-02-29
C20	0	0	0	0	0	0	0	0	cannot fit data	18G4B09	8.9	1	0.000699999999999992	2024-02-29
C21	0	0	0	0	0	0	0	0	cannot fit data	18G4B09	9.2	1	0.002	2024-02-29
C22	0	0.000000000000413351583110368	0	49.065402078497	1.54330136611546	0.00177161496555533	0.00234999999999999	0.000169066843352948		18G4B09	9.5	1	0.00159999999999999	2024-02-29
C23	0	0.0000000000000472240685177958	0	14.2054071693251	0.483325128904341	0.00113016341532144	0.0012125	0.0000704211491754043		18G4B09	9.8	1	0.000399999999999998	2024-02-29
C24	0	0	0	0	0	0	0	0	cannot fit data	18G4B09	10.1	1	0.000300000000000009	2024-02-29
C3	0	0.00563876429707012	0	354930.189264106	35186.386216536	0.27191582594452	0.270775	0.000234497592914228		18G4B09	3.8	1	0.0063	2024-02-29
C4	0	0	0	0	0	0	0	0	cannot fit data	18G4B09	4.1	1	0.0013	2024-02-29
C5	0	0.0000217968039884303	0	5.9827697708996	1.30456899229366	0.0229790797842296	0.0230125	0.000371543811388126		18G4B09	4.4	1	0.0016	2024-02-29
C6	0	0.000226287673731461	0	2.99140693717231	3.44440820443798	0.0275200515392071	0.0276	0.000419726652073486		18G4B09	4.7	1	0.0025	2024-02-29
C7	0	0.000000602672771686986	0	55.9454505068155	3.27526436160034	0.0700545038220157	0.0696625	0.000413035944884281		18G4B09	5	1	0.0141	2024-02-29
C8	0	0	0	0	0	0	0	0	cannot fit data	18G4B09	5.3	1	0	2024-02-29
C9	0.121416800671882	0.000131185064574471	0.168581775176126	40.5102773568188	4.11163768939899	1.10700100987402	1.0700625	0.00498777307698962		18G4B09	5.6	1	0.1123	2024-02-29
D1	0	0.0177213573952601	0	-0.720221419282265	1.77842021091383	1.45436972428191	1.4507875	0.00158153233523764	questionable fit	37G2B01	3.2	1	0.0335	2024-02-29
D10	0.139953907711184	0.00788378442486543	0.102807275230879	27.4156178798812	6.74219970331196	2.98177584294739	2.9701625	0.00230138768708933		37G2B01	5.9	1	0.13	2024-02-29
D11	0.427872426862645	0.0108937008064194	0.234098576545171	15.5697251265781	2.96092009951286	13.9152185515544	13.922825	0.00799292687591629		37G2B01	6.2	1	0.4326	2024-02-29
D12	0.245365379163227	0.00927946492330609	0.129833704102648	24.9272091443944	5.33873068900456	5.72732063672806	5.7574625	0.00662365620406173		37G2B01	6.5	1	0.2456	2024-02-29
D13	0.262585019326515	0.0159422503961044	0.129075440897215	21.2199016986318	5.37009345652293	7.01865664915689	7.031175	0.0103370956841204		37G2B01	6.8	1	0.2604	2024-02-29
D14	0.227564878521824	0.0172994206531759	0.0970010442780554	25.7491846961607	7.14577029266845	5.17525909232793	5.1835625	0.00676267359946862		37G2B01	7.1	1	0.198	2024-02-29
D15	0.19047173661706	0.0210768315170786	0.105950443253524	19.670123472638	6.542182923212	5.30868983987931	5.2967875	0.00359793264964748		37G2B01	7.4	1	0.1867	2024-02-29
D16	0.0933594714450218	0.0201361848673914	0.0785487820116911	16.4355833563403	8.82441665940508	2.77094478772735	2.761425	0.00548543426221831		37G2B01	7.7	1	0.0957	2024-02-29
D17	0.111389291009458	0.0155697127075827	0.152449597380068	11.9196083671075	4.54673014866599	3.93409399398073	3.9343625	0.00264579296695984		37G2B01	8	1	0.1115	2024-02-29
D18	0	0.0153145066174337	0	8.58493125348367	5.06529210656177	2.44521741885212	2.436175	0.00668441637583286		37G2B01	8.3	1	0.0911	2024-02-29
D19	0	0.0166640188031828	0	8.60913408079906	5.15223610451166	2.62147124200594	2.611125	0.00779106151804771		37G2B01	8.6	1	0.0767	2024-02-29
D2	0	0.0178133565959707	0	35.0021290736732	18.6953200963635	1.62568625997224	1.6221125	0.00080386970638956		37G2B01	3.5	1	0.0523	2024-02-29
D20	0	0.00362842338825937	0	5.87953391657658	1.81785496625555	1.58863946053582	1.5946375	0.00850740704820045		37G2B01	8.9	1	0.0817	2024-02-29
D21	0	0.0126094741801258	0	3.88331579598811	2.79329952834838	1.9640842208262	1.9619	0.00687831438203176		37G2B01	9.2	1	0.0641	2024-02-29
D22	0	0.00267818386184744	0	9.40649389752401	2.60106828095485	1.3676579988087	1.375325	0.00841170333828854		37G2B01	9.5	1	0.0659	2024-02-29
D23	0	0.0219760763673858	0	275.670364712647	45.1442557514251	1.55661031507211	1.55365	0.00617645875870696		37G2B01	9.8	1	0.0512	2024-02-29
D24	0	0.00994360907277696	0	693.357459140132	31.3635091059572	0.855547409668375	0.8580875	0.00724411045492595		37G2B01	10.1	1	0.0451	2024-02-29
D3	0	0.0142311860201298	0	12.5028078724078	5.93638363807045	2.57005254416208	2.56855	0.000965054759201909		37G2B01	3.8	1	0.0738	2024-02-29
D4	0	0.0174405938371392	0	447.059775801809	19.149383000049	2.27617455689576	2.2723	0.00307747273143646		37G2B01	4.1	1	0.0973	2024-02-29
D5	0.192731331672251	0.0212741599965375	0.050618904404718	41.2265010783186	13.6934449433745	2.92478918347293	2.91905	0.00251833004324765		37G2B01	4.4	1	0.1117	2024-02-29
D6	0.227127783610728	0.0169982359157113	0.0557921442427202	45.0711242492331	12.4237415494277	2.87588298395973	2.8751125	0.00276434353377359		37G2B01	4.7	1	0.1193	2024-02-29
D7	0.25386694880872	0.00955579930294609	0.193048180059757	16.7900800088451	3.59053983490227	7.92647014752675	7.9698625	0.00559877869915994		37G2B01	5	1	0.2533	2024-02-29
D8	0.21893188863692	0.0126021983432121	0.0560751712040002	49.854579082409	12.361035475724	2.29781016892979	2.2977625	0.00218302054449555		37G2B01	5.3	1	0.1048	2024-02-29
D9	0.388330929071755	0.00564047577662409	0.281604143623468	14.97583797129	2.46142393943873	12.8818043492359	12.9526125	0.00776535930089881		37G2B01	5.6	1	0.393	2024-02-29
E1	0	0.0154976969191043	0	0.0270636027612298	1.40852816588045	1.4596102150161	1.4567375	0.0016455198359198		37G2A11	3.2	1	0.0339	2024-02-29
E10	0.228350059223749	0.0038570631698169	0.220024257439107	18.4704109399566	3.15032164465675	6.77250639707451	6.7805625	0.00654611759674201		37G2A11	5.9	1	0.2337	2024-02-29
E11	0.444426582104131	0.0142426832383274	0.225403364119942	15.1194259431664	3.07514123964498	14.6386795844062	14.6158	0.00818448769717086		37G2A11	6.2	1	0.4518	2024-02-29
E12	0.276730396086198	0.00836565447951718	0.192542958008979	18.0126684227916	3.59996121243563	8.31384852915245	8.3512625	0.00576570663192518		37G2A11	6.5	1	0.2792	2024-02-29
E13	0.263151288612025	0.00962317419421556	0.199568862819539	16.3918384240575	3.47322308083064	8.32346818292681	8.3665125	0.00683667765819956		37G2A11	6.8	1	0.2654	2024-02-29
E14	0.260787957917256	0.0135338499085874	0.132497977197604	21.9265433240018	5.23137934042723	6.80649293495395	6.8226	0.00890409294197645		37G2A11	7.1	1	0.2534	2024-02-29
E15	0.202658669034053	0.0190079330039347	0.125668313268484	18.0489361439078	5.51568778582294	5.98756167925242	5.965875	0.00497350805147507		37G2A11	7.4	1	0.2027	2024-02-29
E16	0.183210726912797	0.020510418993997	0.0841234471181039	24.6183077023623	8.23964309958448	4.34247770222765	4.320675	0.00595772810242673		37G2A11	7.7	1	0.1657	2024-02-29
E17	0.123874592849154	0.0122472761414085	0.169036629940578	13.0732743410479	4.10057382712616	4.27691508210429	4.2729375	0.00344344192348117		37G2A11	8	1	0.1293	2024-02-29
E18	0.115659413743403	0.013607666167912	0.137500813079957	14.6533438307014	5.04104059484274	3.78297502050012	3.775825	0.00357096444133515		37G2A11	8.3	1	0.1194	2024-02-29
E19	0.0918258343965798	0.0124662440453801	0.124986511798807	14.8093162961699	5.54577586480465	2.97013633420416	2.96235	0.00298389911508441		37G2A11	8.6	1	0.0934	2024-02-29
E2	0	0.0137080785224738	0	0.642807916961381	5.26710774063527	1.2200195638026	1.216975	0.00116966404881416		37G2A11	3.5	1	0.0305	2024-02-29
E20	0	0.00434314069539921	0	9.72695100063901	2.59973072500595	2.38516741571585	2.391525	0.00638676188920712		37G2A11	8.9	1	0.0777	2024-02-29
E21	0	0.0142913337498124	0	16.6310105801318	8.41493238466475	2.09391538851606	2.087325	0.00416712706329596		37G2A11	9.2	1	0.0657	2024-02-29
E22	0	0.00600711192284036	0	11.5298228704228	4.0058687440833	1.8034193548713	1.8041875	0.00612250346814651		37G2A11	9.5	1	0.0648	2024-02-29
E23	0	0.0127095164405941	0	14.2358778770896	9.07059167566371	1.56866804231461	1.5636125	0.00459539685694863		37G2A11	9.8	1	0.0516	2024-02-29
E24	0	0.00950203188815631	0	552.705839097387	25.0506323461982	0.959816433479106	0.9624	0.00771746030216738		37G2A11	10.1	1	0.0786	2024-02-29
E3	0.0934624319960133	0.0167763732903686	0.0870647705942446	17.4553768732483	7.96128188047814	2.7324761430835	2.729475	0.00156022499956963		37G2A11	3.8	1	0.0869	2024-02-29
E4	0.182582776727254	0.00843321601795586	0.0915138466635983	33.0850072273735	7.57423281646034	3.1117744240847	3.15305	0.00761778016147334		37G2A11	4.1	1	0.1342	2024-02-29
E5	0.156739167398316	0.0123443153923216	0.116903379821087	21.0375090409853	5.92923131581619	4.20227565499127	4.21995	0.00404679155583117		37G2A11	4.4	1	0.148	2024-02-29
E6	0.162416054375432	0.00836360764077135	0.139681022498625	20.8575451807472	4.96235757843744	4.40457702690748	4.4456625	0.00596015406224219		37G2A11	4.7	1	0.154	2024-02-29
E7	0.354839158143122	0.00937487923769002	0.220170396517997	16.382109560959	3.14823060466844	11.2484434050753	11.2502	0.00789891737041386		37G2A11	5	1	0.3609	2024-02-29
E8	0.192911365613888	0.00850500276221684	0.0901078319152497	34.1422848626582	7.69241880341634	3.14675849110532	3.1600375	0.0040160785021398		37G2A11	5.3	1	0.1578	2024-02-29
E9	0.432208202961355	0.0108930639196948	0.233249493622474	15.6710087410716	2.97169854388553	14.0128158047219	13.992925	0.0093963465072437		37G2A11	5.6	1	0.4416	2024-02-29
F1	0	0.00785709345507384	0	-1.15969838042329	0.790723723369586	0.511967401136685	0.5066125	0.000455596327807083	questionable fit	35G2B08	3.2	1	0.0113	2024-02-29
F10	0.178769981429177	0.0000163981151980036	0.294003060678159	31.62074940359	2.35761892737138	2.96839517783194	2.933425	0.00383628696382163		35G2B08	5.9	1	0.1836	2024-02-29
F11	0.252722764173899	0.000136847233793678	0.277613352822366	27.0903450306229	2.49680778504722	5.33691835468107	5.3866	0.00489410191417374		35G2B08	6.2	1	0.2556	2024-02-29
F12	0.217301194819756	0.0000536233849067699	0.255263520655672	32.5420866426838	2.71541808551227	3.41771224381803	3.4644625	0.00501279150113306		35G2B08	6.5	1	0.2208	2024-02-29
F13	0	0.00166253736091809	0	36.9559112411764	7.81194651520614	0.657971921571207	0.646425	0.0030048450482857		35G2B08	6.8	1	0.0434	2024-02-29
F14	0.222098655776315	0.0000220510028921605	0.298619100593056	30.8668118217409	2.32117496564472	3.85373330317256	3.8529875	0.00692716304123108		35G2B08	7.1	1	0.2333	2024-02-29
F15	0	0.000582409782355274	0	24.6007846623946	4.87238343167536	0.469388423735558	0.4857	0.00189740543087803		35G2B08	7.4	1	0.0203	2024-02-29
F16	0	0.00000148869957767685	0	27.6111245002938	2.05702498129345	0.336671951061405	0.365575	0.00145782852942689		35G2B08	7.7	1	0.023	2024-02-29
F17	0	0.000569256400911582	0	266.315658918142	10.0967168669789	0.218548137401977	0.239075	0.00250701933210043		35G2B08	8	1	0.0226	2024-02-29
F18	0	0	0	0	0	0	0	0	cannot fit data	35G2B08	8.3	1	0.0058	2024-02-29
F19	0	0	0	0	0	0	0	0	cannot fit data	35G2B08	8.6	1	0.002	2024-02-29
F2	0	0.000683472103437738	0	2.17391504335493	1.77846290297824	0.102771067418977	0.1027	0.000196675216534117		35G2B08	3.5	1	0.00260000000000001	2024-02-29
F20	0	0.00000227396852231255	0	43.3470429887904	3.05693725606455	0.258275168684919	0.27145	0.00147899804680171		35G2B08	8.9	1	0.0332	2024-02-29
F21	0	0.0000000000400906723087362	0	37.6267054614329	1.29396984369261	0.240441420094058	0.3008375	0.00395951518632791		35G2B08	9.2	1	0.0391	2024-02-29
F22	0	0	0	0	0	0	0	0	cannot fit data	35G2B08	9.5	1	0.0038	2024-02-29
F23	0	0.00000818303535636552	0	151.435341969449	5.6784583991432	0.0240049842690702	0.0341625	0.00078299322645869		35G2B08	9.8	1	0.00509999999999999	2024-02-29
F24	0	0	0	0	0	0	0	0	cannot fit data	35G2B08	10.1	1	0	2024-02-29
F3	0	0.00156198041259714	0	27.8562719241884	9.9745955703033	0.266742603173621	0.26755	0.000512227294735157		35G2B08	3.8	1	0.00949999999999999	2024-02-29
F4	0	0.000290781345940594	0	18.1209906999364	2.98456752412965	0.595796166389363	0.6095	0.00152802331260329		35G2B08	4.1	1	0.0241	2024-02-29
F5	0	0.00359515224745018	0	41.3143678264187	9.52982299221769	0.96992648867167	0.9619375	0.00231068369087534		35G2B08	4.4	1	0.0505	2024-02-29
F6	0	0.000879060441613963	0	14.6616251977333	3.14762410451538	0.769787523339358	0.78595	0.00217614221263222		35G2B08	4.7	1	0.0259	2024-02-29
F7	0	0.00353669599445127	0	85.7039918830571	9.63768973934106	1.47806683117171	1.4872375	0.00437793494078551		35G2B08	5	1	0.098	2024-02-29
F8	0.199642827862744	0.0000577767466510416	0.271032002754876	30.0606912666314	2.55743666251411	3.62649127197084	3.6393125	0.00384886830005001		35G2B08	5.3	1	0.2032	2024-02-29
F9	0.155551144624912	0.000371145182548755	0.223727768635372	26.9780891839493	3.09817232249621	3.30539052756029	3.3119	0.00281227284990053		35G2B08	5.6	1	0.159	2024-02-29
G1	0	0.0322	0	-14.5012656756495	3.74565953470974	1.45746293669526	1.3869125	0.00285547013777958	questionable fit (k < n0)	33D06	3.2	1	0.0322	2024-02-29
G10	0.221456465579816	0.0117766833531984	0.257328196822014	11.1898344851454	2.69363089284527	8.14911481333055	8.1422125	0.00448689546408733		33D06	5.9	1	0.2277	2024-02-29
G11	0.373919466900446	0.0228596598964274	0.214348142632789	12.7436738435898	3.23374474836207	13.1485329852947	13.1095875	0.00772536986421279		33D06	6.2	1	0.3838	2024-02-29
G12	0.252977661464229	0.0189328196798186	0.223212972361068	11.2655451645726	3.10531764004609	9.25565823582057	9.2617375	0.00861629913561634		33D06	6.5	1	0.2669	2024-02-29
G13	0.226515794305798	0.0197541750835675	0.218690004746453	10.7375811198451	3.1695421167674	8.39153976065705	8.3772375	0.00613933590565658		33D06	6.8	1	0.2355	2024-02-29
G14	0.192154608146647	0.0165050525789546	0.226100137661201	10.4591899943861	3.06566456672658	7.17585853489485	7.1641375	0.00419212740247355		33D06	7.1	1	0.1965	2024-02-29
G15	0.19097091198654	0.0209951268074827	0.220200098960563	9.49756899586372	3.14780594482877	7.29015241676536	7.26825	0.0106903976758041		33D06	7.4	1	0.2206	2024-02-29
G16	0.136749151328031	0.0140666308912093	0.221340697920932	9.7848905108413	3.13158486925687	5.18625742335283	5.17555	0.00485265146980959		33D06	7.7	1	0.1452	2024-02-29
G17	0.138040154166343	0.0166190024455655	0.222843903348526	8.92426626397626	3.11046059660815	5.34222546125834	5.3331	0.00452377844700653		33D06	8	1	0.1487	2024-02-29
G18	0.111680910333326	0.012120821488452	0.242166179008417	8.69583283915753	2.86227904903209	4.35888083954725	4.352875	0.00233441963228987		33D06	8.3	1	0.1152	2024-02-29
G19	0.10092817136486	0.00977100511190723	0.306885363740923	7.27687287890478	2.25865180440834	4.0967817348359	4.0917875	0.00400217077012173		33D06	8.6	1	0.1064	2024-02-29
G2	0	0.0146438252306508	0	-1.61192545857146	1.31218554868822	0.993005207774269	0.9905625	0.00247595746230537	questionable fit	33D06	3.5	1	0.0248	2024-02-29
G20	0.114184078161484	0.00879336535449131	0.228440109075352	10.8723333584077	3.03426216773214	4.22223640998259	4.232775	0.00462966865040101		33D06	8.9	1	0.1185	2024-02-29
G21	0.0858307283006652	0.0174209683347592	0.138128705537256	9.90265521768572	5.0181255073949	3.14922261684038	3.1380125	0.00404524927960474		33D06	9.2	1	0.0912	2024-02-29
G22	0	0.011309710895409	0	7.44408843322273	3.56423743344046	2.35698109065765	2.3554875	0.0016573273528589		33D06	9.5	1	0.0621	2024-02-29
G23	0	0.0134562130266311	0	6.68689584321735	4.61271982938818	1.98081701635097	1.9773375	0.00154435349541933		33D06	9.8	1	0.0526	2024-02-29
G24	0	0.0112557012523899	0	357.892091542457	14.1200085125192	2.21397777537592	2.2386625	0.00720335740070961		33D06	10.1	1	0.1087	2024-02-29
G3	0	0.0226804364166525	0	-0.639311187061986	1.92611702246501	1.89558000188362	1.8911125	0.00247106466058849	questionable fit	33D06	3.8	1	0.0441	2024-02-29
G4	0.14127713555612	0.0235185696560569	0.114830138232314	14.028078292922	6.03628273230527	4.62772556041022	4.61875	0.00181233907890274		33D06	4.1	1	0.1404	2024-02-29
G5	0.237932295933876	0.024196234481424	0.131727660569457	16.5382491845607	5.26197138523131	7.36725576059549	7.3641625	0.0032123720830822		33D06	4.4	1	0.2365	2024-02-29
G6	0.258573828864122	0.0198148642564423	0.172559516063016	14.424137291672	4.01685862579042	8.61841847881285	8.612925	0.00428114757207074		33D06	4.7	1	0.2635	2024-02-29
G7	0.273504591695512	0.00966481060646055	0.363541719559854	9.09620638987189	1.90665099290158	10.6679254011635	10.6838125	0.00371973084368628		33D06	5	1	0.2782	2024-02-29
G8	0.21935829215205	0.0148288425663821	0.248577819914376	10.556605039982	2.78845144268585	8.19563924973034	8.1879375	0.00350917222341168		33D06	5.3	1	0.2241	2024-02-29
G9	0.35363655782288	0.00996599596968738	0.338702773714764	10.4531315028814	2.04647624510945	13.3187307577153	13.3289875	0.00342625942361878		33D06	5.6	1	0.3611	2024-02-29
H1	0	0.0233209969538447	0	-69.1765930326381	17.983471915246	1.08035471783995	1.0469125	0.00139742411550055	questionable fit (k < n0)	32G4B12	3.2	1	0.0269	2024-02-29
H10	0.198311336099063	0.0124378736146523	0.273902272632315	9.87330249428772	2.53063683589958	7.55368706983526	7.5477125	0.00356842595404098		32G4B12	5.9	1	0.203	2024-02-29
H11	0.402455078080577	0.00629992830542804	0.454458031144246	9.1125415106351	1.52521714450666	15.7168622284533	15.7644625	0.0101102491602614		32G4B12	6.2	1	0.4142	2024-02-29
H12	0.219879369960079	0.0142476031809098	0.281759120393704	9.47439902161704	2.4600700754297	8.46263461131463	8.4668625	0.00523779568618005		32G4B12	6.5	1	0.2279	2024-02-29
H13	0.256796658333335	0.0113816115835934	0.378265471346729	8.1185094705066	1.83243577081501	10.2619455465045	10.266575	0.00911433973566006		32G4B12	6.8	1	0.2762	2024-02-29
H14	0.254760002763849	0.0154948616966792	0.343690909525288	7.96373652166875	2.01677484434294	10.2040075635068	10.1919875	0.0104835399858496		32G4B12	7.1	1	0.2754	2024-02-29
H15	0.261789561306514	0.0169239525967709	0.273039237790285	9.78606450077623	2.53863578791681	9.992243424499	9.977125	0.0061318425387294		32G4B12	7.4	1	0.2707	2024-02-29
H16	0.229389113742465	0.0166253712429775	0.254813089741848	10.0044014451727	2.72021810677848	8.69391359853089	8.678825	0.00807967090584393		32G4B12	7.7	1	0.2432	2024-02-29
H17	0.205784986040861	0.0192370417714687	0.210996346850908	10.7672508763735	3.28511460461317	7.60768323915513	7.5924	0.00928656208871787		32G4B12	8	1	0.2214	2024-02-29
H18	0.178076976925262	0.0139873793774874	0.238871698215812	10.3078647388398	2.90175515030547	6.68677110371315	6.6889875	0.00711262224960584		32G4B12	8.3	1	0.1909	2024-02-29
H19	0.143740154388082	0.0124930254739608	0.259989399390945	9.04618228779986	2.6660593938973	5.57768712147982	5.5817	0.0117273393125522		32G4B12	8.6	1	0.1659	2024-02-29
H2	0	0.0191601629789159	0	-25.7471719452527	12.0558617919521	0.776129603845906	0.7363125	0.00170434679714604	questionable fit (k < n0)	32G4B12	3.5	1	0.0195	2024-02-29
H20	0.141721642889072	0.0185125002835247	0.145726600690791	13.0068021480803	4.75649042298527	4.85720924009278	4.8540125	0.00937918906803962		32G4B12	8.9	1	0.1489	2024-02-29
H21	0.134116333010739	0.0266485876895402	0.0875107603270291	15.9346644843127	7.9207080131591	4.07620793688688	4.0685	0.00604529888765937		32G4B12	9.2	1	0.1246	2024-02-29
H22	0.126304461381422	0.0294290328460532	0.108095997030883	11.0220937419919	6.41232977722491	4.40656374479164	4.3942625	0.00368882642088929		32G4B12	9.5	1	0.1273	2024-02-29
H23	0	0.0137155015880229	0	5.11259574976863	2.54892977253514	2.9080503818173	2.9029875	0.00197331058988774		32G4B12	9.8	1	0.0709	2024-02-29
H24	0	0.0159369454010285	0	6.59586479769867	4.98428628320506	2.18853817341434	2.1828625	0.00225253117049907		32G4B12	10.1	1	0.0581	2024-02-29
H3	0	0.0210482505950978	0	2.87583194342755	3.69690918271485	2.4497745508393	2.4456375	0.000800268260090501		32G4B12	3.8	1	0.0584	2024-02-29
H4	0.131362003865846	0.0178130168728888	0.149630410334463	12.3792006457515	4.63239510611899	4.58164219769535	4.5838125	0.00300399097704905		32G4B12	4.1	1	0.1302	2024-02-29
H5	0.187605651697814	0.0273279639706923	0.15653728363758	11.3008052707602	4.42800056608073	6.737475274838	6.7172125	0.00749559076267895		32G4B12	4.4	1	0.2023	2024-02-29
H6	0.178346634326765	0.0221058638695851	0.164366273665887	11.8975460560634	4.21708885345255	6.33356124042005	6.3249625	0.0036403185975685		32G4B12	4.7	1	0.1847	2024-02-29
H7	0.278910387823961	0.0137791399001128	0.3531969647075	8.37229485794475	1.96249472623293	11.0682745603977	11.0610375	0.0138052874200909		32G4B12	5	1	0.3063	2024-02-29
H8	0.164472052589896	0.0150171534755224	0.233622248324417	9.83554251732303	2.96695706650942	6.24251956235162	6.2453125	0.00307325664478427		32G4B12	5.3	1	0.1651	2024-02-29
H9	0.406378508003715	0.0123592195387361	0.367494473046355	9.42054319613445	1.88614314336236	15.7248725713292	15.707325	0.0223798887391995		32G4B12	5.6	1	0.4452	2024-02-29
I1	0	0.019128834049663	0	-105.74679030639	29.755663556646	0.889245645621222	0.8535625	0.00216115730176108	questionable fit (k < n0)	30G3A09	3.2	1	0.0291	2024-02-29
I10	0.193102401695772	0.00971445942871515	0.258998376125956	11.3436555770475	2.67626071996241	7.07856415653953	7.07625	0.00439761725933777		30G3A09	5.9	1	0.2014	2024-02-29
I11	0.316063437829916	0.00277451304079014	0.472231196208597	10.0091875210709	1.46781319431036	12.0647304321546	12.1288875	0.0165578482475223		30G3A09	6.2	1	0.3395	2024-02-29
I12	0.231647048192003	0.00537607972523974	0.406249419931646	9.2056102486656	1.70621088068648	9.01948158548608	9.041425	0.0101495621857184		30G3A09	6.5	1	0.243	2024-02-29
I13	0.305293751117963	0.00478048590804639	0.35917315669325	11.5291179863728	1.92984126915677	11.1818929383427	11.2491875	0.0296738168525692		30G3A09	6.8	1	0.342	2024-02-29
I14	0.212046403102885	0.00413191360989306	0.369122386604882	10.6154120847149	1.87782482372684	7.9583139356054	8.003125	0.0186811400491998		30G3A09	7.1	1	0.2542	2024-02-29
I15	0.197781512926119	0.00525599774723388	0.303421000712273	11.8675333292735	2.28444036152013	7.16828912656828	7.2125625	0.0151532689008122		30G3A09	7.4	1	0.2479	2024-02-29
I16	0.223762057132273	0.0020226165678283	0.367277133932574	12.7890101605517	1.88725928330511	7.91804304611751	8.02095	0.0266239141277648		30G3A09	7.7	1	0.2833	2024-02-29
I17	0.193961143089778	0.002422982204386	0.320771323632352	13.6236865424337	2.16087639228744	6.69881543533866	6.792475	0.016819999264249		30G3A09	8	1	0.2283	2024-02-29
I18	0.181039177750387	0.00566993784030015	0.255930955424329	13.4087552363697	2.70833662700441	6.27611562525233	6.2967875	0.011315747905369		30G3A09	8.3	1	0.2015	2024-02-29
I19	0.166259690861852	0.00609581860111428	0.195045794494901	16.7580871983667	3.55376634679537	5.19748450784259	5.2113375	0.0114865930529718		30G3A09	8.6	1	0.183	2024-02-29
I2	0	0.0169329090672468	0	-23.0015467962968	13.3576059041356	0.645160290786653	0.5939625	0.00123137522673433	questionable fit (k < n0)	30G3A09	3.5	1	0.0181	2024-02-29
I20	0.177089580129254	0.0051564801743216	0.167020305400416	20.9965562511733	4.15007731484019	4.79728346392065	4.8332875	0.0126462974829968		30G3A09	8.9	1	0.1885	2024-02-29
I21	0	0.0121257955434834	0	87.503514090308	9.81520501031444	4.84882492675034	4.909975	0.0377379679021307		30G3A09	9.2	1	0.3263	2024-02-29
I22	0.115188405174335	0.00623042992045731	0.12533327633867	22.8312624135591	5.53043214706167	2.90851074442132	2.91245	0.00334717544410364		30G3A09	9.5	1	0.1073	2024-02-29
I23	0.121659991829612	0.00964310124423367	0.0855421037755334	28.6690038912095	8.10299431469206	2.50380559542489	2.497775	0.0043887208859939		30G3A09	9.8	1	0.1018	2024-02-29
I24	0	0.00435231169549909	0	26.4946648591204	7.83303167181012	1.1049744496696	1.110675	0.00293608716693791		30G3A09	10.1	1	0.0441	2024-02-29
I3	0	0.0212394332513195	0	4.99433460033021	5.83916034123481	2.3596468416239	2.355925	0.000863447597822919		30G3A09	3.8	1	0.0601	2024-02-29
I4	0.0856344671782905	0.019248354600233	0.138574801522031	8.93425277410379	5.00197130320079	3.20781615470729	3.200475	0.00270977249752194		30G3A09	4.1	1	0.0899	2024-02-29
I5	0.126177149815204	0.016975506260462	0.188077194526592	9.89713091937945	3.68543981265067	4.73647466488638	4.7392625	0.00416560945953753		30G3A09	4.4	1	0.1365	2024-02-29
I6	0.157949741928845	0.018508008454216	0.161368670304176	12.5144695137198	4.2954259910141	5.51757111148407	5.515925	0.00291688301878099		30G3A09	4.7	1	0.1604	2024-02-29
I7	0.259270135878022	0.0040811903725652	0.419322217572415	9.86261961897758	1.65301801696268	9.92985562308984	9.9860625	0.00945061550363345		30G3A09	5	1	0.2837	2024-02-29
I8	0.17842805986998	0.0134705939616924	0.213597873939221	11.7284808481104	3.24510337006997	6.44226558860859	6.4464	0.00263662191936298		30G3A09	5.3	1	0.1828	2024-02-29
I9	0.322140853473768	0.00677375796219866	0.348737803889993	11.0130914305343	1.98758830510555	11.9597043727359	11.9678125	0.00549014617471742		30G3A09	5.6	1	0.3308	2024-02-29
J1	0	0.025093556946028	0	-71.9356219332177	22.713103917693	1.14216782632177	1.075225	0.00249852223055183	questionable fit (k < n0)	28D10	3.2	1	0.0284	2024-02-29
J10	0.150247699627831	0.0152983910693536	0.106310025478783	20.479268459922	6.52005469322629	4.08548057395363	4.067975	0.00345887850223978		28D10	5.9	1	0.1466	2024-02-29
J11	0.341120927578562	0.010333361313477	0.166795875988261	20.7804823199162	4.15566138223182	9.31136969880756	9.3584375	0.00620844620678271		28D10	6.2	1	0.3301	2024-02-29
J12	0.134172803408606	0.0183263269483975	0.112496003906605	16.3910460340017	6.16152713420293	4.12554318475197	4.117925	0.00149738005010313		28D10	6.5	1	0.1326	2024-02-29
J13	0.145731336506012	0.0191569531120196	0.135203401576035	13.9653617279633	5.12669927294792	4.84758823272902	4.8413875	0.0022829127227134		28D10	6.8	1	0.1456	2024-02-29
J14	0.173554243376308	0.00671893988337975	0.218123577710954	14.7259492359025	3.17777283792065	5.77863643502808	5.81315	0.00525748626941791		28D10	7.1	1	0.1732	2024-02-29
J15	0.166297528991957	0.0111386386576233	0.184663979210948	14.2639061397054	3.75355921345191	5.58271688500903	5.599	0.00593848748282598		28D10	7.4	1	0.1722	2024-02-29
J16	0.123681609353596	0.0187536314677843	0.113186915213936	15.2127723836875	6.12391617219905	3.92600963320036	3.9219625	0.0049378127905514		28D10	7.7	1	0.1261	2024-02-29
J17	0.118021693563001	0.0211623065037739	0.119996147832608	12.6757294484394	5.77641193554704	4.01200040861091	3.997925	0.0056149650927026		28D10	8	1	0.1257	2024-02-29
J18	0.092908240034557	0.016511951521425	0.151829294478383	10.0892892063386	4.56530594402935	3.42290808821959	3.411675	0.0069532202900757		28D10	8.3	1	0.1053	2024-02-29
J19	0	0.00619158466513799	0	8.03058770223731	2.28303898810036	3.07563037308582	3.082275	0.00428962669855174		28D10	8.6	1	0.0871	2024-02-29
J2	0	0.0183	0	-26.7488460791902	12.3943530011811	0.744974070767735	0.6999625	0.00148915479843924	questionable fit (k < n0)	28D10	3.5	1	0.0183	2024-02-29
J20	0	0.00612023260726599	0	9.46176031113576	3.01052559254693	2.3032473293331	2.3164	0.0086766332852486		28D10	8.9	1	0.0857	2024-02-29
J21	0	0.018051986725002	0	7.59165511260401	8.07357441553961	1.90081771067716	1.8973625	0.00224403664451778		28D10	9.2	1	0.0589	2024-02-29
J22	0	0.0127549476677317	0	13.0267888160778	7.78551654869255	1.74136475271562	1.739825	0.00227070410822953		28D10	9.5	1	0.0583	2024-02-29
J23	0	0.0137618174369715	0	15.4643861383078	9.94281129425903	1.62237157289794	1.6195375	0.00247351340078945		28D10	9.8	1	0.0593	2024-02-29
J24	0	0.0118066445344657	0	15.7073445407242	7.38598802912497	1.95095943564631	1.943125	0.00451664810381702		28D10	10.1	1	0.0723	2024-02-29
J3	0	0.0193558966518296	0	-1.0293975803954	0.71103098777564	1.26648574760517	1.262925	0.00230166371072861	questionable fit	28D10	3.8	1	0.0299	2024-02-29
J4	0	0.0250940391078617	0	-34.5657387476173	14.29255915631	1.06272017357699	1.0102375	0.00232645984458275	questionable fit (k < n0)	28D10	4.1	1	0.0264	2024-02-29
J5	0	0.0227065907973618	0	3.71624079311341	10.7312228808497	1.87470732308315	1.8700375	0.000723804871906902		28D10	4.4	1	0.0496	2024-02-29
J6	0	0.0227729856531918	0	7.69006097600508	12.4725015736163	1.91962020200989	1.9152125	0.000471740228641159		28D10	4.7	1	0.0524	2024-02-29
J7	0.117681784083347	0.0205853007350333	0.0869807255630448	17.8330070628333	7.96897446041126	3.40660365079691	3.4019875	0.00113665169080343		28D10	5	1	0.1123	2024-02-29
J8	0.0864170098129159	0.0156190150211318	0.101782025412348	14.8488064413036	6.81011384624948	2.74085026668826	2.7384125	0.000935071358233957		28D10	5.3	1	0.0839	2024-02-29
J9	0.144881274586328	0.0176658498190515	0.0926930334340771	21.2987799314423	7.47787783914644	3.81827464669085	3.814375	0.00144238440253384		28D10	5.6	1	0.1359	2024-02-29
K1	0	0.0180733553566337	0	-152.388269244192	27.2259442666549	0.863424676658197	0.8429875	0.00107697462049223	questionable fit (k < n0)	28G1A08	3.2	1	0.021	2024-02-29
K10	0	0.00413402626077814	0	18.2755132425371	4.45599739653907	2.2242812943262	2.19755	0.00489571786535364		28G1A08	5.9	1	0.0819	2024-02-29
K11	0.112474086072455	0.015812470774894	0.0903719558351239	20.032956489838	7.669936698333	3.07344949958612	3.062025	0.00490156162635888		28G1A08	6.2	1	0.1093	2024-02-29
K12	0.111885782902697	0.00741268985171865	0.0690708595675194	38.3046656098011	10.0353055528774	1.65812383269596	1.662025	0.00494662552804686		28G1A08	6.5	1	0.0675	2024-02-29
K13	0.207342377210627	0.0121037534489164	0.042640672603705	65.2125481460209	16.2555405024197	1.62733932353348	1.6261125	0.00477898095784015		28G1A08	6.8	1	0.0623	2024-02-29
K14	0	0.0112308811198898	0	3.93882918418166	15.0949485768523	0.83267952477711	0.8296125	0.00311879365565792		28G1A08	7.1	1	0.0261	2024-02-29
K15	0	0.0102557279119416	0	-2.08392780432847	3.24072159376483	0.771942639543819	0.7694625	0.00277968244225509	questionable fit	28G1A08	7.4	1	0.0283	2024-02-29
K16	0	0.00870897872402726	0	-8.40520506270956	13.1091513276556	0.568226120302083	0.5666875	0.00173144864613509	questionable fit	28G1A08	7.7	1	0.0238	2024-02-29
K17	0	0.00815480708198931	0	-0.640467966990112	1.01586055590418	0.637159738418173	0.635775	0.00281229575037742	questionable fit	28G1A08	8	1	0.0243	2024-02-29
K18	0	0.00948790357771022	0	-3.89890424065001	3.57548424865867	0.64438689261979	0.6425375	0.00231506583410123	questionable fit	28G1A08	8.3	1	0.0238	2024-02-29
K19	0	0.00848251325851133	0	-463.559509298798	134.822115163114	0.404177683740947	0.402475	0.00165349822269475	questionable fit (k < n0)	28G1A08	8.6	1	0.0137	2024-02-29
K2	0	0.00821879240540205	0	-12.0058794857539	7.27618153047569	0.292281509883004	0.2821875	0.000359202033385424	questionable fit (k < n0)	28G1A08	3.5	1	0.00939999999999999	2024-02-29
K20	0	0	0	0	0	0	0	0	cannot fit data	28G1A08	8.9	1	0.00939999999999999	2024-02-29
K21	0	0	0	0	0	0	0	0	cannot fit data	28G1A08	9.2	1	0.0118	2024-02-29
K22	0	0.00911817096051913	0	-17.649557825032	12.4686044889757	0.320237905771636	0.2951625	0.000862950305408404	questionable fit (k < n0)	28G1A08	9.5	1	0.0098	2024-02-29
K23	0	0	0	0	0	0	0	0	cannot fit data	28G1A08	9.8	1	0.00990000000000001	2024-02-29
K24	0	0.00513649235129773	0	-33.6052401495091	28.0149734421523	0.190173901286279	0.1468375	0.0014406737004274	questionable fit (k < n0)	28G1A08	10.1	1	0.0073	2024-02-29
K3	0	0.0127338552037341	0	901.819015222273	33.1673693852486	1.05911935335136	1.0576625	0.00097312592231384		28G1A08	3.8	1	0.0367	2024-02-29
K4	0	0.00447379903114262	0	17.6553942247236	4.75126932408428	1.90546793234034	1.9202	0.00252851478061452		28G1A08	4.1	1	0.0617	2024-02-29
K5	0	0.00889668575443406	0	13.5093495737113	4.52044872235417	2.69905772935928	2.7089625	0.00355984516292491		28G1A08	4.4	1	0.0813	2024-02-29
K6	0	0.00529844300283577	0	14.6289948918346	3.99703520922993	2.39574108590333	2.4032125	0.00244641404655979		28G1A08	4.7	1	0.0775	2024-02-29
K7	0	0.0106403524986444	0	12.3111295727556	4.65057173627205	2.69977672358816	2.6959375	0.00456814143734227		28G1A08	5	1	0.0834	2024-02-29
K8	0	0.0050818144511618	0	16.0390439596213	4.20903942418661	2.42708631912628	2.4200625	0.00328517098733602		28G1A08	5.3	1	0.0875	2024-02-29
K9	0.098879651058322	0.009625045643871	0.149030559731736	14.944078598623	4.65104057723229	3.22501332784684	3.2119375	0.00440518673598655		28G1A08	5.6	1	0.105	2024-02-29
L1	0	0.0298	0	-16.4485903249612	6.3870273632288	1.23711906604711	1.1679375	0.00254567837803777	questionable fit (k < n0)	26G1B04	3.2	1	0.0298	2024-02-29
L10	0.246802639051499	0.0039778217038405	0.205158464862785	20.0411224122107	3.37859410784508	6.93379094926382	7.079175	0.0129500662416853		26G1B04	5.9	1	0.245	2024-02-29
L11	0.567705164536971	0.0110386360580919	0.236301574514417	16.5913616479438	2.9333159628086	17.8984252788581	18.0233875	0.0159734725780856		26G1B04	6.2	1	0.5626	2024-02-29
L12	0.316981402319844	0.00646954861297633	0.179333940077263	21.5860741990206	3.86511990012216	8.41446856164785	8.55625	0.0142608114670546		26G1B04	6.5	1	0.31	2024-02-29
L13	0.321603774334221	0.00744126986762131	0.193689219976843	19.3240948939703	3.57865647165505	9.25381293808785	9.3785	0.0140424063173845		26G1B04	6.8	1	0.3224	2024-02-29
L14	0.35249769146828	0.000736791950558269	0.363387026180732	16.9747430607508	1.90746265172166	11.0047148343426	11.3082875	0.0230894481852592		26G1B04	7.1	1	0.3759	2024-02-29
L15	0.350965891835773	0.00609947049561673	0.246413090658614	16.37475989338	2.81294787832619	11.1450650607857	11.313225	0.0237283496445176		26G1B04	7.4	1	0.3699	2024-02-29
L16	0.314138001866033	0.00938274908810972	0.198896041671018	17.4997761417812	3.48497222336097	9.59964367758941	9.716075	0.0222105024010569		26G1B04	7.7	1	0.3344	2024-02-29
L17	0.259681553066388	0.0206877251505559	0.178179905759128	13.7327336663726	3.89015348058929	8.83258224172062	8.8466375	0.0133892316548802		26G1B04	8	1	0.2678	2024-02-29
L18	0.190359972281437	0.0228821082774579	0.16833105050794	11.8248883617437	4.11776186549284	6.78196312039683	6.776575	0.00583705832219555		26G1B04	8.3	1	0.1947	2024-02-29
L19	0.123610994765387	0.0234576068350078	0.205116262532906	7.07651380050282	3.37928924796368	4.95659429529742	4.9411125	0.00734432856132264		26G1B04	8.6	1	0.1262	2024-02-29
L2	0	0.0222501027076588	0	-38.0083891679039	17.765683405186	0.926995229420986	0.85705	0.00240275794663192	questionable fit (k < n0)	26G1B04	3.5	1	0.0238	2024-02-29
L20	0.126478670240717	0.0228635986550884	0.146662954175386	10.3034657859369	4.72612313352867	4.62443754978181	4.6125625	0.00482129488424957		26G1B04	8.9	1	0.1275	2024-02-29
L21	0.10490171810922	0.0181686691683031	0.196491010323054	7.95525637296123	3.52762795315842	4.12037281935105	4.1120625	0.00608548453768481		26G1B04	9.2	1	0.112	2024-02-29
L22	0.0974834754011755	0.0161175638246777	0.175154674154265	9.24352614771447	3.95734332473176	3.69760612312522	3.692375	0.00395011107288512		26G1B04	9.5	1	0.1076	2024-02-29
L23	0.0950706556004963	0.019908504149249	0.151004256230479	8.79777065640889	4.59024929404632	3.59967187172479	3.5901375	0.004725840144524		26G1B04	9.8	1	0.0966	2024-02-29
L24	0.0948733564482839	0.023119377752176	0.0968798425754954	11.6904832377439	7.15471002153825	3.21832979284579	3.2102	0.00512471274710059		26G1B04	10.1	1	0.0961	2024-02-29
L3	0.115659030740886	0.0329349934619236	0.0803352912451114	11.4641333625702	8.62817785081628	3.83967021167766	3.82875	0.00448488071454343		26G1B04	3.8	1	0.1142	2024-02-29
L4	0.197121308981138	0.0258409652339668	0.116772489122548	16.1967997166976	5.93587741229457	6.11099816743498	6.1066625	0.00309031641533616		26G1B04	4.1	1	0.1898	2024-02-29
L5	0.20876246857209	0.024587215044339	0.173735872468701	11.5903592408301	3.98966068843852	7.49416374604937	7.4935125	0.00427842453495478		26G1B04	4.4	1	0.2071	2024-02-29
L6	0.185045107984216	0.0240228952122045	0.148856335983407	12.7810144434987	4.65648422675949	6.38755788610692	6.3869125	0.00478958930340538		26G1B04	4.7	1	0.1831	2024-02-29
L7	0.368963765747185	0.0177872910063671	0.207179785838318	14.3971799575195	3.34563132090924	12.3855384608129	12.4454875	0.0160340389004522		26G1B04	5	1	0.3763	2024-02-29
L8	0.202481432309356	0.0141954072890985	0.195058511894825	13.2526579295738	3.55353464879138	7.00181597069502	7.0339	0.0100474632404694		26G1B04	5.3	1	0.2034	2024-02-29
L9	0.486223633748699	0.0100063213732306	0.246400573620145	15.6763322475278	2.81309077481496	15.7732599901906	15.913675	0.0198649185356523		26G1B04	5.6	1	0.4971	2024-02-29
M1	0	0.00749975835334288	0	-0.838820844759178	0.708300565551929	0.516532404172492	0.506275	0.000656217970407734	questionable fit	25G4B06	3.2	1	0.0116	2024-02-29
M10	0	0.0000668164051750502	0	188.797259768205	6.15217663195673	0.134779349266643	0.1430875	0.0010406925284135		25G4B06	5.9	1	0.015	2024-02-29
M11	0.335222695714352	0.00123423013895382	0.126989885698936	44.1031899581083	5.45828651427595	2.59493935190486	2.60265	0.00546537057802247		25G4B06	6.2	1	0.2081	2024-02-29
M12	0	0.00077194035317858	0	164.506686405517	6.0686096633485	1.65576370634419	1.7103375	0.00460740587332781		25G4B06	6.5	1	0.1785	2024-02-29
M13	0.88002746392267	0.000689942735075929	0.102030857886189	70.0799310399358	6.79350536612291	0.872070754062311	0.86255	0.00323201350993357		25G4B06	6.8	1	0.0879	2024-02-29
M14	0	0.00288136760589085	0	36.1513000297661	13.7931283508873	0.36511101533521	0.3624875	0.00355337759647654		25G4B06	7.1	1	0.0267	2024-02-29
M15	0	0.000310551334332042	0	2.18996809074199	0.451044225174892	0.427685180622873	0.4271	0.00104508915284415		25G4B06	7.4	1	0.0116	2024-02-29
M16	0	0.00218163061877021	0	16.929044229088	20.6371422308279	0.161963496710304	0.1614	0.000267216728082991		25G4B06	7.7	1	0.00460000000000001	2024-02-29
M17	0	0.00321391012295007	0	1882.35468803017	101.470973350802	0.183456912766149	0.1830875	0.00149521265083652		25G4B06	8	1	0.00849999999999999	2024-02-29
M18	0	0.00121932319257249	0	20.9473270015779	25.1935043524027	0.085092419270315	0.0847625000000001	0.000203634882627426		25G4B06	8.3	1	0.00260000000000001	2024-02-29
M19	0	0.0000397911520054017	0	5.74747999565607	1.73498493665108	0.0183692727654847	0.0184249999999999	0.000201882857561659		25G4B06	8.6	1	0.0011	2024-02-29
M2	0	0.000156730385301934	0	5.91314628044951	2.60101869962205	0.0380242384596426	0.038175	0.00100543976974565		25G4B06	3.5	1	0.0038	2024-02-29
M20	0	0.00181777584604885	0	-34.3560990313797	18.9626769370179	0.0727990317155177	0.0693249999999999	0.00104452285448595	questionable fit (k < n0)	25G4B06	8.9	1	0.00899999999999999	2024-02-29
M21	0	0.0107438286275905	0	7799.90059661456	669.183955680218	0.530990197010742	0.528175	0.0010009993755321		25G4B06	9.2	1	0.0165	2024-02-29
M22	0	0	0	0	0	0	0	0	cannot fit data	25G4B06	9.5	1	0.005	2024-02-29
M23	0	0.0000289083259001208	0	4.67623345858521	1.39281923422601	0.0140923429983765	0.0140749999999999	0.0001908609045415		25G4B06	9.8	1	0.000899999999999998	2024-02-29
M24	0	0.00138221486476365	0	-4.66199843049626	208009.511599659	0.0156476611306912	0.0126875	0.000290430598606901	questionable fit (k < n0)	25G4B06	10.1	1	0.0023	2024-02-29
M3	0	0.00276959697451652	0	31.9825934750695	21.9341743706701	0.220535157404398	0.2199125	0.00143065703393137		25G4B06	3.8	1	0.0098	2024-02-29
M4	0	0.00307785210348583	0	386.520014042283	14.8018102069118	0.562322278553813	0.5693125	0.00227935942371692		25G4B06	4.1	1	0.0288	2024-02-29
M5	0	0.00408498462014902	0	42.7083514665246	11.5774398408152	0.755035791451173	0.7534375	0.0013773860282955		25G4B06	4.4	1	0.0377	2024-02-29
M6	0	0.0098063378725288	0	494.569163601656	21.0603302491965	1.15783795976502	1.154775	0.00254709353004862		25G4B06	4.7	1	0.0546	2024-02-29
M7	0	0.000566517934335816	0	18.9367482935762	3.33387267438656	0.864141820318886	0.8766625	0.00393786431782135		25G4B06	5	1	0.0379	2024-02-29
M8	0	0.000552104265910409	0	22.7292736236511	4.53519290067878	0.466495905572597	0.4597375	0.00365055659697321		25G4B06	5.3	1	0.0285	2024-02-29
M9	0	0.0000651704104135886	0	25.5643903184496	2.61528354784953	1.29418685671621	1.3216125	0.00458644971219839		25G4B06	5.6	1	0.0748	2024-02-29
N1	0	0.0106508831736419	0	-1.4218104605441	0.442604042032189	0.567984731007273	0.554275	0.000720816675571315	questionable fit	24G2B02	3.2	1	0.0127	2024-02-29
N10	0	0.0000496730317023584	0	19.499778760502	2.05755272253622	1.01733316933827	1.0125625	0.00108313983218769		24G2B02	5.9	1	0.0369	2024-02-29
N11	0	0.0043004241485814	0	16.4916641236675	5.29312300205297	1.28858226160039	1.2920375	0.00439860692266343		24G2B02	6.2	1	0.0399	2024-02-29
N12	0	0.00267306527812957	0	25.950806877248	6.14283266984421	1.18342998696209	1.1878	0.00180957443869637		24G2B02	6.5	1	0.0504	2024-02-29
N13	0	0.00439435710732256	0	43.7784775743093	21.5300296946533	0.381194690187185	0.3803625	0.00232383739037755		24G2B02	6.8	1	0.0157	2024-02-29
N14	0	0.00041497227344143	0	8.72751671735817	2.20355877020287	0.270044855662492	0.27305	0.00298476805064105		24G2B02	7.1	1	0.0169	2024-02-29
N15	0	0.00119388216367238	0	8.47799788976907	22.7913358189394	0.0807785170044119	0.0804125000000001	0.000362343924497289		24G2B02	7.4	1	0.00359999999999999	2024-02-29
N16	0	0.00102137623972972	0	2.95637473552475	1.68899220571326	0.198857473469892	0.199725	0.00327894055279382		24G2B02	7.7	1	0.0124	2024-02-29
N17	0	0	0	0	0	0	0	0	cannot fit data	24G2B02	8	1	0.01	2024-02-29
N18	0	0.00653118672941672	0	-340.874341105534	70.7176681621618	0.312478231772812	0.30805	0.000592430852275944	questionable fit (k < n0)	24G2B02	8.3	1	0.0117	2024-02-29
N19	0	0.00129610347276924	0	-3.04424520906176	8.01510786969271	0.0194947232785305	0.0153	0.000224213464852381	questionable fit (k < n0)	24G2B02	8.6	1	0.00220000000000001	2024-02-29
N2	0	0.000000042389151617711	0	0.210825923566845	0.013450121200269	0.106387591613774	0.10625	0.000127594813992669		24G2B02	3.5	1	0.0025	2024-02-29
N20	0	0.00251989621752872	0	-2.17270359228838	1.41934987162984	0.0808558863050282	0.0803874999999999	0.00121508953207916	questionable fit (k < n0)	24G2B02	8.9	1	0.00609999999999999	2024-02-29
N21	0	0.00216398633952514	0	-4.23953518700401	4.73893736775611	0.0534742453626886	0.0485874999999999	0.000194323804250809	questionable fit (k < n0)	24G2B02	9.2	1	0.00260000000000001	2024-02-29
N22	0	0	0	0	0	0	0	0	cannot fit data	24G2B02	9.5	1	0.00779999999999999	2024-02-29
N23	0	0	0	0	0	0	0	0	cannot fit data	24G2B02	9.8	1	0.0042	2024-02-29
N24	0	0	0	0	0	0	0	0	cannot fit data	24G2B02	10.1	1	0.0073	2024-02-29
N3	0	0.00303464113788766	0	39.5804088945306	49.2917981137431	0.179173082561102	0.1784875	0.000156836390518547		24G2B02	3.8	1	0.0045	2024-02-29
N4	0	0.000656132735877529	0	20.2673446655226	3.80170717193439	0.753371173240067	0.7733875	0.00187491603471813		24G2B02	4.1	1	0.0263	2024-02-29
N5	0	0.0021129464332096	0	13.6847658221865	3.57727532608433	1.09575145479554	1.1071	0.00201863113917648		24G2B02	4.4	1	0.0323	2024-02-29
N6	0	0.00235438371322626	0	15.5387442500656	4.03486973034404	1.17320384782897	1.1806375	0.00143400493640301		24G2B02	4.7	1	0.0362	2024-02-29
N7	0	0.0026139592866876	0	13.8775904640782	3.7277241400613	1.26001516760565	1.264925	0.00176824957437493		24G2B02	5	1	0.0387	2024-02-29
N8	0	0.000609201437232052	0	19.064562236077	3.17660049304355	1.152427845883	1.14845	0.000822655517886332		24G2B02	5.3	1	0.0421	2024-02-29
N9	0	0.000700928009648276	0	15.4170280770715	2.71284967306634	1.200727455581	1.2066375	0.0013073963679119		24G2B02	5.6	1	0.0382	2024-02-29
O1	0	0.0154972598468137	0	-28.9658300516757	11.9730512267754	0.649849162932292	0.6121375	0.00121656574439143	questionable fit (k < n0)	23G4B04	3.2	1	0.016	2024-02-29
O10	0.116375398312985	0.00158176322899064	0.219458679622865	19.5234740939242	3.15844049436142	3.33093225131271	3.321325	0.0023456682368053		23G4B04	5.9	1	0.1208	2024-02-29
O11	0.124983900479152	0.0045959145180065	0.154650167033627	21.1157352465824	4.48203318402643	3.366950628308	3.394875	0.00480506812578897		23G4B04	6.2	1	0.1247	2024-02-29
O12	0.123947664891269	0.00806729093219657	0.110443272508064	24.1276866369189	6.27604710381372	2.98412284540094	2.9865375	0.00182663738579394		23G4B04	6.5	1	0.1165	2024-02-29
O13	0	0.00682642392953115	0	9.52706330133308	4.73985032616772	1.27609159101676	1.2757875	0.00112682961042746		23G4B04	6.8	1	0.0359	2024-02-29
O14	0	0.00652953936311994	0	8.06586157112223	3.88958139521445	1.32469091118181	1.32435	0.00181590958254326		23G4B04	7.1	1	0.0388	2024-02-29
O15	0	0.00339716175316844	0	6.22292254198288	2.77084126035831	0.80407322682137	0.806275	0.00389439474263253		23G4B04	7.4	1	0.0316	2024-02-29
O16	0	0.004072629957893	0	7.12153267256283	3.9139399010239	0.731883910733081	0.7307125	0.00342181648364706		23G4B04	7.7	1	0.0266	2024-02-29
O17	0	0.00442558610528385	0	7.41046174553989	3.24484656093733	1.03684204490621	1.0393375	0.00260712169797021		23G4B04	8	1	0.0323	2024-02-29
O18	0	0.00630813735947551	0	2.40794344047387	3.65554968279586	0.702795920835413	0.7018875	0.00214985027177177		23G4B04	8.3	1	0.0233	2024-02-29
O19	0	0.00434829176397252	0	5.08325594688423	5.33403514662037	0.509876450366597	0.5085625	0.0018675905748548		23G4B04	8.6	1	0.0178	2024-02-29
O2	0	0.00957396059949671	0	-15.8524215587978	10.839007083484	0.335414865809524	0.3211375	0.000637954722144518	questionable fit (k < n0)	23G4B04	3.5	1	0.0096	2024-02-29
O20	0	0.00577221677034258	0	-0.953531243455276	6.46824404638767	0.463998376250289	0.4627125	0.00182511287279036	questionable fit	23G4B04	8.9	1	0.0168	2024-02-29
O21	0	0.00411167016201792	0	0.420376227787144	3.38537796230812	0.383243110141327	0.3827125	0.00214541531999122		23G4B04	9.2	1	0.021	2024-02-29
O22	0	0.00593313388282359	0	-25.0176944107603	13.4011357866224	0.332243596289698	0.3311125	0.00124122187052773	questionable fit	23G4B04	9.5	1	0.0168	2024-02-29
O23	0	0.00641145647591306	0	-7.59949209732254	4.35416606197863	0.387561787076214	0.3863875	0.000941594829534396	questionable fit	23G4B04	9.8	1	0.0124	2024-02-29
O24	0	0.00200203570964572	0	6.50502959803999	3.26683488457882	0.404821463570284	0.4058625	0.00275158171608304		23G4B04	10.1	1	0.0163	2024-02-29
O3	0	0.0075054771341309	0	-1.5946076418736	3.31492025488191	0.587665762167013	0.586275	0.000503225708933855	questionable fit	23G4B04	3.8	1	0.0137	2024-02-29
O4	0	0.00705298891645562	0	2.86580549715309	6.09361675909827	0.683185912324041	0.6815125	0.000418440954537758		23G4B04	4.1	1	0.018	2024-02-29
O5	0.13633073852626	0.0101645285530306	0.0529594260155284	47.5589765102963	13.0882683727861	1.62891822554284	1.6272875	0.000553978995185965		23G4B04	4.4	1	0.0677	2024-02-29
O6	0.150276024783179	0.0102397734498878	0.0508295398478859	51.4586958623063	13.6366998921155	1.60588027504474	1.6046875	0.000645583441491486		23G4B04	4.7	1	0.0671	2024-02-29
O7	0.112704381066037	0.00310474227582991	0.157977304933944	22.5595908937788	4.38763771068114	2.88214190083021	2.9362875	0.0071707810259748		23G4B04	5	1	0.112	2024-02-29
O8	0.0887807398351813	0.00190503499933439	0.187348824697979	20.3896557262349	3.69976796853331	2.46129987215999	2.4978375	0.0035928524805404		23G4B04	5.3	1	0.0886	2024-02-29
O9	0.129735770731131	0.00429386456029066	0.113455806400771	29.7442299524319	6.10940244090704	2.48871173404208	2.5073875	0.0040945281319484		23G4B04	5.6	1	0.1126	2024-02-29
