sample	k	n0	r	t_mid	t_gen	auc_l	auc_e	sigma	note	strain	pH	replicate	max.OD	date
A1	0	0.00343453694512316	0	-55.4133217046074	43.9952209143605	0.137447281626961	0.12	0.000970138508680557	questionable fit (k < n0)	36G2A02	3.2	1	0.00700000000000001	2023-10-20
A10	0.12226508461191	0.00331193068089	0.269384636290688	13.2939966207824	2.57307614162518	4.25593618199708	4.27125013888889	0.00752841846922444		36G2A02	5.9	1	0.133	2023-10-20
A11	0.162604111759506	0.00239188152876612	0.233846745245202	17.97937817809	2.96410873639973	4.90505290920813	4.89637513888889	0.00389600948324628		36G2A02	6.2	1	0.168	2023-10-20
A12	0.147642732787373	0.00530224153341709	0.151544329045811	21.7104287034088	4.57389058979838	3.89347881849469	3.867375	0.00837716713063422		36G2A02	6.5	1	0.182	2023-10-20
A13	0	0.00561212737030097	0	18.9729551746814	5.18501346303974	2.20440227660157	2.18100013888889	0.00391475560525743		36G2A02	6.8	1	0.08	2023-10-20
A14	0	0.00265891045348348	0	12.3796045981219	3.14707643331742	1.5384912905724	1.5415	0.00122262420366604		36G2A02	7.1	1	0.047	2023-10-20
A15	0	0.00717145169320447	0	9.59090989047274	4.0112707600647	1.68449515471994	1.68250013888889	0.00157285201179261		36G2A02	7.4	1	0.045	2023-10-20
A16	0	0.00538819772014162	0	16.7068711431987	5.47940553424718	1.53659823198319	1.52750013888889	0.00249183816318317		36G2A02	7.7	1	0.049	2023-10-20
A17	0	0.00447613389841858	0	12.4128944127551	4.21996159749104	1.36263360897438	1.35937513888889	0.00109595213620174		36G2A02	8	1	0.041	2023-10-20
A18	0	0.00332656348725456	0	15.6651421948338	4.81805534178169	1.11695620512547	1.11325	0.00130805964265748		36G2A02	8.3	1	0.038	2023-10-20
A19	0	0.00125879123455357	0	16.2312751387608	3.84961073324077	0.781653968646897	0.781749861111111	0.000667627269289451		36G2A02	8.6	1	0.026	2023-10-20
A2	0	0.00356877231885681	0	-10.7891478775446	22.7451760905229	0.0840086332529916	0.0694999999999996	0.000819071476410154	questionable fit (k < n0)	36G2A02	3.5	1	0.00399999999999999	2023-10-20
A20	0	0.000297732767883987	0	25.1576619076808	4.08380664436493	0.498400114210865	0.489999861111111	0.00128681656176098		36G2A02	8.9	1	0.023	2023-10-20
A21	0	0	0	0	0	0	0	0	cannot fit data	36G2A02	9.2	1	0.00499999999999999	2023-10-20
A22	0	0.00124100928615358	0	30.5850483813286	10.7180389714216	0.203290228858098	0.20375	0.00291923541902865		36G2A02	9.5	1	0.014	2023-10-20
A23	0	0.00955513868412117	0	5.09879737014888	1.72873663519659	3.56815000497434	3.56625097222222	0.0164004607121503		36G2A02	9.8	1	0.106	2023-10-20
A24	0.115934997542242	0.0170340097198661	0.226355686573955	7.77054615220619	3.06220352159555	4.60639951845828	4.58437569444444	0.00673977733737985		36G2A02	10.1	1	0.122	2023-10-20
A3	0	0.00976466002822875	0	-0.954353070525928	2.20655073690137	0.789475211135212	0.78075	0.000486022002788206	questionable fit	36G2A02	3.8	1	0.018	2023-10-20
A4	0	0.00763098374499718	0	30.1835764479315	11.5522993591216	1.10597703251926	1.10425	0.00182266388796646		36G2A02	4.1	1	0.046	2023-10-20
A5	0.156395476577531	0.0034914270288085	0.114191119506439	33.0980208483109	6.07006204646991	2.55625287779561	2.584375	0.00451559636208089		36G2A02	4.4	1	0.127	2023-10-20
A6	0.143560427430354	0.00339922523079022	0.155981654239883	23.8441225043716	4.44377374978956	3.49552979395232	3.50862513888889	0.00703362817564216		36G2A02	4.7	1	0.156	2023-10-20
A7	0.142876217124614	0.00544029866906007	0.188358994694007	17.1445160044589	3.67992609902159	4.41049824264052	4.40637513888889	0.00773204918868433		36G2A02	5	1	0.156	2023-10-20
A8	0.135237193634286	0.00333217766177877	0.247155370141005	14.883172648679	2.80449977746588	4.49280686687935	4.4925	0.00944329754275617		36G2A02	5.3	1	0.154	2023-10-20
A9	0.140498414641366	0.00616450394726248	0.253968572594462	12.1334733235401	2.72926359934607	5.04319009785418	5.00150013888889	0.012875771399584		36G2A02	5.6	1	0.159	2023-10-20
B1	0	0	0	0	0	0	0	0	cannot fit data	36G2A02	3.2	2	0.002	2023-10-20
B10	0.304219513474102	0.00338694586872311	0.209535110952796	21.4122838131608	3.30802402236109	8.13981263608291	8.17962513888889	0.0131063094496069		36G2A02	5.9	2	0.311	2023-10-20
B11	0.26955723126696	0.00285638882673247	0.202950450316216	22.3530886669435	3.415351774189	6.96132044695056	6.971	0.00925697881240262		36G2A02	6.2	2	0.277	2023-10-20
B12	0.218523585997131	0.00737298409783945	0.117579241109577	28.5318146136964	5.8951492969237	4.41056921221076	4.40037513888889	0.0140488432279237		36G2A02	6.5	2	0.187	2023-10-20
B13	0.232443499462365	0.00096185947359087	0.246879983463531	22.210741433489	2.80762810672473	6.03976388269504	6.08587486111111	0.00860973049487627		36G2A02	6.8	2	0.243	2023-10-20
B14	0	0.00702012015000321	0	9.93808914098314	4.19558620022217	1.61018483571379	1.60862486111111	0.00153783850832531		36G2A02	7.1	2	0.045	2023-10-20
B15	0.160648725148658	0.00181815410111036	0.247784743432814	18.0399173290529	2.79737634753889	4.83892576553225	4.862875	0.006893169202555		36G2A02	7.4	2	0.173	2023-10-20
B16	0	0.00539149113595869	0	13.1687928826572	4.42687384380056	1.63855914297423	1.63575041666667	0.00466877175763375		36G2A02	7.7	2	0.056	2023-10-20
B17	0.132048268929179	0.00550779630745193	0.129066419799639	24.2851518200626	5.37046879921188	3.1605975983309	3.143875	0.0089113416044684		36G2A02	8	2	0.181	2023-10-20
B18	0	0.00213721963465088	0	14.1143496223254	3.54448286502373	1.2131574910967	1.21149986111111	0.00154059346306214		36G2A02	8.3	2	0.038	2023-10-20
B19	0	0.00130568372848569	0	17.1861928796876	3.9375039346463	0.867992626361195	0.867	0.0011696862990915		36G2A02	8.6	2	0.03	2023-10-20
B2	0	0.00328865323935521	0	-2.59801357952003	1.92212973487536	0.0991676886213128	0.0802499999999995	0.00108228373860049	questionable fit (k < n0)	36G2A02	3.5	2	0.00399999999999999	2023-10-20
B20	0.150569214262055	0.0000636846828097616	0.377285573189163	20.5886775972055	1.83719503160651	4.15796922227617	4.22962444444444	0.00589496678553422		36G2A02	8.9	2	0.162	2023-10-20
B21	0.123101395752978	0.0000000313635834888364	0.557278438536465	27.2446772858898	1.24380764197571	2.58021259841252	2.61812486111111	0.00572677468432084		36G2A02	9.2	2	0.134	2023-10-20
B22	0	0.000104633627666606	0	39.1979638180881	5.891623686885	0.121800609626406	0.1235	0.000740677452204783		36G2A02	9.5	2	0.00800000000000001	2023-10-20
B23	0.140646657732954	0.00000109912613919086	0.444021305405034	26.4840507594491	1.56106739051105	3.05495788987149	3.22887541666667	0.0124494872540748		36G2A02	9.8	2	0.175	2023-10-20
B24	0	0.0000000499352530677389	0	3.2700412442022	0.171137380487621	1.26759256906902	1.28225055555556	0.0199895831890317		36G2A02	10.1	2	0.057	2023-10-20
B3	0	0.00687855540235081	0	1.00201489016482	3.65475630911026	0.669050843971245	0.667625138888889	0.000626157567669258		36G2A02	3.8	2	0.016	2023-10-20
B4	0.05	0.007282360758953	0.0395798643976394	453.221157727003	17.5126214075985	1.05595825830872	1.056625	0.00137900455792798		36G2A02	4.1	2	0.05	2023-10-20
B5	0.122810466524939	0.00182708037924373	0.188236784801359	22.2747852624972	3.6823152355232	3.17962143532084	3.23150013888889	0.00454011241885872		36G2A02	4.4	2	0.12	2023-10-20
B6	0.164740943572242	0.000159238680768475	0.287724083758987	24.1229656826882	2.40906903413953	3.96725789389755	4.12062513888889	0.00875199561095184		36G2A02	4.7	2	0.163	2023-10-20
B7	0.204037016643182	0.000386466731405773	0.369492884669428	16.9613957010452	1.87594189041036	6.3737535554568	6.47087513888889	0.00722165339090467		36G2A02	5	2	0.213	2023-10-20
B8	0.357208332417072	0.00294156043002443	0.196983212073844	24.3224281552119	3.51881347279535	8.53230639637169	8.596625	0.0149435638491983		36G2A02	5.3	2	0.357	2023-10-20
B9	0.138021264755668	0.0041220607329881	0.296272302087936	11.7484289532302	2.33956119311556	5.01762812605307	4.98675013888889	0.0110962323100223		36G2A02	5.6	2	0.155	2023-10-20
C1	0	0.00446153037655192	0	0.857968584930375	0.775637706568866	0.659967426108341	0.659	0.000661416045714388		36G1B08	3.2	1	0.015	2023-10-20
C10	0.184692864705211	0.00584184654330951	0.423985796476393	8.0698604792044	1.63483585139046	7.39862159347278	7.39337541666667	0.0216467777954651		36G1B08	5.9	1	0.222	2023-10-20
C11	0.13984448285115	0.00908103166929468	0.337174585757181	7.91044841842533	2.05575155969531	5.60708541296364	5.57262597222222	0.0123596982316974		36G1B08	6.2	1	0.151	2023-10-20
C12	0.154105779324111	0.0239652581094055	0.149292656464349	11.3335085351291	4.64287525572611	5.51178404966934	5.47437625	0.0151812490938246		36G1B08	6.5	1	0.173	2023-10-20
C13	0.155655325257988	0.0206600144633785	0.187658936884319	10.0024006870482	3.69365398775136	5.82891501145909	5.78637597222222	0.0149389617807543		36G1B08	6.8	1	0.177	2023-10-20
C14	0.163301161771845	0.0108357792133924	0.330783345913404	7.99340128395147	2.09547182203485	6.53266089321265	6.50737638888889	0.0136421760427202		36G1B08	7.1	1	0.18	2023-10-20
C15	0.164002475378024	0.010075531756997	0.323923101552765	8.41671433257746	2.13985102401545	6.49323186962937	6.47012583333333	0.0152008170796082		36G1B08	7.4	1	0.189	2023-10-20
C16	0.168133844632621	0.00758945052857479	0.371370686820816	8.21769573298464	1.86645636060766	6.70226073045265	6.68937666666667	0.0136051719261611		36G1B08	7.7	1	0.188	2023-10-20
C17	0.173817951729686	0.00596223957374367	0.392278203548236	8.50839670945135	1.76697857359978	6.884468266129	6.86812555555556	0.00958700074551827		36G1B08	8	1	0.195	2023-10-20
C18	0.172472422662503	0.00542053038394676	0.371148925188337	9.23648324492981	1.86757156903583	6.70610766860874	6.69412541666667	0.00804416345879501		36G1B08	8.3	1	0.19	2023-10-20
C19	0.18853019266267	0.004810375776672	0.351176897086379	10.3726546018921	1.97378354416479	7.11861225609569	7.11412527777778	0.00998299514689395		36G1B08	8.6	1	0.204	2023-10-20
C2	0	0.00446561498851579	0	0.581537877449152	0.934069157719861	0.532446683781421	0.531499861111111	0.0014261516075453		36G1B08	3.5	1	0.015	2023-10-20
C20	0.182752317931615	0.00317958225332931	0.355042370325948	11.3615468304694	1.95229425694629	6.72414245412821	6.71237513888889	0.010489220347327		36G1B08	8.9	1	0.202	2023-10-20
C21	0.171655392128636	0.00341595181835631	0.292987957063054	13.3006560153122	2.36578727504071	5.97971579186806	5.96175027777778	0.00941449472705302		36G1B08	9.2	1	0.186	2023-10-20
C22	0.196870436272654	0.00280669678000856	0.289843985036129	14.6153745088457	2.39144924975257	6.60303654015026	6.59199986111111	0.0133610417998204		36G1B08	9.5	1	0.216	2023-10-20
C23	0.194490976936439	0.00175051332375125	0.276516473198625	17.0023702697841	2.5067120686949	6.06234256995817	6.034	0.00716216395661653		36G1B08	9.8	1	0.204	2023-10-20
C24	0.154913163701779	0.000259177347817269	0.281318690124393	22.719546232758	2.46392154127211	3.9474908826708	3.90987486111111	0.00586940341484535		36G1B08	10.1	1	0.16	2023-10-20
C3	0	0	0	0	0	0	0	0	cannot fit data	36G1B08	3.8	1	0.018	2023-10-20
C4	0.181877268526498	0.00280712129102249	0.313621736575415	13.2504148207502	2.21013756294046	6.34838355868591	6.35437486111111	0.00526653412341686		36G1B08	4.1	1	0.188	2023-10-20
C5	0.242158905864027	0.00809043132873778	0.304032830886532	11.0676588545559	2.27984319502203	8.96601551315053	8.94137527777778	0.00942667595929801		36G1B08	4.4	1	0.254	2023-10-20
C6	0.259641536397158	0.00662646471390604	0.359460365654877	10.1329046829982	1.92829932528763	9.86635222337851	9.858125	0.00565389094978328		36G1B08	4.7	1	0.263	2023-10-20
C7	0.230511147396282	0.00223413778285374	0.543585827831773	8.51145161426389	1.27513843273791	9.14561130496794	9.16362541666667	0.00868788331218929		36G1B08	5	1	0.248	2023-10-20
C8	0.21660610718978	0.00131981523694855	0.602910730039457	8.44980313702424	1.14966801223555	8.60896249590916	8.64162569444444	0.0158209409065513		36G1B08	5.3	1	0.248	2023-10-20
C9	0.129989678374025	0.00145464322360313	0.463640802519119	9.66576027498001	1.49500901731219	5.00651215104385	5.01600055555556	0.0133909729373663		36G1B08	5.6	1	0.159	2023-10-20
D1	0	0.00251883627538052	0	0.561715964397139	0.238272401528337	0.73404263812389	0.733375	0.000630707891712353		36G1B08	3.2	2	0.019	2023-10-20
D10	0.186031363924468	0.00540836956149574	0.42796324903749	8.19805039414408	1.61964183167332	7.4296709392716	7.41162583333333	0.0181840697764506		36G1B08	5.9	2	0.219	2023-10-20
D11	0.143671506736676	0.0121255358221831	0.281568296631224	8.46701415033363	2.46173730797461	5.6641927164734	5.62950069444444	0.0111614863470846		36G1B08	6.2	2	0.153	2023-10-20
D12	0.172002591383112	0.0319298554738181	0.0940900817443398	15.7149438295635	7.36684640622754	5.29695119278072	5.26712597222222	0.0150701870743385		36G1B08	6.5	2	0.176	2023-10-20
D13	0.154895310851564	0.0127869873577119	0.275340696748538	8.74611561452258	2.51741638175987	6.06349390944961	6.02825138888889	0.00981539413194621		36G1B08	6.8	2	0.169	2023-10-20
D14	0.151170084454277	0.0150785824546281	0.255160544329244	8.62222691061873	2.71651395940569	5.92145987491665	5.89650111111111	0.0148497091072574		36G1B08	7.1	2	0.175	2023-10-20
D15	0.165073735169043	0.00974197011109954	0.344181875784091	8.04551336577685	2.01389796885983	6.60005676725177	6.58150083333333	0.0161817616991159		36G1B08	7.4	2	0.189	2023-10-20
D16	0.151293596847558	0.00612216349920107	0.391327543046975	8.09040879505661	1.77127113303328	6.05306888088206	6.03225055555556	0.0109044962003346		36G1B08	7.7	2	0.168	2023-10-20
D17	0.174936645439955	0.00674273204988439	0.3924405724702	8.19653367758403	1.76624750136552	6.98137694165486	6.97025055555556	0.0104851019646947		36G1B08	8	2	0.2	2023-10-20
D18	0.161402540826552	0.00514132914552962	0.380486472243662	8.97329512401458	1.82173935507504	6.3183197418396	6.30175055555556	0.00677494045505319		36G1B08	8.3	2	0.176	2023-10-20
D19	0.169704774372497	0.00385444404346991	0.392886973769528	9.5749139794978	1.76424067692953	6.54573930720712	6.54537569444445	0.00973642093838807		36G1B08	8.6	2	0.191	2023-10-20
D2	0	0.00606048673386342	0	0.421102110725023	0.463349024039824	0.828327132939214	0.826874861111111	0.00103400857683183		36G1B08	3.5	2	0.02	2023-10-20
D20	0.165072891263666	0.0030460766193751	0.365277099768689	10.8791584205387	1.89759276176601	6.15302229196669	6.13874986111111	0.00937058583103642		36G1B08	8.9	2	0.185	2023-10-20
D21	0.158102177938824	0.00374267415245984	0.296372647302876	12.5500243895958	2.33876906950724	5.62431897391712	5.60575041666667	0.0080412940877815		36G1B08	9.2	2	0.171	2023-10-20
D22	0.172950300661427	0.00261697197729441	0.293248980721149	14.2395698986967	2.36368146567937	5.86531890013201	5.84450013888889	0.0118274148169442		36G1B08	9.5	2	0.19	2023-10-20
D23	0.17796251956737	0.00151579823340091	0.290081768873033	16.3990891265453	2.3894889473848	5.65502318283658	5.63574986111111	0.00645169571660379		36G1B08	9.8	2	0.187	2023-10-20
D24	0.148444656537071	0.000107319983318791	0.303213151844083	23.8493262776224	2.28600631715465	3.61537803359807	3.569125	0.00599354877887327		36G1B08	10.1	2	0.153	2023-10-20
D3	0.268006655878816	0.0000243532784244366	0.284017502119322	32.7656206916083	2.44050868480893	4.14938415157995	4.3405	0.00745885698324633		36G1B08	3.8	2	0.264	2023-10-20
D4	0.218744434307178	0.00832113799499207	0.189440124196395	17.0519428691799	3.65892486346424	6.77286880846722	6.702125	0.0109083669156442		36G1B08	4.1	2	0.227	2023-10-20
D5	0.251877945321989	0.0122170059934361	0.256661006894571	11.5966047693693	2.70063298257327	9.17206602541567	9.13062555555556	0.014237992964605		36G1B08	4.4	2	0.271	2023-10-20
D6	0.281738274670284	0.0104037813421141	0.277775986015166	11.7403346078315	2.49534594585905	10.2352912341144	10.1607501388889	0.0148356734423846		36G1B08	4.7	2	0.306	2023-10-20
D7	0.226256733583986	0.0038810955043466	0.478881350471445	8.45355650437873	1.44742989025896	8.98579409444824	9.01750055555556	0.00759220297101472		36G1B08	5	2	0.243	2023-10-20
D8	0.232342645795831	0.00218198586604523	0.523522729361467	8.89845257018614	1.32400589637315	9.12833510222499	9.14174944444444	0.00759982011731295		36G1B08	5.3	2	0.25	2023-10-20
D9	0.136953707015568	0.00320546251438472	0.366491698902516	10.1805931250745	1.89130390302324	5.19869544146053	5.21812527777778	0.00849279316527956		36G1B08	5.6	2	0.156	2023-10-20
E1	0	0.00642572079296451	0	0.0228630737851434	0.693357592103928	0.617498281139172	0.588999722222223	0.00128040342248646		24G4A10	3.2	1	0.015	2023-10-20
E10	0.386497335487805	0.00328137074222006	0.406506702173067	11.710354188812	1.70513100240311	14.0968697672205	14.1201251388889	0.0115675708271655		24G4A10	5.9	1	0.417	2023-10-20
E11	0.369429594427409	0.00418072495686208	0.387831415842589	11.5258695057977	1.78723835214339	13.5394131077064	13.5535002777778	0.0144040053868573		24G4A10	6.2	1	0.403	2023-10-20
E12	0.374967716019429	0.00254948027576596	0.407383882869737	12.2344751399692	1.70145950712925	13.4814022422773	13.5100002777778	0.0114572706883011		24G4A10	6.5	1	0.398	2023-10-20
E13	0.381975696403976	0.00176765583319556	0.398801610657843	13.4680105440228	1.73807517832379	13.2641378500095	13.2938761111111	0.0139518530741018		24G4A10	6.8	1	0.411	2023-10-20
E14	0.360306869958514	0.00606193468619661	0.284984616243524	14.2743128761406	2.43222665734224	12.2039873908477	12.2342502777778	0.0114659352762749		24G4A10	7.1	1	0.377	2023-10-20
E15	0.329988974326882	0.00827989004200871	0.267247307557316	13.6944989916386	2.59365449513944	11.3567376675372	11.3808748611111	0.0115545515365734		24G4A10	7.4	1	0.371	2023-10-20
E16	0.239374080819057	0.00579029573698616	0.282422241195982	13.0915945296351	2.45429388855727	8.38446018035301	8.42800055555556	0.0109746171941794		24G4A10	7.7	1	0.25	2023-10-20
E17	0.254564241868785	0.00779343267306791	0.248206231925603	13.9205956555277	2.7926260158033	8.69582966814599	8.74162472222222	0.0121452926045724		24G4A10	8	1	0.274	2023-10-20
E18	0.278103081033125	0.00666191606152185	0.21179411549418	17.5044441793658	3.27274050529035	8.50797280621157	8.55487541666667	0.0117799236553959		24G4A10	8.3	1	0.291	2023-10-20
E19	0.194621056144782	0.00216394797541336	0.271523885977215	16.5287078824964	2.55280369925948	6.15693693161846	6.26637486111111	0.0171808047440977		24G4A10	8.6	1	0.218	2023-10-20
E2	0	0.00947930018976862	0	-0.350972236337749	0.450005136976546	0.718601540025779	0.685750416666667	0.0015609767620462	questionable fit	24G4A10	3.5	1	0.018	2023-10-20
E20	0.184772205790911	0.00155025933461699	0.273573553661271	17.4442154465306	2.53367758426743	5.67814564111522	5.76899986111111	0.0101142023676796		24G4A10	8.9	1	0.193	2023-10-20
E21	0.20192151259006	0.00146726243443776	0.23254227519689	21.145349432468	2.98073621225675	5.45914189432626	5.55499986111111	0.00843651078163201		24G4A10	9.2	1	0.206	2023-10-20
E22	0.17491520795077	0.0028475947590949	0.181611141266787	22.5834867681085	3.81665560672686	4.4748721385181	4.46962527777778	0.00653456500096172		24G4A10	9.5	1	0.186	2023-10-20
E23	0.173790704387931	0.000656646038864598	0.258017112895207	21.6058396085495	2.68643878997849	4.62079280259834	4.697375	0.00560910655320143		24G4A10	9.8	1	0.178	2023-10-20
E24	0.299251547983017	0.00593893695682274	0.0634463482207526	61.4646694030448	10.924934216044	1.5962603655275	1.57850013888889	0.00372925783509737		24G4A10	10.1	1	0.101	2023-10-20
E3	0.246933502870579	0.00665348245987277	0.290326309874674	12.3539082651627	2.38747628783336	8.82956108003654	8.85825027777778	0.00447672948939667		24G4A10	3.8	1	0.25	2023-10-20
E4	0.292136236348214	0.00445246415528957	0.359868865953085	11.5831197759723	1.92611044226957	10.6860309253409	10.7217505555556	0.00674433011150757		24G4A10	4.1	1	0.303	2023-10-20
E5	0.315635510162007	0.00299392563173207	0.412137157974878	11.2789441585928	1.68183617309798	11.6477879220535	11.6815002777778	0.00628319989566248		24G4A10	4.4	1	0.326	2023-10-20
E6	0.322012393785446	0.00403756057303875	0.382927384601227	11.4025053400332	1.81012695470128	11.8401599991199	11.8482501388889	0.00602963580906933		24G4A10	4.7	1	0.333	2023-10-20
E7	0.351733714644667	0.00449422901677182	0.390210096990657	11.1407177894802	1.77634352853904	13.0250687568486	13.0337504166667	0.0068821482758789		24G4A10	5	1	0.363	2023-10-20
E8	0.360150342085138	0.00694266627474536	0.348571989577446	11.2727655347984	1.98853379297691	13.2809475530833	13.2957506944444	0.011535476680219		24G4A10	5.3	1	0.379	2023-10-20
E9	0.265085435878531	0.0117763979761062	0.239797905910924	12.7962455234934	2.89054726281648	9.33626449331617	9.30600041666667	0.00578220961656498		24G4A10	5.6	1	0.268	2023-10-20
F1	0	0.00572522473211026	0	-0.616463015454624	0.284465891598201	0.336855544800427	0.319	0.00230681552457581	questionable fit	24G4A10	3.2	2	0.01	2023-10-20
F10	0.351845820911407	0.00437753612642425	0.387909506897588	11.2763087224167	1.78687855861945	12.9817527769558	13.0301254166667	0.00820093458239222		24G4A10	5.9	2	0.359	2023-10-20
F11	0.347580783329386	0.00360560478314495	0.404982298642475	11.2550103934887	1.71154932668271	12.8340604367389	12.8597508333333	0.0144102350372183		24G4A10	6.2	2	0.366	2023-10-20
F12	0.354707476183207	0.00185315493519043	0.432144257011513	12.1467904338279	1.60397175089956	12.785718601525	12.8556254166667	0.0177053349536424		24G4A10	6.5	2	0.383	2023-10-20
F13	0.347048112583228	0.000919508448290453	0.457000603814034	12.9775024186303	1.5167314326832	12.2235255007726	12.3217501388889	0.0206356870614711		24G4A10	6.8	2	0.38	2023-10-20
F14	0.339662555831643	0.00470761792802112	0.307904932308822	13.8510739167071	2.25117270893451	11.6532799581348	11.7215002777778	0.0202075019888533		24G4A10	7.1	2	0.379	2023-10-20
F15	0.322493308806811	0.0146241893602639	0.200455024389542	15.2004061851579	3.45786882953336	10.5711628376204	10.5595013888889	0.00851139315195724		24G4A10	7.4	2	0.331	2023-10-20
F16	0.256791724883793	0.00537420671609081	0.270310723948623	14.2262354396671	2.56426075308684	8.70539910440296	8.75212458333333	0.0101405248867813		24G4A10	7.7	2	0.268	2023-10-20
F17	0.186269365846586	0.00862978626844567	0.248915498124686	12.1508582142328	2.78466863566982	6.68032677234473	6.70737513888889	0.0127929252200707		24G4A10	8	2	0.202	2023-10-20
F18	0.166167319949281	0.00806251815995373	0.212713610442395	13.9907934188933	3.25859346338186	5.64692267673413	5.66612486111111	0.00923974187656996		24G4A10	8.3	2	0.195	2023-10-20
F19	0.284835688609388	0.0227197807325634	0.0742891454735763	32.919356439872	9.33039646830355	5.10321104451088	5.07137555555556	0.0132808669642491		24G4A10	8.6	2	0.213	2023-10-20
F2	0	0.00635461806312693	0	0.0183362776929898	0.284077680647519	0.622847860242447	0.589000138888889	0.00147272424563258		24G4A10	3.5	2	0.014	2023-10-20
F20	0.291453500359344	0.0071268839801236	0.111392057997728	33.0925704383219	6.2225906677663	4.78548749491455	4.828625	0.0122948336575397		24G4A10	8.9	2	0.228	2023-10-20
F21	0.474297365229348	0.00984330910896647	0.0807501352227875	47.7283497574182	8.58385163873188	4.06217462553161	4.077875	0.0141753772245148		24G4A10	9.2	2	0.217	2023-10-20
F22	0.16445840582835	0.00637255547381728	0.109358203853128	29.3634822681417	6.33831899334109	3.21949833247607	3.21337527777778	0.00393419684903952		24G4A10	9.5	2	0.147	2023-10-20
F23	0.253031448574588	0.00235873324892103	0.148366678429761	31.4492681150709	4.67185211595939	4.36005587671817	4.41325027777778	0.00439574724926593		24G4A10	9.8	2	0.225	2023-10-20
F24	0.218462568676699	0.00501400447326423	0.0707054361598913	53.0533605109271	9.80330817834829	1.58546390655086	1.57200013888889	0.00297624710692209		24G4A10	10.1	2	0.091	2023-10-20
F3	0.246947587374955	0.00587426168888762	0.292338663686503	12.7062247400838	2.37104176306717	8.74595771677806	8.76437527777778	0.00278194214545522		24G4A10	3.8	2	0.251	2023-10-20
F4	0.287970115449262	0.00267050776346348	0.388332752607214	12.0290426801483	1.78493103120004	10.4106062625152	10.4351251388889	0.00538165973662996		24G4A10	4.1	2	0.298	2023-10-20
F5	0.304800243549302	0.00402261131235853	0.38793535190299	11.1215436677747	1.78675951330488	11.2925239840122	11.3367504166667	0.00560128417314998		24G4A10	4.4	2	0.309	2023-10-20
F6	0.320168430618881	0.00347462255405425	0.389020067346853	11.5995289834999	1.78177744219537	11.7108472598943	11.7341254166667	0.00420717426691106		24G4A10	4.7	2	0.324	2023-10-20
F7	0.319191799232176	0.00513026737769257	0.395508623213105	10.4028860771035	1.75254631600401	12.0529596640525	12.1071252777778	0.00770049970151106		24G4A10	5	2	0.328	2023-10-20
F8	0.328614213328569	0.00422349759773379	0.395763448207778	10.9693937686087	1.7514178828259	12.2253175531197	12.2795006944444	0.0082763225563432		24G4A10	5.3	2	0.337	2023-10-20
F9	0.27067510210492	0.0170957311019742	0.203838586305938	13.2303119557452	3.40047089769164	9.38113121594727	9.36562555555556	0.0040819209399076		24G4A10	5.6	2	0.271	2023-10-20
G1	0	0.00275135142221555	0	-14.9493409040423	22.9399835928996	0.0763862294517665	0.072125138888889	0.000420078117114936	questionable fit (k < n0)	04G2A10	3.2	1	0.004	2023-10-20
G10	0	0.00286499930818053	0	8.94902999837956	1.880074837324	3.15181655666716	3.160625	0.0060222249907353		04G2A10	5.9	1	0.093	2023-10-20
G11	0	0.00368277788580381	0	10.2307930733136	2.42285674089314	2.73757172574265	2.73025013888889	0.00284339140989024		04G2A10	6.2	1	0.078	2023-10-20
G12	0	0.00755764621527352	0	11.9744946474737	4.20806296990542	2.19404755690735	2.18400013888889	0.00269562953603966		04G2A10	6.5	1	0.065	2023-10-20
G13	0	0.00868125476111624	0	28.7093923972882	9.56123249782241	1.63390892703219	1.62825027777778	0.00282676085223573		04G2A10	6.8	1	0.062	2023-10-20
G14	0	0.0066764759658599	0	11.1354608618158	6.53741165276268	0.986897898927512	0.983875138888889	0.00148997937507418		04G2A10	7.1	1	0.03	2023-10-20
G15	0.051	0.0145888195581748	0.021652634674255	595.925024046046	32.0121403694165	1.23964174708961	1.23799986111111	0.00356000437018065		04G2A10	7.4	1	0.051	2023-10-20
G16	0	0.00548865578798334	0	2.96524599191028	1.72202526917535	1.05189474340164	1.05087541666667	0.00311768348124662		04G2A10	7.7	1	0.032	2023-10-20
G17	0	0.0105988959539767	0	22.7753674945	15.3935450981408	0.994199022866449	0.992	0.000930842954904188		04G2A10	8	1	0.031	2023-10-20
G18	0	0.00413360963368898	0	2.52883428198434	1.4670100850959	0.80248769373834	0.802250277777778	0.00286942610983885		04G2A10	8.3	1	0.029	2023-10-20
G19	0	0.00896406289479962	0	6.46584193018071	9.64858169015989	0.827572913855244	0.825625	0.00121774893070245		04G2A10	8.6	1	0.023	2023-10-20
G2	0	0	0	0	0	0	0	0	cannot fit data	04G2A10	3.5	1	0.01	2023-10-20
G20	0.02	0.00628704253783713	0.0235291618178689	619.332054002847	29.4590681098357	0.563458919128367	0.562624861111111	0.00163018849797962		04G2A10	8.9	1	0.02	2023-10-20
G21	0	0	0	0	0	0	0	0	cannot fit data	04G2A10	9.2	1	0.016	2023-10-20
G22	0.012	0.00723964405471042	0.0111212816788974	1054.86513844007	62.326195898373	0.461749175310118	0.460500138888889	0.00103905924187303		04G2A10	9.5	1	0.012	2023-10-20
G23	0.160382413193853	0.000000141649462439852	0.427709591090838	32.5915424387006	1.62060237833837	2.50455070141575	2.64637472222222	0.00600392919188699		04G2A10	9.8	1	0.172	2023-10-20
G24	0	0.00120584706063726	0	0.0148162910073829	0.112055582125828	0.121531813243499	0.1215	0.00268306556580633		04G2A10	10.1	1	0.013	2023-10-20
G3	0.127	0.00695142629994295	0.0619627537030433	315.617603992405	11.186513496186	2.11182022865321	2.13725013888889	0.00447300678207986		04G2A10	3.8	1	0.127	2023-10-20
G4	0.182101438167277	0.00416338544789058	0.11663077180488	32.1965366453427	5.94309005962475	3.1034245192263	3.14087513888889	0.00514925565729958		04G2A10	4.1	1	0.148	2023-10-20
G5	0	0.00521509570840767	0	15.1449203823691	3.97804921158839	2.55619862000376	2.562375	0.00210524154563426		04G2A10	4.4	1	0.081	2023-10-20
G6	0.0873287746226089	0.0075492467925678	0.15065047742265	15.6509237321186	4.6010287681686	2.7947553263644	2.78562472222222	0.00397475717639937		04G2A10	4.7	1	0.095	2023-10-20
G7	0.0907945315115349	0.010047589179569	0.185788700645045	11.2169758720185	3.73083604198419	3.30147740219988	3.29412513888889	0.00399552687220202		04G2A10	5	1	0.101	2023-10-20
G8	0.0956743763816069	0.0101997830919751	0.17543984386804	12.1172743650174	3.95091083802666	3.39213696372462	3.37912513888889	0.00468779242987165		04G2A10	5.3	1	0.103	2023-10-20
G9	0.11888944455029	0.00277874814582294	0.330786805584001	11.2838342805256	2.09544990567626	4.38100549776293	4.38887527777778	0.00264118136540019		04G2A10	5.6	1	0.127	2023-10-20
H1	0	0.00119738337119394	0	1.09437107698711	1.85421422580752	0.137243234966863	0.130625	0.000550844046046255		41G3A07	3.2	1	0.004	2023-10-20
H10	0	0.00087926728507322	0	6.92089829977153	1.33843023234024	1.34225073443839	1.34637486111111	0.00449911031583247		41G3A07	5.9	1	0.038	2023-10-20
H11	0	0.000600835160602235	0	6.33801771832893	1.19951759871675	1.00406136147606	1.002	0.00169640784379905		41G3A07	6.2	1	0.027	2023-10-20
H12	0	0.00129961928352539	0	6.33175783957408	1.60014502849801	0.8964522062274	0.893124722222222	0.00200593150024074		41G3A07	6.5	1	0.03	2023-10-20
H13	0	0.00139577212288387	0	8.00482746508607	2.25996718995729	0.704937406733388	0.701500416666667	0.0011117948694655		41G3A07	6.8	1	0.019	2023-10-20
H14	0	0.0042900329176255	0	0.228361969437629	0.223516457013371	0.622013841818898	0.580875555555556	0.0034543996631034		41G3A07	7.1	1	0.016	2023-10-20
H15	0.138827725707308	0.00176847561863292	0.18533470677971	23.4726428051234	3.73997505704005	3.43150926130651	3.51575111111111	0.00704556813560972		41G3A07	7.4	1	0.133	2023-10-20
H16	0.321938173410821	0.00255222742672571	0.0989598928410064	48.8019299162186	7.00432428391559	2.13435422621247	2.19799986111111	0.00712930277402266		41G3A07	7.7	1	0.141	2023-10-20
H17	0	0.00623504685105086	0	3.33289851632478	3.20929140039411	0.819507573965957	0.818500138888889	0.00227287386771158		41G3A07	8	1	0.024	2023-10-20
H18	0	0.0036446504431887	0	1.4039573614498	1.39179025975451	0.504897279650747	0.504625416666667	0.00176526054120318		41G3A07	8.3	1	0.017	2023-10-20
H19	0	0.00370156019276441	0	0.932629829466095	2.5432892340188	0.382749326135759	0.382375138888889	0.0012791270644869		41G3A07	8.6	1	0.011	2023-10-20
H2	0	0.00458040598484321	0	-20.5280152299582	13.3717295156168	0.167440161206079	0.165374999999999	0.000370247934113255	questionable fit (k < n0)	41G3A07	3.5	1	0.00499999999999999	2023-10-20
H20	0.105080221904621	0.000116244562833009	0.170248762915384	39.974893848005	4.07137866196684	1.00001767019099	1.05524972222222	0.00258331571104739		41G3A07	8.9	1	0.08	2023-10-20
H21	0.130175436429776	0.00033379697610141	0.192040894155638	31.0534790148644	3.60937280368103	2.25563289964749	2.29400041666667	0.00497420350487822		41G3A07	9.2	1	0.125	2023-10-20
H22	0	0.00401180171719089	0	-0.0271357494901756	0.0267931016553459	0.289134978874911	0.277125	0.000882580608723356	questionable fit	41G3A07	9.5	1	0.00800000000000001	2023-10-20
H23	0.08823197627721	0.00000000000000306908019172827	0.736194961040346	42.0943014977713	0.941526656988295	0.540460581893362	0.819750138888889	0.00733414862371634		41G3A07	9.8	1	0.096	2023-10-20
H24	0	0.00138670512233809	0	-14.0914178661745	7.64858884521873	0.0517732065985335	0.0335	0.000764208960119989	questionable fit (k < n0)	41G3A07	10.1	1	0.003	2023-10-20
H3	0	0.00754525650318852	0	11.9387964347426	5.02891856003747	1.63469090822077	1.625625	0.00331047331466263		41G3A07	3.8	1	0.05	2023-10-20
H4	0	0.000367397498352102	0	6.29425491216518	1.0152608040748	1.14657165724739	1.15387513888889	0.00199792159978461		41G3A07	4.1	1	0.031	2023-10-20
H5	0	0.00016929894629584	0	5.82470066957802	0.811410379438084	1.04631212087032	1.05000041666667	0.00174168303498807		41G3A07	4.4	1	0.028	2023-10-20
H6	0	0.000657000557440916	0	5.80808772919353	1.07756539811196	1.19484486165011	1.20137513888889	0.00215099005442649		41G3A07	4.7	1	0.034	2023-10-20
H7	0	0.00255390761267422	0	5.33321612529906	1.48024966907835	1.43414891384824	1.43937513888889	0.00268649299500862		41G3A07	5	1	0.037	2023-10-20
H8	0	0.00734701342384096	0	2.16075388670059	1.28576655251714	1.40707435147245	1.40700027777778	0.00291777440266576		41G3A07	5.3	1	0.045	2023-10-20
H9	0.148726664399883	0.00610886231849777	0.168857840333915	18.6572786748383	4.10491558573325	4.36352924968244	4.346	0.00455266238589055		41G3A07	5.6	1	0.148	2023-10-20
I1	0	0	0	0	0	0	0	0	cannot fit data	16G1A05	3.2	1	0.012	2023-10-20
I10	0.290235158457417	0.00461488689526383	0.441910900826124	9.33531134784755	1.56852247650862	11.2707427061919	11.2997505555556	0.00624934546526906		16G1A05	5.9	1	0.297	2023-10-20
I11	0.320953159910822	0.00624420373187971	0.388860144754139	10.0807312999825	1.78251021584687	12.2197996860235	12.2045004166667	0.0080068340590689		16G1A05	6.2	1	0.331	2023-10-20
I12	0.313356146183131	0.00613801659649549	0.374241327504089	10.4559706997725	1.85213959447697	11.8122399249112	11.8068754166667	0.00983502426404582		16G1A05	6.5	1	0.327	2023-10-20
I13	0.305871438249911	0.00514372616007476	0.405885685453918	10.0235796418841	1.70773990165426	11.6657405236208	11.6768759722222	0.016790061195299		16G1A05	6.8	1	0.323	2023-10-20
I14	0.315000772867545	0.0029397910363552	0.453939213169675	10.2763982163385	1.52696035162941	11.9409448107372	11.9873758333333	0.0202526327888874		16G1A05	7.1	1	0.339	2023-10-20
I15	0.315738935414579	0.00538123533553661	0.387969916057634	10.4513452502208	1.78660033129212	11.9062216112617	11.9845005555556	0.0224596393873307		16G1A05	7.4	1	0.341	2023-10-20
I16	0.257783925458126	0.0111290655280857	0.308520126118634	10.0428774880726	2.2466838364166	9.80064233949902	9.83187527777778	0.0155265252591676		16G1A05	7.7	1	0.275	2023-10-20
I17	0.207167293472838	0.0146798090307785	0.2962884070981	8.68598993337431	2.33943402426287	8.13560589013421	8.13200055555556	0.00400142808498382		16G1A05	8	1	0.209	2023-10-20
I18	0.189401393622852	0.0108613171499329	0.293023910824561	9.55418789723072	2.36549699514094	7.28230128847463	7.27925055555556	0.00460238349612664		16G1A05	8.3	1	0.193	2023-10-20
I19	0.170106353542987	0.0144724006016442	0.223670317988165	10.6194840111398	3.09896810088418	6.32603423530771	6.33512555555556	0.00417321237556778		16G1A05	8.6	1	0.171	2023-10-20
I2	0	0.010601552276919	0	-0.901732313345454	0.926127453457274	0.762476658183018	0.745375138888889	0.000769441256622254	questionable fit	16G1A05	3.5	1	0.017	2023-10-20
I20	0.157417578699129	0.0143190058593286	0.173786986369899	13.2457902949919	3.98848725694919	5.41884488461044	5.41924986111111	0.00284980063435411		16G1A05	8.9	1	0.158	2023-10-20
I21	0.13568769268941	0.0205040280097773	0.118032097945878	14.6223494580077	5.87253122347938	4.39000772167982	4.38487513888889	0.00240001959628523		16G1A05	9.2	1	0.132	2023-10-20
I22	0.148623620223253	0.0177021546304683	0.109809169145791	18.2217140608283	6.31228872736186	4.3339252361193	4.33362527777778	0.00324607694913617		16G1A05	9.5	1	0.143	2023-10-20
I23	0.118385902680627	0.0257945141617208	0.0704948034086719	18.1294824447487	9.83259966754766	3.33811669596451	3.33625	0.00261023857064174		16G1A05	9.8	1	0.104	2023-10-20
I24	0	0.018852474517311	0	21.2834191847893	11.7484922411993	2.19573928677514	2.1955	0.00300949299774676		16G1A05	10.1	1	0.068	2023-10-20
I3	0.160925190622068	0.00608441725943469	0.355078293331172	9.11535969941391	1.95209674479725	6.27299577549102	6.29800027777778	0.00681364748167234		16G1A05	3.8	1	0.169	2023-10-20
I4	0.207724583657978	0.00323711591267634	0.411322145219667	10.0792625838205	1.68516864121131	7.91166331572482	7.95362527777778	0.00835972228161536		16G1A05	4.1	1	0.219	2023-10-20
I5	0.250676087763794	0.00292264834390094	0.45709950662967	9.71329834974121	1.51640325685478	9.64244809633525	9.68775041666667	0.0088768582987135		16G1A05	4.4	1	0.262	2023-10-20
I6	0.267247787696625	0.00283183456035247	0.441846901428416	10.2673543085793	1.56874966944233	10.1322343937839	10.1745002777778	0.00649657582008407		16G1A05	4.7	1	0.276	2023-10-20
I7	0.284232722329708	0.00384541626715192	0.465726468922838	9.20989102080061	1.48831390700877	11.0752938622985	11.1316255555556	0.0114699179112779		16G1A05	5	1	0.298	2023-10-20
I8	0.265215928054553	0.00261118929457953	0.510782615401582	9.02701870081208	1.35702970238129	10.3854135330754	10.4343754166667	0.0122396882514945		16G1A05	5.3	1	0.28	2023-10-20
I9	0.2171274699746	0.0100169099494277	0.303950816127648	9.96535602653704	2.28045836293741	8.26908313613208	8.27075041666667	0.00975295407367238		16G1A05	5.6	1	0.232	2023-10-20
J1	0	0.00916531020875793	0	-9.02441444302364	1.55783085933412	0.434210659652442	0.410125	0.00138778457407568	questionable fit (k < n0)	20G2A05	3.2	1	0.012	2023-10-20
J10	0.23440313707697	0.00280632059170381	0.564389351503651	7.81928957507111	1.22813653148001	9.46146978713272	9.47925055555556	0.00295691564363951		20G2A05	5.9	1	0.236	2023-10-20
J11	0.251381040377162	0.00247079890363584	0.564903724199908	8.16519809794047	1.22701825260875	10.0607817508305	10.0620006944444	0.00596879453060733		20G2A05	6.2	1	0.257	2023-10-20
J12	0.274968396552772	0.00279770288538533	0.526489232799698	8.69463315133771	1.31654578551211	10.858684737433	10.8572505555556	0.00397447883371021		20G2A05	6.5	1	0.28	2023-10-20
J13	0.294654382028663	0.00345073377927164	0.496468907078062	8.93396521567788	1.39615426198475	11.5643090659547	11.5590006944444	0.0076491059933996		20G2A05	6.8	1	0.303	2023-10-20
J14	0.315265482530163	0.00324177404522168	0.509103768566635	8.97058464473092	1.36150471349187	12.3627687425161	12.3882509722222	0.0120333700467182		20G2A05	7.1	1	0.329	2023-10-20
J15	0.331075869946582	0.00291579474061554	0.518776258130547	9.1048096911495	1.33611970420111	12.9393921360675	12.9860006944444	0.0125880480155063		20G2A05	7.4	1	0.35	2023-10-20
J16	0.303675641498956	0.00298375703770282	0.488472226924476	9.44353146238621	1.41901042137881	11.764690920946	11.8091256944444	0.0174781482470195		20G2A05	7.7	1	0.332	2023-10-20
J17	0.25707278728434	0.00409118068464488	0.451859347001834	9.12780317131036	1.53398880682473	10.0364855899189	10.0730008333333	0.0222774710800601		20G2A05	8	1	0.286	2023-10-20
J18	0.225985090241396	0.00596926622309868	0.37178310734006	9.7020961704849	1.86438589294468	8.68474815424154	8.70237541666667	0.0124773353821349		20G2A05	8.3	1	0.24	2023-10-20
J19	0.190808813985657	0.00774375599706369	0.303686808837155	10.4151865175665	2.28244085811323	7.18455198866474	7.18150027777778	0.00430127090844073		20G2A05	8.6	1	0.197	2023-10-20
J2	0	0.00791778586052966	0	0.012650521642149	0.426611031359527	0.764348054847401	0.747250138888889	0.00127133635825774		20G2A05	3.5	1	0.018	2023-10-20
J20	0.143525510007487	0.00569268605365691	0.30592907275011	10.4169875033532	2.26571203033758	5.40452142774824	5.403625	0.00244578596206998		20G2A05	8.9	1	0.148	2023-10-20
J21	0	0.00747594261006725	0	3.77294242562734	1.86464303775579	1.66018197140661	1.660875	0.00326478142035893		20G2A05	9.2	1	0.043	2023-10-20
J22	0	0.00254671462506336	0	7.68583947527361	1.70539869541617	2.44269465031249	2.46375013888889	0.0072485526352681		20G2A05	9.5	1	0.073	2023-10-20
J23	0	0.00917376122889583	0	0.64552971646883	1.27023632800624	1.03514639623633	1.03412555555556	0.00533213420535368		20G2A05	9.8	1	0.035	2023-10-20
J24	0	0.00537668089866412	0	0.635842789987623	1.12843555714233	0.622525491089865	0.622375	0.00589673273028304		20G2A05	10.1	1	0.028	2023-10-20
J3	0	0.0172518522611272	0	7.24621057824438	6.95538140427077	1.96061525814232	1.95662513888889	0.00131177118186161		20G2A05	3.8	1	0.055	2023-10-20
J4	0	0.0114851386091712	0	11.9560998200883	4.45203267752349	3.0173066215452	3.01537527777778	0.0017605581190505		20G2A05	4.1	1	0.088	2023-10-20
J5	0.167038266274704	0.0115436745210198	0.199757396643388	13.0181578683095	3.46994500432627	5.8183609303098	5.82212527777778	0.00178561614197533		20G2A05	4.4	1	0.167	2023-10-20
J6	0.207778886508796	0.00771424395590051	0.259867876513972	12.527797149815	2.66730613209393	7.38273663929118	7.38275041666667	0.00220383529592046		20G2A05	4.7	1	0.21	2023-10-20
J7	0.202720692986882	0.00441182712679836	0.427743370774636	8.89677569717401	1.62047439637619	7.95810610168429	7.97700041666667	0.00458714673712067		20G2A05	5	1	0.214	2023-10-20
J8	0.209432603631803	0.00323021028756794	0.504768656122884	8.23409078273902	1.37319774544638	8.3647041590037	8.38237555555556	0.003997744027007		20G2A05	5.3	1	0.216	2023-10-20
J9	0.153388536878282	0.00628458723127026	0.41512727497666	7.59535569624019	1.66972208848218	6.21355351757312	6.21112555555556	0.00148765633499289		20G2A05	5.6	1	0.155	2023-10-20
K1	0	0.00900000000000001	0	-14.4741764565907	9.13218858490654	0.320598473503037	0.302375	0.00093115799090045	questionable fit (k < n0)	33G4B03	3.2	1	0.00900000000000001	2023-10-20
K10	0.245005540016791	0.00250107576034427	0.543287568280706	8.41966472844449	1.27583847124183	9.74293224291596	9.77950083333333	0.010327074387066		33G4B03	5.9	1	0.269	2023-10-20
K11	0.248433839071847	0.00143746613117027	0.600710681001185	8.56733845818289	1.15387856830629	9.84486752702443	9.87062541666667	0.0115646619324908		33G4B03	6.2	1	0.276	2023-10-20
K12	0.24565783615153	0.0013685610672616	0.555310000546053	9.33639444562677	1.24821663553394	9.54583790691454	9.57687583333333	0.0125206417809589		33G4B03	6.5	1	0.273	2023-10-20
K13	0.247161089756138	0.00272702112528519	0.481217312723669	9.34242315308123	1.44040366427542	9.59954977541205	9.62475111111111	0.0100704844162432		33G4B03	6.8	1	0.264	2023-10-20
K14	0.260560027311073	0.00324407966205381	0.424482793882971	10.3030630886828	1.63292173569477	9.86796699858156	9.91500097222222	0.012138241144828		33G4B03	7.1	1	0.275	2023-10-20
K15	0.249588239239545	0.0060888058521954	0.36740363422916	10.0398098788437	1.88660948336622	9.50873580460247	9.55012611111111	0.0112129000736104		33G4B03	7.4	1	0.26	2023-10-20
K16	0.228570169673523	0.00264667586025543	0.379793658693719	11.7087051270738	1.825062543024	8.33489201390581	8.41212625	0.0117216753875022		33G4B03	7.7	1	0.233	2023-10-20
K17	0.215265246631154	0.00603008556725062	0.317344413124518	11.1761778194594	2.18421107129424	7.95169116528388	8.00850097222222	0.0118149037472444		33G4B03	8	1	0.22	2023-10-20
K18	0.203834323521091	0.00513869272810652	0.28463883342594	12.8407477022559	2.43518135672902	7.19013741743231	7.23637555555556	0.00931727721656605		33G4B03	8.3	1	0.211	2023-10-20
K19	0.173004711575847	0.0120988377954305	0.212717214441584	12.1650246684668	3.25853825408331	6.17645404628152	6.19162569444445	0.00693154189401694		33G4B03	8.6	1	0.177	2023-10-20
K2	0	0.0096434715121822	0	-5.6437757634618	4.92315568162021	0.637849205728771	0.634875	0.000464942384389763	questionable fit	33G4B03	3.5	1	0.015	2023-10-20
K20	0.174298537620477	0.0049034804411488	0.222018555625167	15.9549202828132	3.12202364621354	5.59930055957767	5.64012472222222	0.00822052532475375		33G4B03	8.9	1	0.18	2023-10-20
K21	0.110935829947098	0.0107574797990771	0.175644422971167	12.703795277354	3.946309076228	3.87513820446062	3.89537541666667	0.00931095136906266		33G4B03	9.2	1	0.118	2023-10-20
K22	0.124365174247477	0.00583505470560612	0.178914502461445	16.8308517145325	3.87418108104073	3.8709453161022	3.92050041666667	0.0102175004447788		33G4B03	9.5	1	0.131	2023-10-20
K23	0	0.0181456495755545	0	9.82897726533549	7.10392508191699	2.3111853401907	2.30712527777778	0.00300372374433992		33G4B03	9.8	1	0.069	2023-10-20
K24	0	0.00950425412441486	0	9.82848393008813	5.24322697376079	1.6233304871612	1.62637527777778	0.00381973948364294		33G4B03	10.1	1	0.047	2023-10-20
K3	0.177736943378607	0.0050267109381073	0.379817081817017	9.31198074370153	1.82494999235943	6.89925185912703	6.91600027777778	0.00634778252450133		33G4B03	3.8	1	0.186	2023-10-20
K4	0.238374335192485	0.00487037603663868	0.360626175371825	10.7314114945911	1.92206563998099	8.91903121790769	8.92350041666667	0.00250974765742309		33G4B03	4.1	1	0.241	2023-10-20
K5	0.264275720787522	0.00527057711341203	0.394401207904084	9.87499018119432	1.7574671848584	10.1161191977763	10.1201255555556	0.00308283217872262		33G4B03	4.4	1	0.27	2023-10-20
K6	0.261554557724286	0.0043566344507978	0.404891545990868	10.0721936874719	1.71193295444993	9.96288613883859	9.96950041666667	0.00259890684552465		33G4B03	4.7	1	0.266	2023-10-20
K7	0.263757135629193	0.00522760769592612	0.445947549421071	8.74779145341058	1.55432445241551	10.3952068551342	10.4186255555556	0.00503860859158484		33G4B03	5	1	0.268	2023-10-20
K8	0.245775029862056	0.00268639959791766	0.503995204055588	8.939022071079	1.37530511199764	9.64516907532146	9.66912555555556	0.00567263273496605		33G4B03	5.3	1	0.252	2023-10-20
K9	0.179599506628951	0.00352360972488863	0.475612459159226	8.22398384438592	1.45737809683386	7.17303867575926	7.19362541666667	0.00705561414623992		33G4B03	5.6	1	0.19	2023-10-20
L1	0	0.00376856127299208	0	1.28475267843892	0.780692538531352	0.725215867406054	0.724875138888889	0.00205782739848093		37G1B08	3.2	1	0.02	2023-10-20
L10	0.273397955939135	0.00606064619243527	0.289553635618525	13.0776971891638	2.39384727143658	9.58252648398483	9.59112527777778	0.00946852508942246		37G1B08	5.9	1	0.293	2023-10-20
L11	0.260196722028881	0.00572805773758373	0.273909552459527	13.8505618307003	2.53056957793527	8.91777188198695	8.90475027777778	0.00783792283555981		37G1B08	6.2	1	0.274	2023-10-20
L12	0.245539049787937	0.00550421829606143	0.253551569308941	14.8895520273223	2.73375227946382	8.15842745735938	8.13312527777778	0.00701784795873097		37G1B08	6.5	1	0.259	2023-10-20
L13	0.229919565836843	0.0089535783077823	0.208555165110556	15.372218290933	3.32356755677811	7.50621572648701	7.48025013888889	0.00895088284619958		37G1B08	6.8	1	0.247	2023-10-20
L14	0.218223866647366	0.0095571399292161	0.198904766113022	15.5021416467605	3.48481936408745	7.08899134664806	7.10425041666667	0.00981527397277688		37G1B08	7.1	1	0.228	2023-10-20
L15	0.193526290168633	0.0077772872644364	0.206017642026165	15.4025096477514	3.36450399947745	6.31065108828375	6.34937513888889	0.013747953213633		37G1B08	7.4	1	0.214	2023-10-20
L16	0.172860039136903	0.010531574069694	0.152336496281522	17.9552773769676	4.55010583464512	5.16884903237867	5.17912541666667	0.00678116066740347		37G1B08	7.7	1	0.171	2023-10-20
L17	0.159430832776962	0.0167274525378681	0.107705683220929	19.9034713259823	6.43556737055499	4.41663235368789	4.40925125	0.00318256796212345		37G1B08	8	1	0.149	2023-10-20
L18	0.12653155610378	0.0145631544868919	0.0981467388459068	20.7823719201643	7.06235570035808	3.39670924384492	3.38299986111111	0.00320657615958383		37G1B08	8.3	1	0.122	2023-10-20
L19	0.089739614357167	0.0107576714379973	0.103722453449847	19.2205261945097	6.68271099945688	2.53233091233087	2.51787513888889	0.00366480736642694		37G1B08	8.6	1	0.091	2023-10-20
L2	0	0.0175808087061472	0	22.5156268786427	11.739483173484	2.10647924496313	2.10137513888889	0.00259464261756427		37G1B08	3.5	1	0.069	2023-10-20
L20	0	0.0078172807570707	0	18.01636934	5.87851514777805	2.15793678038574	2.14924958333333	0.00301203256458771		37G1B08	8.9	1	0.079	2023-10-20
L21	0	0.00936079176611372	0	16.0443319244044	5.97665074409558	2.16388207997721	2.16787541666667	0.00284806042966742		37G1B08	9.2	1	0.07	2023-10-20
L22	0	0.00541427403022219	0	16.0388669116713	4.96244038265259	1.77424723055195	1.786125	0.00320491832847293		37G1B08	9.5	1	0.056	2023-10-20
L23	0	0.00492885575075458	0	16.3847402875361	4.99063511676827	1.65085530541455	1.66887555555556	0.00442371213769106		37G1B08	9.8	1	0.053	2023-10-20
L24	0	0.00291798386348719	0	21.3514365751829	5.73747989593159	1.09997588749677	1.125	0.0046228147395657		37G1B08	10.1	1	0.039	2023-10-20
L3	0.262724830042062	0.0153450202246913	0.20643681340524	13.4672386927039	3.35767235080927	9.05078513325638	9.00625041666667	0.0119538438745099		37G1B08	3.8	1	0.278	2023-10-20
L4	0.277429809876527	0.00848974536207665	0.268475965643375	12.8712807897482	2.58178484952606	9.77051242461735	9.75762527777778	0.0072609897386071		37G1B08	4.1	1	0.293	2023-10-20
L5	0.28347615366907	0.00604428289485195	0.305786280849897	12.5135193523764	2.26677004159056	10.0976416577358	10.0975002777778	0.0101190688689413		37G1B08	4.4	1	0.307	2023-10-20
L6	0.28917119877971	0.00591789215143248	0.303741787459773	12.7356899953935	2.28202772610517	10.236957087608	10.2491252777778	0.0111101089460033		37G1B08	4.7	1	0.315	2023-10-20
L7	0.293079378086756	0.00613855117419212	0.318173423447464	12.0836216477151	2.17852004435058	10.5668610791075	10.5893751388889	0.0126391609772641		37G1B08	5	1	0.321	2023-10-20
L8	0.290955570724337	0.00578627731340187	0.301552790507456	12.9250798030177	2.2985931564205	10.2454499819775	10.2678752777778	0.0117928585336572		37G1B08	5.3	1	0.317	2023-10-20
L9	0.174628284405565	0.0140825836337707	0.226223885219973	10.7576607530677	3.06398760628636	6.47457333352552	6.45237541666667	0.00658029445362951		37G1B08	5.6	1	0.181	2023-10-20
M1	0	0.0040099199723615	0	0.0241007154469476	0.156012554698081	0.407013829478804	0.405874861111111	0.00070253059330416		40G3B03	3.2	1	0.01	2023-10-20
M10	0.19950658020747	0.00198498005213018	0.684864309082259	6.71700805611639	1.01209417890207	8.27415910380285	8.31350111111111	0.0138666590601651		40G3B03	5.9	1	0.245	2023-10-20
M11	0.205890718315029	0.00163630624071151	0.695137276504072	6.9438441709861	0.997137118075246	8.49286848402185	8.51425138888889	0.0100455667939837		40G3B03	6.2	1	0.235	2023-10-20
M12	0.218805459104108	0.00148032132679817	0.665242267898901	7.49972698184023	1.04194699285898	8.9042423734696	8.91875097222222	0.0135098475372764		40G3B03	6.5	1	0.259	2023-10-20
M13	0.227793940817512	0.00257233037850622	0.586398915188205	7.62667270830741	1.18204035274772	9.23902219748658	9.25112611111111	0.0110507715057151		40G3B03	6.8	1	0.241	2023-10-20
M14	0.257	0.00250678887451313	0.576456788245564	8.01494865403375	1.20242695496661	10.3244018529571	10.3370011111111	0.0181814703183175		40G3B03	7.1	1	0.283	2023-10-20
M15	0.264162653714877	0.00406845295514516	0.484973911927873	8.57320560107961	1.42924632338374	10.4607123178114	10.5286255555556	0.021927513552103		40G3B03	7.4	1	0.305	2023-10-20
M16	0.232665809085236	0.0095425480205746	0.298328927498055	10.5653978897748	2.32343268342446	8.72473308705526	8.75350041666667	0.0118725441148892		40G3B03	7.7	1	0.249	2023-10-20
M17	0.192488767039169	0.0141788896260391	0.239933566571621	10.5519571305921	2.88891292062312	7.18644528521886	7.20125027777778	0.00830780729243097		40G3B03	8	1	0.201	2023-10-20
M18	0.167548395425951	0.016131971864594	0.194942083413822	11.4866458843547	3.55565698499558	6.06571159983464	6.07737597222222	0.00730419977057962		40G3B03	8.3	1	0.173	2023-10-20
M19	0.155653119446123	0.013229850663797	0.184454172864144	12.883024887602	3.75782867796908	5.42422396945238	5.44975041666667	0.00978835608727404		40G3B03	8.6	1	0.167	2023-10-20
M2	0	0.0118962730684429	0	-19.592095602974	17.0632359636756	0.700168668126719	0.697999861111111	0.00046996793199007	questionable fit	40G3B03	3.5	1	0.016	2023-10-20
M20	0.162505500805945	0.0118707552983998	0.155715127987428	16.316848581065	4.45137983392279	5.11004710175382	5.15262458333333	0.0129042147038274		40G3B03	8.9	1	0.178	2023-10-20
M21	0.113076916481016	0.027853335566767	0.0777044527857422	14.3920380176025	8.920301935221	3.51344998558771	3.50687527777778	0.00458056007303335		40G3B03	9.2	1	0.108	2023-10-20
M22	0.148565787103607	0.0181401113049669	0.105346298046853	18.7256504160718	6.57970136028575	4.25773873275047	4.270625	0.00868533804717505		40G3B03	9.5	1	0.143	2023-10-20
M23	0.094	0.0338745531619479	0.0197107917247903	808.313629812396	35.1658720886473	2.72584810626999	2.72212541666667	0.00676054320705446		40G3B03	9.8	1	0.094	2023-10-20
M24	0.158383232251648	0.0257355769032696	0.0362700122426383	45.211510932533	19.1107512157135	2.49596699255332	2.49012513888889	0.00500438062503153		40G3B03	10.1	1	0.085	2023-10-20
M3	0.117494777917762	0.00451807060135022	0.432945504162654	7.43533907146446	1.60100329925019	4.77954802867759	4.79912555555556	0.00763716169775762		40G3B03	3.8	1	0.13	2023-10-20
M4	0.18528990315957	0.0047412777371207	0.453716412473317	8.02195682188389	1.52771017645457	7.43487482082477	7.45512555555556	0.00644937472998135		40G3B03	4.1	1	0.196	2023-10-20
M5	0.206496181583329	0.00376900791335936	0.516226111684341	7.71958101103365	1.34272010824549	8.35265854115832	8.36962555555556	0.00370670577154016		40G3B03	4.4	1	0.21	2023-10-20
M6	0.211921485437928	0.00542564762723412	0.473562257914738	7.68461363823305	1.46368754894471	8.57547529338832	8.58612569444444	0.0044010631903661		40G3B03	4.7	1	0.218	2023-10-20
M7	0.202275159909092	0.003801783541488	0.582420981326697	6.79093779964073	1.19011368543253	8.37039019135363	8.39900097222222	0.00809158462589575		40G3B03	5	1	0.215	2023-10-20
M8	0.188753027942458	0.00263663102901045	0.652222617350693	6.52671369829962	1.06274631103025	7.86277927501165	7.90087569444445	0.0139229533562658		40G3B03	5.3	1	0.217	2023-10-20
M9	0.17428901407327	0.00622135066483766	0.429961598400782	7.66668380873232	1.61211415888783	7.05060064434276	7.05212555555556	0.00364086174355295		40G3B03	5.6	1	0.182	2023-10-20
N1	0	0.00885260048005898	0	-4.0317398956437	1.38473750074845	0.48095163079453	0.479	0.000190487294178991	questionable fit	04G2A10	3.2	2	0.011	2023-10-20
N10	0.150609060821851	0.00265036222893098	0.215387031899621	18.6744615725625	3.21814723220189	4.43631783709926	4.475375	0.00564683599801475		04G2A10	5.9	2	0.153	2023-10-20
N11	0.100199716173968	0.00109319926481074	0.248544439754199	18.1339268824956	2.78882593891636	3.0088913812729	3.0055	0.00186761413168122		04G2A10	6.2	2	0.103	2023-10-20
N12	0.108759587956052	0.00129324805871302	0.197990628085028	22.3243938121933	3.50090904435269	2.81142257366711	2.803125	0.00128176080239781		04G2A10	6.5	2	0.109	2023-10-20
N13	0.141548733759116	0.000193108664404632	0.275205931824696	23.9667112392388	2.51864912926904	3.43080927870882	3.48037513888889	0.00356553002284079		04G2A10	6.8	2	0.141	2023-10-20
N14	0.131000070705637	0.00158461929313791	0.181715902456787	24.2283891430172	3.81445526334591	3.14130991407021	3.251625	0.00831510679870572		04G2A10	7.1	2	0.126	2023-10-20
N15	0.182147227311218	0.00109620585583604	0.175664408473703	29.0720466761185	3.94586010098745	3.51407797962532	3.684375	0.00965437579653899		04G2A10	7.4	2	0.168	2023-10-20
N16	0	0.0111395741729436	0	3.43614860130816	9.9933229689759	0.935843890288946	0.9335	0.000348011151838909		04G2A10	7.7	2	0.024	2023-10-20
N17	0	0.0145434141492149	0	-2.28554116257367	7.87872107376061	1.09834220392553	1.09525	0.000925741751202046	questionable fit	04G2A10	8	2	0.028	2023-10-20
N18	0	0.0109013619033107	0	-2.58893910050685	10.2851081019673	0.794950679865285	0.792625	0.000495397257681368	questionable fit	04G2A10	8.3	2	0.02	2023-10-20
N19	0	0.00941672617195241	0	0.17304578398849	6.90833806859542	0.784435841279171	0.782875277777778	0.00136413286902203		04G2A10	8.6	2	0.021	2023-10-20
N2	0.09462256005051	0.00876293826648838	0.0869293681777527	26.2532955011469	7.97368248602246	2.12187925147917	2.11887513888889	0.00158759378717562		04G2A10	3.5	2	0.084	2023-10-20
N20	0.014	0.00618544447224727	0.0162487572764223	866.328944173543	42.6584734308101	0.452470318892334	0.451249583333333	0.00102940011733899		04G2A10	8.9	2	0.014	2023-10-20
N21	0	0.0112667817258552	0	-53.0368359014719	38.9807196292144	0.599716046632534	0.597125	0.000633011611447693	questionable fit	04G2A10	9.2	2	0.014	2023-10-20
N22	0.014	0.0113130443485181	0.00434489469658623	2685.3581062538	159.531410762279	0.606655910074543	0.604125	0.000556793006222389		04G2A10	9.5	2	0.014	2023-10-20
N23	0	0.0137948604025705	0	-23.7178306356193	9.25518861892898	0.744839194320387	0.742	0.00101173252270373	questionable fit	04G2A10	9.8	2	0.018	2023-10-20
N24	0	0.00924818307282799	0	-46.2236766064499	13.2559761242248	0.470485608152033	0.468625138888889	0.00080375557315514	questionable fit	04G2A10	10.1	2	0.012	2023-10-20
N3	0.233847098142826	0.0175655520572479	0.0517401039988375	48.5240868179745	13.3967102303374	2.74267144143077	2.72925	0.00477375420079303		04G2A10	3.8	2	0.122	2023-10-20
N4	0	0.00814971518980062	0	18.2769717821432	6.01459492331309	2.19380799300142	2.18725013888889	0.00232239579472267		04G2A10	4.1	2	0.08	2023-10-20
N5	0	0.00888209367300452	0	16.4466952901927	5.78143759126666	2.24275747834179	2.230375	0.00393401504171928		04G2A10	4.4	2	0.081	2023-10-20
N6	0	0.00850350922687839	0	15.7643669459249	5.26582919128388	2.4126553239392	2.40287513888889	0.00455223912015671		04G2A10	4.7	2	0.086	2023-10-20
N7	0	0.00978649557836914	0	13.9118410457087	4.73188090811963	2.84395387240533	2.84175	0.00318309528591783		04G2A10	5	2	0.092	2023-10-20
N8	0	0.00688891315682035	0	13.4470362057403	4.09767909976795	2.52636932794664	2.52375013888889	0.00482111382610587		04G2A10	5.3	2	0.085	2023-10-20
N9	0	0.00540800139256972	0	11.7069760818945	3.1242914352262	2.82247526967436	2.83012513888889	0.00337965695643726		04G2A10	5.6	2	0.085	2023-10-20
O1	0	0	0	0	0	0	0	0	cannot fit data	33G1A03	3.2	1	0.00700000000000001	2023-10-20
O10	0.19977812890774	0.00966172355107286	0.253606030874994	11.7483976240941	2.7331652097091	7.24420292885148	7.20675027777778	0.0105983706181663		33G1A03	5.9	1	0.226	2023-10-20
O11	0.190336911655583	0.00964609215537005	0.239297275913307	12.2451645326201	2.89659453044112	6.80320945060002	6.74850041666667	0.0126081410041496		33G1A03	6.2	1	0.22	2023-10-20
O12	0.209278109424143	0.00896061060180971	0.235436469123153	13.1970430974708	2.9440943586245	7.28767655381923	7.22787541666667	0.0143279531082779		33G1A03	6.5	1	0.243	2023-10-20
O13	0.222233188958843	0.00345604234351385	0.289301969124564	14.3377161443522	2.39592970161049	7.51437544447397	7.48762513888889	0.00716158975175291		33G1A03	6.8	1	0.239	2023-10-20
O14	0.141562668430734	0.00642471231246877	0.199743339725652	15.2502922225283	3.47018920136203	4.63317999349405	4.62437513888889	0.00357179614371612		33G1A03	7.1	1	0.148	2023-10-20
O15	0	0.0132811355551344	0	13.7381419001316	15.5748811859758	1.09935515466198	1.09675055555556	0.0016032493726679		33G1A03	7.4	1	0.032	2023-10-20
O16	0	0.0111828363549472	0	3.72294288857126	21.7266897607357	0.745442750551522	0.743875138888889	0.00171922340909771		33G1A03	7.7	1	0.019	2023-10-20
O17	0	0.0108051634225547	0	13.3882340740465	14.5099454279247	0.925538863028384	0.924375	0.00152298599699617		33G1A03	8	1	0.025	2023-10-20
O18	0.024	0.00806350726615432	0.0220686522043936	688.694945314989	31.4086775277535	0.693276709130696	0.692750138888889	0.00153302797214737		33G1A03	8.3	1	0.024	2023-10-20
O19	0	0.00567474778156626	0	15.9202137365454	9.4495363673289	0.713072120184102	0.712500138888889	0.00109677219301872		33G1A03	8.6	1	0.022	2023-10-20
O2	0	0.00643339804933563	0	16.3613629012677	5.94419699677101	1.53659658381058	1.53975013888889	0.00145196732966621		33G1A03	3.5	1	0.048	2023-10-20
O20	0.018	0.00344136474285045	0.0343862399387988	479.693794424708	20.1576904539031	0.424997833277083	0.428749861111111	0.00223621030705702		33G1A03	8.9	1	0.018	2023-10-20
O21	0.02	0.010550043975176	0.0124356621519582	1048.14975323317	55.7386628946652	0.696622216273845	0.694750138888889	0.00122381188928925		33G1A03	9.2	1	0.02	2023-10-20
O22	0.02	0.0102803084211802	0.00458527707386411	2758.09284697859	151.168003458473	0.554594745171144	0.552125416666667	0.00209411051638728		33G1A03	9.5	1	0.02	2023-10-20
O23	0.015	0.00846166672125436	0.00426156546723673	3030.24870186804	162.650834743457	0.45281080918345	0.451000138888889	0.0014709984700088		33G1A03	9.8	1	0.015	2023-10-20
O24	0	0.0105104337828315	0	-15.1906605788044	12.4464221546014	0.34642465904072	0.335875	0.00153866077791208	questionable fit (k < n0)	33G1A03	10.1	1	0.014	2023-10-20
O3	0.121383569368469	0.00311570335068486	0.383000327287397	9.49476259467516	1.80978221472855	4.69051196917765	4.70962527777778	0.00381645705166661		33G1A03	3.8	1	0.126	2023-10-20
O4	0.127241986181579	0.00437522025746673	0.34889296344671	9.55921744124645	1.98670438552945	4.9045703274883	4.90087527777778	0.00377711646459916		33G1A03	4.1	1	0.135	2023-10-20
O5	0.145569012869904	0.00661373744104585	0.307212595757035	9.9117134114512	2.25624596820937	5.55224657795398	5.53275041666667	0.00635977477725893		33G1A03	4.4	1	0.16	2023-10-20
O6	0.158387504079211	0.00776130248623067	0.282226219802122	10.5080637702582	2.4559985285773	5.94249616642377	5.92037527777778	0.0077193734794517		33G1A03	4.7	1	0.179	2023-10-20
O7	0.177902984864135	0.0109700853427113	0.251616797209105	10.8197064293607	2.75477308450082	6.60596345513771	6.57775027777778	0.0105770739423189		33G1A03	5	1	0.206	2023-10-20
O8	0.16385544814343	0.0080945136299829	0.276710229203128	10.6867601776333	2.50495683717973	6.1175409072353	6.09475027777778	0.00876674061539839		33G1A03	5.3	1	0.188	2023-10-20
O9	0.129441385552905	0.00705081124122364	0.272754338180654	10.4639020556435	2.54128746469598	4.85865899379405	4.84725027777778	0.00279819733277737		33G1A03	5.6	1	0.137	2023-10-20
